  0.00413413133483905  0.01039862880627983  0.01830232705189027  0.02610432763239184
  0.03825535008905045  0.04786162521860911  0.05669907301953102  0.06489476496879794
  0.07269219550467532  0.08142555651180577  0.09471040473441165  0.11013633999190195
  0.12436189692909849  0.13407901192664243  0.14180171544618464  0.14907714023926669
  0.15683130508196966  0.16581806496388610  0.17594365621841287  0.18694633652115458
  0.19733445715733397  0.20536449239925542  0.21351188205025406  0.22410404752217078
  0.23588124096854068  0.24851785520367978  0.26289456763728236  0.27692891001513537
  0.28966803535460611  0.30230852507555922  0.31003681006056233  0.31795727999471579
  0.32590146867511538  0.33406478138753182  0.34451881635683268  0.35699811764311062
  0.37001846253995962  0.38200958239642202  0.39443035362762285  0.40770951744113243
  0.42027452249097946  0.43522491593820856  0.44991368955258998  0.46198117025176638
  0.47161376885238665  0.48072162569880289  0.49148710661719286  0.50139802032236647
  0.51323763317589655  0.52702737690107926  0.54603469104032765  0.55755856483640653
  0.56891771207200614  0.57997930226093786  0.59171882644482421  0.60511103110840070
  0.61964047471818562  0.63322942167778740  0.64282748072985141  0.65199063460367035
  0.66021105810762482  0.66861146182574172  0.67909289412116325  0.68913902740211763
  0.70141131053771000  0.71722951528518109  0.73527090088444480  0.75044997103781874
  0.76113024160744336  0.77157713756921198  0.78227999682649552  0.79030650084587739
  0.79772498009299786  0.80613406515501806  0.81591219617563937  0.82583005806037402
  0.83480866289089228  0.84176386667261804  0.84943721668859773  0.85739578514213100
  0.86527568543886124  0.87230738945548247  0.87749149687574424  0.88127293384700744
  0.88486855330233527  0.88869536033272145  0.89326835006850402  0.90186287549533961
  0.91526194645021652  0.92852492695912048  0.94100156798465517  0.94953831461183913
  0.96050830223684813  0.97160377575130186  0.98511908855608155  1.00000000000000000
  0.00815885555825513  0.00966919354737956  0.01143556895974281  0.01338687877722967
  0.01541442400227654  0.01750342516786188  0.02002018753111530  0.02294153938860711
  0.02602657786994097  0.02939957511775796  0.03291983078640699  0.03629718279906348
  0.03953187197942745  0.04311436473253778  0.04694605686583933  0.05095212546727359
  0.05535910436508236  0.06214171196032507  0.07221596666592783  0.08265131901903018
  0.09307713951200899  0.10526332988624350  0.11698470002112837  0.13041913691692986
  0.14648070715490322  0.16321481814231359  0.17593291482831350  0.18746677338495601
  0.19929823344518929  0.21201980085500838  0.22690836534306208  0.23985673618835276
  0.25430406120995419  0.27012533231068558  0.28514628282173132  0.29888215367792681
  0.31140558563626242  0.32282103149939229  0.33705911083609180  0.35485536939122175
  0.37238531852766582  0.39571435712042075  0.41128205704527826  0.42630016355651462
  0.44139549054399985  0.45540828095146463  0.47488713758993645  0.49683715126229233
  0.51374589759487321  0.52600717380689155  0.53822034027262089  0.55204808091532176
  0.56723828701292567  0.58161110355790457  0.59644481753416545  0.61541089571154717
  0.63412261733082920  0.64773474567130673  0.66125433532768363  0.67431930393819928
  0.68958769308305290  0.70588400699481324  0.72382446723020077  0.74086793388832595
  0.75885734325738030  0.77251516097369322  0.78403479992685743  0.79416107662925428
  0.80357575883036347  0.81535309986076998  0.82853721422026472  0.83750822863479746
  0.84690610715545123  0.85759278947669038  0.86790524847935802  0.88047299533287426
  0.89538617255055686  0.90725147613453250  0.91722006531449540  0.92614144811030485
  0.93415765514556115  0.94387050316312604  0.95016451138122116  0.95590572225492554
  0.96081477914042723  0.96509132865132530  0.96908138685323264  0.97288313695297035
  0.97623251896812968  0.97917863288730167  0.98149387045044711  0.98380910801359256
  0.98637145251439917  0.98898785053458560  0.99145607115096901  1.00000000000000000
  0.00472266059981493  0.00732157079668394  0.01148631155373483  0.01649233542706147
  0.02274391584604022  0.02971944195992754  0.03552858482955461  0.03975582487423542
  0.04399015769356232  0.04827140293034082  0.05444819723144963  0.06143541397082991
  0.07170258789178757  0.08312788096705452  0.09489300354965262  0.10645605645046843
  0.11720239253442727  0.12533689894110248  0.13178215918484115  0.13858990913159699
  0.14592193189485095  0.15389705797139833  0.16519403132950600  0.17581784162362757
  0.18543397922930280  0.19407031333750663  0.20222420688525186  0.21147951819856881
  0.22134091893532545  0.23082812239299338  0.24187332248321011  0.25312949955188663
  0.26297417420355601  0.27330420656248716  0.28572422450540191  0.29889358941383087
  0.31048481518854909  0.32048153866614870  0.33011106675562407  0.34030754757838705
  0.35200862900495306  0.36618780601565504  0.37926344522918665  0.39063874313378566
  0.40178951418707476  0.41334068190271750  0.42158612626456610  0.42945103433884546
  0.43720145678330530  0.44502147479982140  0.45407825965903015  0.46338345099279210
  0.47391074520466836  0.48455932530957108  0.49481130541104523  0.50465326834896806
  0.51382148303715891  0.52556020617411947  0.53863660258742974  0.55178557970984876
  0.56425189914947560  0.57709473141285339  0.58977630858720509  0.60151995072144870
  0.61338354018699648  0.62708693215161670  0.64183478921238457  0.65688713995834636
  0.67091197829540716  0.68426670270341128  0.69704960743047006  0.70900393579754395
  0.72015786762246148  0.73137634896388337  0.74297985468834782  0.75330046786238480
  0.76204961548161365  0.76975939798934889  0.77693859322558056  0.78590032193630510
  0.79715023961626585  0.80704285640267792  0.81480141510085802  0.82178384527758996
  0.83012631271079396  0.84613638983812800  0.86504978228779827  0.88321148932864901
  0.89751722765779252  0.91116320573703402  0.92632163717235261  0.93965591585419617
  0.95247957130861427  0.96620771938598737  0.98111952947725600  1.00000000000000000
  0.00849656953055299  0.00890249809597618  0.00957378202054674  0.01049910796501100
  0.01170018707621504  0.01303288869754315  0.01432452120169749  0.01576779676264135
  0.01734660850323949  0.01914891200277895  0.02187022673567808  0.02621879281242748
  0.03120263413721231  0.03638077661337678  0.04267444185511927  0.04989167444004270
  0.05692729404349020  0.06387464079603519  0.07170345371761301  0.08039840563009464
  0.08981596336374076  0.10191990691028067  0.11891645011653837  0.14038863478055705
  0.15810187127320194  0.17544297568736889  0.19136738908123496  0.20488733286959995
  0.21580107868753221  0.22652195138274031  0.23791335699693109  0.24890310346293026
  0.26111324154399757  0.27591913068337143  0.29359656205727513  0.31154688557836541
  0.33292702693026860  0.35450773202128794  0.37238805587908552  0.38914448459497908
  0.40436097126447762  0.42113775153335109  0.43820444749603360  0.45476704580885813
  0.47086759784252513  0.48258807775951562  0.49675828717509263  0.51144784087034711
  0.52574267073224834  0.54569649815019816  0.57181288591058022  0.59676350803116696
  0.61535920406230149  0.63345265941655593  0.65157533362290265  0.67230223683815327
  0.69786642304816959  0.72199065131468376  0.73924065062876276  0.75543263321058918
  0.77115635619692136  0.78637785253094139  0.80322000565813512  0.82243834321306930
  0.84404048067373327  0.86392201064180962  0.88017631407844510  0.89410397794653707
  0.90690689097737454  0.91796649313085454  0.92763211996079376  0.93616080124372714
  0.94279794061318711  0.94922496055495775  0.95624206502343190  0.96150865803572927
  0.96535068516052902  0.96869887443937097  0.97163035671042741  0.97408177344714242
  0.97627672177128899  0.97833030184019387  0.98006620180821025  0.98144744921180671
  0.98250936374582731  0.98345047972357791  0.98432745342010375  0.98512120674604409
  0.98588235474423325  0.98667498427331723  0.98742731049073751  0.98822964969008664
  0.98902268854100306  0.98969872749150567  0.99021098372369876  1.00000000000000000
  0.00000001096789441  0.00000001147655503  0.00000001185032623  0.00000001212157903
  0.00000001236947060  0.00000001265538687  0.00000001293504981  0.00000001316633968
  0.00000001338797894  0.00000001362488524  0.00000001388693558  0.00000001417812233
  0.00000001447814078  0.00000001476390366  0.00000001499379611  0.00000001522348958
  0.00000001544778434  0.00000001563996831  0.00000001582481092  0.00000001602048065
  0.00000001623310407  0.00000001655171943  0.00000001707156808  0.00000001754022985
  0.00000001799818350  0.00000001848572271  0.00000001903111448  0.00000001960535756
  0.00000002017292103  0.00000002076365019  0.00000002152447553  0.00000002225458711
  0.00000002300192401  0.00000002378051372  0.00000002461012582  0.00000002537250696
  0.00000002627433914  0.00000002726493070  0.00000002827299319  0.00000002923796967
  0.00000003015085475  0.00000003107908161  0.00000003200489026  0.00000003298633201
  0.00000003413657776  0.00000003514150233  0.00000003598114835  0.00000003677647944
  0.00000003765033310  0.00000003864839847  0.00000003975444776  0.00000004087121407
  0.00000004249121832  0.00000004427507035  0.00000004606655105  0.00000004803742598
  0.00000004975735149  0.00000005135632080  0.00000005301942463  0.00000005469189496
  0.00000005707898841  0.00000005955254587  0.00000006275719359  0.00000006655056245
  0.00000007129132782  0.00000007635649743  0.00000008146693460  0.00000008682784256
  0.00000009262479617  0.00000009860558597  0.00000010464128875  0.00000011268068217
  0.00000012311400143  0.00000013876186676  0.00000015522048588  0.00000017383371427
  0.00000020041145725  0.00000023789119880  0.00000027478712380  0.00000031943150173
  0.00000038543903005  0.00000051067548065  0.00000073203687615  0.00000111192329033
  0.00000170087293341  0.00000352163201073  0.00001184142307290  0.00004045080534049
  0.00018022428271340  0.00060245792698889  0.00182893112529972  0.00540620345296357
  0.01425759899298754  0.06403198140298397  0.73040913947026298  1.00000000000000000
  0.00045039533270245  0.00314103663250573  0.00460912171129616  0.00575869137249749
  0.00671759307985578  0.00750962479427399  0.00834501114787667  0.00915636925849612
  0.01005875287414948  0.01095469909358724  0.01177428500318486  0.01254195996860482
  0.01311271107695227  0.01371313206782783  0.01428427015083689  0.01473874563206708
  0.01516297399763392  0.01577343106460319  0.01643006811847120  0.01731832855869008
  0.01832167957996688  0.01935473942672988  0.02049474521720113  0.02160999127825809
  0.02257376308631929  0.02345982577400084  0.02421670035806764  0.02496203532800334
  0.02577405180385832  0.02679758040962306  0.02804010455131490  0.02925895134507548
  0.03031355717126631  0.03124614945700730  0.03216021608164303  0.03321539553079099
  0.03425136835475546  0.03526761369904164  0.03630621020260253  0.03748221107250479
  0.03873648850402470  0.04000244422037853  0.04129806842004848  0.04261632836343138
  0.04390592300887926  0.04525869865561991  0.04688328833063018  0.04837412000440394
  0.04977272114174441  0.05125803898222816  0.05240190702466994  0.05340111678672860
  0.05435032913751462  0.05541163149019694  0.05668077655536879  0.05809240599419602
  0.06035015050274339  0.06312984110051002  0.06575029172894931  0.06825788714118310
  0.07050121218279787  0.07322322786152610  0.07621088576181433  0.07902133786643385
  0.08225501236408179  0.08482679367320188  0.08749308378532256  0.08984481871028238
  0.09198192652706159  0.09422607645980854  0.09721940828162798  0.09984614240599392
  0.10222114513818913  0.10470583413784140  0.10750007125031914  0.11070593481187921
  0.11493505991032006  0.12142462848629823  0.12494507170846036  0.12730816880388854
  0.12974479678372774  0.13307545641773313  0.13560568263446127  0.13810523642497449
  0.14082366268557256  0.14530708981040782  0.14740662353825484  0.14950903225015302
  0.15162291146341708  0.15391732467280339  0.15668968912793835  0.16132743196566426
  0.16926499017998611  0.17702669376867014  0.18685059039369936  1.00000000000000000
 -0.00276230684345676  0.01195691773120363  0.02721777490477299  0.04154626255366655
  0.05572278792655601  0.06940521665490131  0.08093796005265808  0.09075616494873548
  0.09939739458733940  0.10762497155099664  0.11625645259734663  0.12761705388628050
  0.14068730332964816  0.15800816206786358  0.17514491317137870  0.18826251497816346
  0.19798303261622180  0.20502672112839945  0.21145944918434928  0.21855696819999090
  0.22583413664132229  0.23703297317879754  0.24921412638697796  0.25920867318465468
  0.26998220263749900  0.28059816114143205  0.28965707888505399  0.29861860172906141
  0.30666680966603121  0.31258639360521645  0.31845412327594425  0.32414464792424041
  0.32979704485362826  0.33900411944108139  0.34847493139469704  0.35798917809751679
  0.37001053146063217  0.38525873696746538  0.40115386432437244  0.41432769785201484
  0.42433379721874975  0.43416068120176066  0.44334083801884755  0.45512224896269565
  0.46788451676914156  0.48165248868246269  0.49511681657703738  0.50822051974726601
  0.52031530718808972  0.53285795624157617  0.54593220054779934  0.55909704967694906
  0.57008353153084212  0.58013361188087842  0.58965036755747557  0.59959304768582522
  0.61079748994061400  0.62500585702864375  0.64032888996925141  0.65292687250892234
  0.66441590311098231  0.67394646994879082  0.68434051776932492  0.69348877194075398
  0.70259706421497192  0.71248127850423171  0.72150827077788993  0.72962087323429192
  0.73945467507651252  0.74737798274427614  0.75523990500333549  0.76365484393902061
  0.77114517350780887  0.78030888443388724  0.78869661687634607  0.79589445617817656
  0.80297512354622913  0.81118355551132915  0.82336620372947067  0.83461672984212654
  0.84503909044848136  0.85502250055341877  0.86468351756815642  0.87253799441526203
  0.88041030245595542  0.88830000007944232  0.89694330508616416  0.90563607617390929
  0.91664617963212891  0.93137806750403529  0.94618852349368421  0.95693338692789942
  0.96736497037603619  0.97791019195531370  0.98973298769171425  1.00000000000000000
 -0.00269170890889716  0.01149013272539421  0.02281692519575265  0.03438095159107206
  0.04623595634118208  0.05756098307116781  0.07029020891285155  0.08534719746557626
  0.09980898863512602  0.10859125675050924  0.11652198132586468  0.12727096052627213
  0.13525773642118399  0.14271055891460643  0.15056484293486347  0.15581597093121224
  0.15939941862948959  0.16299266767603215  0.16681609799411784  0.17339176866319803
  0.18246545895817384  0.19093260504631979  0.19814619718068163  0.20831984216601629
  0.22121571720299210  0.23384599353398638  0.24461513000832541  0.25400422453626387
  0.26213745837476882  0.27030852791066601  0.27962573299624477  0.29131859280204853
  0.30293245356189530  0.31430475416394876  0.32455886254907707  0.33519854810504079
  0.34671047618974010  0.35898326339241360  0.37460114094809788  0.38862799416624638
  0.40099300159732920  0.41328571212285148  0.42209124694145506  0.43035730183369864
  0.43875787678640493  0.44833925079005493  0.45927363071973293  0.47652119598117509
  0.49415775853963667  0.50982847473233106  0.52499083699437210  0.54056565288919056
  0.54875012508514420  0.55650255364466539  0.56546650551854105  0.57565885309596454
  0.58694052977531674  0.59914190984567151  0.60866998583604792  0.61622559764027163
  0.62346191963198538  0.62979931218787522  0.63870064990906894  0.64798482465050622
  0.65668540860490954  0.66661812019345501  0.67642845171503185  0.68780271563430995
  0.69933656745282202  0.70790906689073818  0.71465918860816946  0.72116467592199274
  0.72839244299611583  0.73881437415425255  0.74971734263660916  0.76036698606218267
  0.77195768579389112  0.78460450358189371  0.79681079802883448  0.80918541355848295
  0.82063198997516595  0.83370025616135335  0.84724536590074395  0.85790878892561384
  0.86617458078306686  0.87350981755968948  0.88379716310701251  0.89649438753641209
  0.90999916845598039  0.92213420635488985  0.93512258299751982  0.94976029348912205
  0.96613389683809059  0.97794885604069437  0.98907837146771449  1.00000000000000000
 -0.00310387214381470  0.00693597633374764  0.01783386469222457  0.02979777398140055
  0.04191804641392589  0.05656374662649635  0.07075470914968682  0.08271247456005909
  0.09454089608686550  0.10598120491351548  0.11638511515090454  0.12841750056646301
  0.13940498765911663  0.14874069302620227  0.15804553451581002  0.16857907064686661
  0.17743078927705397  0.18592555827436855  0.19492893065432965  0.20329940446982364
  0.21175636172433782  0.22210758183752918  0.23271764866014066  0.24155342790616591
  0.24976381847513041  0.25796716987019958  0.26673504695543199  0.27706069826181223
  0.28749280274692968  0.29788191013716386  0.30817031603800032  0.31937356033904868
  0.33034743089530882  0.34021487750422957  0.34641200656489352  0.35300592007439563
  0.36076886418631665  0.36989218475598873  0.38101304710413009  0.39205980771522186
  0.40178467624399355  0.40857848450641326  0.41686974910802443  0.42421346483357297
  0.43198973026693699  0.44128836734651078  0.45011448326167181  0.45791307220409316
  0.46650240074075700  0.47603723457699187  0.48523351213926302  0.49351119078890843
  0.50184732761375561  0.51163504653206371  0.52395614416834713  0.53780724808372526
  0.55039834358387263  0.56142022398412261  0.57085531827674596  0.58072990766651500
  0.59165965353802608  0.60331950634357889  0.61717004943849474  0.63225344949979556
  0.64676510222420791  0.65747689142067789  0.66566151470608192  0.67436158415824232
  0.68310496192667280  0.69374980895052485  0.70526986364037569  0.71798947333271157
  0.73026252648035650  0.74055241606484046  0.75068991444335120  0.76305194397326048
  0.77786744648455619  0.79162721240149569  0.80295122357535398  0.81158027491167617
  0.81875470304990727  0.82650915824524196  0.83697443426221407  0.84729369360959239
  0.86053749470168572  0.87526506470529453  0.88973867469140278  0.90441322536870561
  0.91872516010084826  0.93122851466660050  0.94319995268564372  0.95610170332325461
  0.96979581969717354  0.98081318914469517  0.99069343733360316  1.00000000000000000
 -0.00219976906985157  0.01164653978263451  0.02268982896649268  0.03334297410780747
  0.04456537629088585  0.05488348067235214  0.06315300214825285  0.07132780368032121
  0.08010708511172433  0.09046231329710219  0.10412140718883617  0.11945962003804123
  0.13534394960049698  0.14917542702749989  0.16235652516558216  0.17573074479328624
  0.18767337585411259  0.19839848013829506  0.20996464798009554  0.22201840820127119
  0.23251353358978022  0.24305281734731962  0.25542964003710711  0.26958710935867991
  0.28499839913239500  0.29919984089247648  0.31077892808648949  0.32112087600606382
  0.33152682125440369  0.34275392541068100  0.35344129006973329  0.36135233380749826
  0.36918138147533713  0.37573102133975461  0.38269837680200885  0.39125331017051529
  0.39929086689480653  0.40673176590745391  0.41629635175514101  0.42785677108148573
  0.43451768971560245  0.44348695114437531  0.45274053467995362  0.46179611111496482
  0.47281221974962895  0.48553390415219710  0.49688365524870609  0.50722828472010095
  0.51886410589125398  0.53074549773879143  0.54207591730329863  0.55354208674363303
  0.56234607727593255  0.57050093624404974  0.57771832065098805  0.58656738361149663
  0.59387003857526011  0.60177173191756927  0.61079416689161670  0.62032872564523034
  0.63068693990204006  0.64014825939643605  0.64910626849810538  0.65994529957845649
  0.67329846105209512  0.68645501433169953  0.70028958213812309  0.71389470743819627
  0.72717222571333440  0.73994882216966662  0.75715374908771116  0.77413497115390395
  0.78568934228292830  0.79378267084198528  0.80088262305982427  0.80624138483691588
  0.81164121212734264  0.81976499819136117  0.83138456823713358  0.84460250300254058
  0.85664158186700812  0.86797390034508282  0.87935315726777652  0.88565818578874911
  0.89337854413539419  0.90053878955709643  0.90700439988149517  0.91277796991296267
  0.91887991447759776  0.92816654087969275  0.94122208170011779  0.95417512635194723
  0.96587012255992144  0.97677109758158009  0.98799603415677340  1.00000000000000000
 -0.00200731463580932  0.00905920748769670  0.01817853431528529  0.02601318610924206
  0.03407416124161503  0.04341764454695069  0.05306892676379300  0.06504930751089380
  0.07656250117681090  0.08654619855679324  0.09484409842759743  0.10480085842571756
  0.11488371729718048  0.12335040373280656  0.13509455491573646  0.14727228756272140
  0.15846118470804363  0.16869458507134202  0.17825961722144668  0.18769720036689228
  0.19560994431429440  0.20173717268901956  0.20916842230936375  0.21632135307174524
  0.22386276218843493  0.23257055572069105  0.24115401648820559  0.24948521913837612
  0.25688382801211346  0.26370417048596495  0.27109774268871739  0.28027584579770920
  0.29192848113147729  0.30433227606917579  0.31737730141450232  0.32823678212448049
  0.34030551426324535  0.35478454910852120  0.37398430275630284  0.39247512388355987
  0.40731533940912446  0.42069458198124787  0.43215883337302219  0.44290825693283276
  0.45358548440348784  0.46312873634653612  0.47299941159211389  0.48418722417253690
  0.49633030154721364  0.50644704186689027  0.51531343672572227  0.52458075088077949
  0.53066545358940598  0.53662299009845749  0.54201054492890721  0.54755929690144789
  0.55524127499680187  0.56328249844704581  0.57456116678561642  0.58833527812664577
  0.60223155391170158  0.61724584539846428  0.62985800216845977  0.63875169020334222
  0.64690719472474534  0.65516950350173930  0.66391527791938842  0.67250797053402667
  0.68143256303572808  0.69199381479652378  0.70286087849478762  0.70948279257692370
  0.71581276190639809  0.72172131475954915  0.73064894515860102  0.74209877010802394
  0.75428147232809839  0.76565296001203298  0.77652138220259659  0.78339692572613084
  0.78941619432489851  0.79839560222165162  0.80831547435380768  0.81863048324770127
  0.83024667683313047  0.84521361427459385  0.86247646726138649  0.88512700894937124
  0.90488949851077094  0.92031648660021781  0.93387047175078097  0.94668084176620693
  0.95965693235064564  0.97247410872146556  0.98548240908252194  1.00000000000000000
 -0.00285807278819763  0.01203814043796631  0.02386391765564302  0.03571547349865795
  0.04513323828513097  0.05456151154479244  0.06424233075672435  0.07355891708837486
  0.08215874208872376  0.09082712876391497  0.09997618975587259  0.11025912484971459
  0.12322736126881501  0.13626644577681624  0.14987511628753378  0.16523696392632178
  0.17996272023936039  0.19402389126860015  0.20790226887006591  0.22151497598803258
  0.23366309602614130  0.24295787392318097  0.25186949699092109  0.26066621691454861
  0.26953180485550293  0.28195553464514111  0.29794864548781402  0.31484986928986236
  0.32934120314633936  0.34072547385652713  0.34946656803638798  0.35776602418692610
  0.36666306764043788  0.37627797225519838  0.38534306847733918  0.39391667467616287
  0.40334585176280380  0.41420027874274462  0.42688297852449991  0.44251932343645112
  0.45847830882754304  0.46829555428599551  0.47475059782799817  0.48005321291811326
  0.48589784788249413  0.49326114925124986  0.50032530577398282  0.51056466186870186
  0.52198286843656161  0.53296876661971837  0.54283930903573430  0.55472255718940877
  0.57022065416209233  0.58916531423179763  0.60709033643252885  0.62407608037043449
  0.63308922700641990  0.64216797990888164  0.65161956024678902  0.66439658330500495
  0.67624838858103575  0.68548889686259606  0.69243666972752194  0.69753496787596136
  0.70585062737502691  0.71406070902441365  0.72225016732058189  0.73066174941306206
  0.74340779530256584  0.75348937504865532  0.76302186656150051  0.77201009691591116
  0.78171385252875281  0.79396779916783389  0.80500420576339349  0.81418621213156550
  0.82163057152585151  0.82935920396327745  0.83660729687702773  0.84360264711217436
  0.85339119526229001  0.86322296747331240  0.87267783312862879  0.88480978751607464
  0.89929624549449161  0.91177563100325165  0.92108399525337348  0.92735760104963094
  0.93466267343538445  0.94330228291026930  0.95187086311301250  0.96174587342741868
  0.97246142309206651  0.97938111710102471  0.98897631031611422  1.00000000000000000
 -0.00246724787115538  0.00862634978059994  0.02006147302309836  0.03329889170028294
  0.04531725071003461  0.05576338887495006  0.06514667778148443  0.07438419466031670
  0.08601233446352127  0.09988276427792764  0.11399352078927098  0.12507030059816632
  0.13478670593473380  0.14408260872307604  0.15242654555104002  0.16026841042602308
  0.16795901643859734  0.17536500809381989  0.18175942200699974  0.18890744819339197
  0.19614555150003496  0.20334061986556787  0.21184435399894247  0.22438834097530130
  0.23874035881502409  0.25243424780826329  0.26373416316095744  0.27551964637676801
  0.28438534417495109  0.29107971171303515  0.29674317181751808  0.30204318007158126
  0.30836029370006729  0.31815936437049397  0.33146504396054799  0.34670804797804233
  0.36074095330565359  0.37395099132607773  0.38551756154567929  0.39402473793055964
  0.39946226178260824  0.40486010362228009  0.41065407335589349  0.41733070546851381
  0.43189519724605180  0.44674133337987454  0.45587602832424007  0.46279406800294126
  0.47061100666104172  0.47892688958696383  0.48810775383149074  0.50027497821579991
  0.51302367674493021  0.52402069302839505  0.53578337785888397  0.54787931706017989
  0.56179254525648270  0.57635926235155466  0.59210595442306346  0.60729985380564655
  0.62453126455189301  0.63876314990906879  0.64986582243399504  0.65976716396221957
  0.66953842375806549  0.67913857439908842  0.68783906026497943  0.69651257511478071
  0.70576174223627486  0.71517684102340251  0.72518447764691885  0.73520213006064417
  0.74428386485111520  0.75446299892922242  0.76451938623520854  0.77546764258289613
  0.78696807546783298  0.79916036005413194  0.81083426120651669  0.82067594981296044
  0.82984190833475280  0.83976924879153292  0.85089947204301042  0.86323527984656345
  0.87641469360633928  0.88746801735617864  0.90104527449130645  0.91240743629718712
  0.92340061451948030  0.93472202778499480  0.94874036698062103  0.96221222059962541
  0.97179061460531613  0.98120224378679344  0.99059831537562981  1.00000000000000000
 -0.00417809866323730  0.01350129743751528  0.02789242556778405  0.04146436619544321
  0.05476033516007402  0.06733272862334246  0.07987689694228065  0.09096511166971907
  0.09979764425171957  0.10822405836203926  0.11718312749382616  0.12494538304717140
  0.13230601362141500  0.14211664878482483  0.15597533055748330  0.17067253206907101
  0.18278128932061768  0.19625092702210198  0.21228046524608329  0.23060161986739053
  0.24744304175243059  0.26093232368832303  0.27395897745958142  0.28540678743752407
  0.29697660066924048  0.30973869187604164  0.32235667334431400  0.33246860595422950
  0.34212636626713960  0.35125165516523732  0.35907176474589086  0.36665236653218836
  0.37554429198253469  0.38419568574900503  0.39313540648919398  0.40304182615702105
  0.41300477503571670  0.42236556305984529  0.43096081677724735  0.44133714234888810
  0.45246657626984160  0.46260713449943208  0.47132645597695200  0.48026818141892302
  0.49014477867069839  0.49939985771866674  0.50768644418574416  0.51707098300189358
  0.52665141350868283  0.53468277802473363  0.54489472116766613  0.55469866091281128
  0.56547400324654928  0.57793239693691678  0.58974727491262735  0.59669318332026644
  0.60272409610821620  0.60841884686467984  0.61341577276213943  0.61784111559821586
  0.62448371680109993  0.63136715746580485  0.63870490882981690  0.64649812707084897
  0.65489266718853134  0.66246381010258681  0.66929546648330906  0.67643640557549245
  0.68582356623466434  0.69727869939750187  0.70992272814801294  0.72255645885263786
  0.73590378838927772  0.74843394727737356  0.75865143451044559  0.76755212731527045
  0.77588062415462633  0.78462406754049829  0.79335921953173161  0.80178789025313735
  0.81107464781526206  0.82312776093027096  0.83774910850363860  0.85051061383409821
  0.86341213265539585  0.87623207519571966  0.88834766333316328  0.90395739016873122
  0.91796380642007114  0.93210728398345999  0.94655797889855831  0.96001311052950400
  0.97071077515677962  0.97956936311076948  0.98768547865120426  1.00000000000000000
 -0.00241032302662956  0.00834910203802929  0.01747931813065055  0.02494282538652944
  0.03243805921625623  0.04415613768122885  0.05496639522219056  0.06254979979230640
  0.07011968483357309  0.07927553421969361  0.09231064959880159  0.11055942698618340
  0.12444016966787917  0.13706227777638208  0.14853703651836331  0.15978612062237627
  0.17272085880169946  0.18430344774240612  0.19119834577357914  0.19774965275758091
  0.20376556765313286  0.21163571434557488  0.22395396107596774  0.23587461408309390
  0.24559322108126458  0.25349240268490281  0.26097742527425133  0.26556738845298955
  0.27177532815656946  0.27964245934601561  0.28692396138337101  0.29664173820062711
  0.31004017432980530  0.32143730242114443  0.33225539089095346  0.34439249859473764
  0.35705480175932891  0.37083530889866478  0.38387885435421648  0.39529444509409856
  0.40675778320364603  0.42149464103872164  0.43837028467823730  0.45459427369423139
  0.46886982932206384  0.48219299241509628  0.49493041477483907  0.50634596846271951
  0.51693189483985313  0.52807269365581011  0.54003986556745298  0.55019863322870477
  0.56089825039824293  0.57202882764336094  0.58181135290246955  0.59100191912281197
  0.60046211981989484  0.61062617882357817  0.62038628284673625  0.63153452750569528
  0.64230453789860231  0.65489986999820937  0.66787778400368170  0.67839183363956845
  0.68877435499126216  0.69876132965819304  0.71092327865560145  0.72352588101595861
  0.73580416844897045  0.74882363610816638  0.75845448753677414  0.76599988015394782
  0.77356106119044521  0.78140126916127362  0.78946440716044120  0.80249862434894170
  0.81562043241839299  0.82624518540062020  0.83688319762083208  0.84675623690896773
  0.85706726289444468  0.86532630761550078  0.87177045175263901  0.87809616976672722
  0.88720977716386040  0.89718777723030496  0.90630405655187385  0.91523294853604031
  0.92387834543476055  0.93222323498818072  0.94470608025327929  0.95560375787617136
  0.96542996922864821  0.97415855764097070  0.98666587658344906  1.00000000000000000
  0.07392128098911378  0.07535147840507282  0.07668101024240113  0.07784932504860159
  0.07893951642075310  0.08012075924930293  0.08155978563355921  0.08300398000311435
  0.08461700021852912  0.08636740302717810  0.08830712451551243  0.09032158797037167
  0.09209270373280369  0.09366740964946688  0.09515078922638563  0.09657388258448901
  0.09789586925385979  0.09918109514735038  0.10050973110701976  0.10186805295181821
  0.10320272390218357  0.10443294967430525  0.10555967842925426  0.10669544050664051
  0.10791227986285948  0.10915305151395460  0.11045983257998880  0.11168561463845440
  0.11281432291316779  0.11373905552165203  0.11469192529351259  0.11567000900502833
  0.11667916863390233  0.11810051264391028  0.11961540917090017  0.12129398956289444
  0.12322797983161851  0.12516303936533038  0.12702360086527820  0.12884620951988637
  0.13045926505146022  0.13230811649844063  0.13405820460773335  0.13549182092738329
  0.13673457789973212  0.13797737305799068  0.13931492639823650  0.14081908148417899
  0.14257088417577796  0.14440860366399219  0.14626633721299012  0.14823153434664726
  0.15009694351594699  0.15170777833256419  0.15325295370440403  0.15481559200770550
  0.15635167942598832  0.15788269952506373  0.15894564253555066  0.15995266474063016
  0.16110716271096517  0.16264722230223905  0.16478084274763508  0.16721475868192923
  0.16980512733720685  0.17223563571248190  0.17470367637123549  0.17680080920751273
  0.17852985614378597  0.18024744774049517  0.18199968990568366  0.18395201989130097
  0.18563285530064150  0.18715904835140926  0.18982120765967614  0.19257246417011037
  0.19541001171807168  0.19803635493256433  0.20183221020408637  0.20644954209831623
  0.21110262326274426  0.21578389444833615  0.22052009483045329  0.22622716254278502
  0.23199259653449347  0.23868274123605401  0.24719230113942137  0.25666024189600839
  0.26311477129473360  0.26934587652476355  0.28371733051320369  0.30080853850185058
  0.33180387536025896  0.37914197258570698  0.87915115117512976  1.00000000000000000
 -0.00297240893680021  0.01221105629712256  0.02683542078037784  0.04157951198168527
  0.05659562669237246  0.07197010593108588  0.08707572932700892  0.10406709640675246
  0.12138514879400575  0.13435624320086395  0.14298013040890986  0.15134964668175999
  0.16000080426372443  0.17019166028251684  0.18366792688544864  0.19869743317143979
  0.21136289704349639  0.22252208123491662  0.23267563305075359  0.24512908272703804
  0.25598489404909391  0.26395688061316036  0.27106503302685353  0.27823645970818350
  0.28907215377874551  0.30094421328591464  0.31348112493861452  0.32516152360330075
  0.33639136736282654  0.34728555205756384  0.35853941252298643  0.36952910071835204
  0.37906021381697597  0.38687911183531931  0.39479231982065305  0.40277882010280791
  0.41043335745890480  0.41947722795546588  0.42912469601864311  0.43951773879084743
  0.45003073296048340  0.46002069898261994  0.46876106497749914  0.47657972619380778
  0.48260434063335655  0.49128630996380102  0.50593896003030114  0.51885660523490607
  0.52818712159887382  0.53735014853564922  0.54768358510898874  0.55736427149326639
  0.56875242371875323  0.58158042318927528  0.59385495909208363  0.60358436888699885
  0.61071449779270914  0.61716582756092875  0.62490152202765670  0.63485795106346365
  0.64415602013873818  0.65251842314441832  0.66181072640157179  0.67320014902295600
  0.68913912703210922  0.70362435555240099  0.71802273375688119  0.73222531675575031
  0.74537161192132972  0.75798202145212257  0.76914952531651537  0.77896337632005064
  0.78835814452722330  0.79950766065973988  0.80767259353721887  0.81345905070508662
  0.81957721070600575  0.82607130759878078  0.83571880447402858  0.84770099073421690
  0.86193607187967902  0.87547239575735092  0.88677934238964617  0.89848175106425043
  0.90784415858818146  0.91611137209746762  0.92428504618913943  0.93319562665940126
  0.94223416914771618  0.95037559415345796  0.95866928116623129  0.96577166319042940
  0.97253358767883236  0.98078939174496027  0.99024315201429136  1.00000000000000000
  0.18082586315270105  0.37557674860203633  0.41954161519911548  0.45407568174111468
  0.48001638958262893  0.49928549126237515  0.51606629166330054  0.52413253913045410
  0.53190322231827469  0.54156241415036255  0.55129994080974987  0.56014848975153986
  0.56895909589573102  0.57775104015038026  0.58650212803008084  0.59425284057650318
  0.60106876266146503  0.60834571430045425  0.61588791462928705  0.62293276741067094
  0.62874833082262582  0.63407131277530560  0.64050873687419241  0.64643520442338931
  0.65202270987017619  0.65751821851291370  0.66346426446207485  0.66876451663659364
  0.67343718961728249  0.67830396394723957  0.68379169367459558  0.68886651255363296
  0.69431749097611117  0.69948814276702953  0.70452390403443133  0.70983247469843691
  0.71544254753092140  0.72089951136802499  0.72639454732617847  0.73233035823188652
  0.73778083696456964  0.74249145111836556  0.74564216764022972  0.74864097271852237
  0.75143760377849289  0.75395312879743270  0.75664694012990330  0.75983648942589721
  0.76273844287397030  0.76580959304822083  0.76895564589416965  0.77289004140188677
  0.77700292210421540  0.78129034822870169  0.78565563455716503  0.79019624706808089
  0.79478212708146456  0.79956317417647227  0.80426630663121346  0.80766803447873747
  0.81071288362050276  0.81359173305840160  0.81619628724195792  0.81923112375221863
  0.82236488198795588  0.82551633491797072  0.82857827942442264  0.83178862938466958
  0.83476454241726239  0.83755340854063076  0.83962518437126010  0.84207242461678311
  0.84434391541348930  0.84639315267043413  0.84817029957913581  0.85016784568162962
  0.85262535895995817  0.85504405858170318  0.85804731255226341  0.86169355497859046
  0.86582091742772338  0.87085637381887049  0.87386570016372700  0.87690254697629544
  0.88065102838801224  0.88419761434116095  0.88704023152888467  0.89025824486048999
  0.89421081881958875  0.89824126314153152  0.90420965807107168  0.91263120565309008
  0.92229196366268751  0.93446645242270066  0.95332945134678460  1.00000000000000000
   5.9408827593264459E-013  -1.0000000000000000     
 F F F F F F F F F F F F F F F F F F F F F F F F F F F F F F F F F F F F F F F F F F F F F F F F F F F F F F F F F F F F F F F F F F F F F F F F F F F F F F F F F F F F F F F F F F F F F F F F F F F F F F F F F F F F F F F F F F F F F F F F F F F F F F F F F F F F F F F F F F F F F F F F F F F F F F F F F F F F F F F F F F F F F F F F F F F F F F F F F F F F F F F F F F F F F F F F F F F F F F F F F F F F F F F F F F F F F F F F F F F F F F F F F F F F F F F F F F F F F F F F F F F F F F F F F F F F F F F F F F F F F F F F F F F F F F F F F F F F F F F F F F F F F F F F F F F F F F F F F F F F F F F F F F F F F F F F F F F F F F F F F F F F F F F F F F F F F F F F F F F F F F F F F F F F F F F F F F F F F F F F F F F F F F F F F F F F F F F F F F F F F F F F F F F F F F F F F F F F F F F F F F F F F F F F F F F F F F F F F F F F F F F F F F F F F F F F F F F F F F F F F F F F F F F F F F F F F F F F F F F F F F F F F F F F F F F F F F F F F F F F F F F F F F F F F F F F F F F F F F F F F F F F F F F F F F F F
  <DiscreteSampler_grid>
  grouped_processes
  1 # 1 for a reference and 2 for a running grid.
  10 # Attribute 'min_bin_probing_points' of the grid.
  1 # Attribute 'grid_mode' of the grid. 1=='default',2=='initialization'
  0.0000000000000000 # Attribute 'small_contrib_threshold' of the grid.
  0.5000000000000000 # Attribute 'damping_power' of the grid.
 # binID   n_entries weight   weight_sqr   abs_weight
    10   10   1.773729296597595E-004   1.619992498772550E-007   1.773729296597595E-004
  </DiscreteSampler_grid>
