0.48883E+00 0.47455E-03 0.00000E+01 27575765 0 0 184050 0.37658E+06 0.00000E+01 0.48882E+00 0.00000E+01 0.00000E+01 0
1 0.50446 0.014892 5.9043 241.89 0.50446
2 0.48528 0.0068017 3.9644 195.29 0.48527
3 0.49403 0.0041724 3.3783 181.08 0.49402
4 0.56873 0.075233 26.457 2919.8 0.56872
5 0.47314 0.0067201 4.0172 199.58 0.47313
6 0.49147 0.0043508 3.541 104.15 0.49146
7 0.5335 0.05912 22.163 2306.2 0.5335
8 0.49807 0.007168 4.0705 104.25 0.49806
9 0.49515 0.0044951 3.6314 178.12 0.49514
10 0.5 0.017153 6.8611 285.63 0.49999
11 0.50442 0.0095864 5.3753 230.61 0.50441
12 0.48696 0.0043768 3.5952 114.86 0.48695
13 0.49456 0.022031 8.9093 735.94 0.49455
14 0.48532 0.0065022 3.7895 165.45 0.48531
15 0.49506 0.0040638 3.2835 131.93 0.49505
16 0.46667 0.013293 5.697 224.06 0.46666
17 0.48436 0.0068151 3.9797 163.01 0.48435
18 0.49748 0.0047522 3.8209 371.68 0.49747
19 0.47224 0.014605 6.1853 160.51 0.47223
20 0.47391 0.0074699 4.4582 152.44 0.4739
21 0.48875 0.0044826 3.6687 141.67 0.48874
22 0.48485 0.012295 5.0715 145.98 0.48484
23 0.4847 0.0063398 3.6995 115.34 0.48469
24 0.488 0.0042245 3.4627 176.05 0.48799
25 0.47746 0.013898 5.8216 253.38 0.47743
26 0.48808 0.0071319 4.133 144.49 0.48806
27 0.49261 0.0046974 3.8143 202.5 0.4926
28 0.47984 0.025341 10.562 879.57 0.47983
29 0.50079 0.0099889 5.6417 505.59 0.50078
30 0.4859 0.0043071 3.5457 197.12 0.48589
31 0.52231 0.03608 13.816 1183.5 0.52229
32 0.53946 0.041205 21.604 3233.7 0.53945
33 0.48456 0.0041937 3.4618 172.41 0.48455
34 0.49131 0.01317 5.3614 177.41 0.49129
35 0.49147 0.0068755 3.9569 226.78 0.49147
36 0.48616 0.0036683 3.0182 153.35 0.48615
37 0.48316 0.01271 5.2611 123.56 0.48315
38 0.49537 0.0074632 4.2613 201.14 0.49536
39 0.48576 0.0039231 3.2305 86.7 0.48574
40 0.46938 0.013255 5.6477 146.9 0.46936
41 0.48649 0.007618 4.429 158.04 0.48648
42 0.48584 0.0041202 3.3922 125.99 0.48583
43 0.48833 0.026431 7.6544 183.34 0.48832
44 0.4869 0.013413 5.5095 257.39 0.48688
45 0.47802 0.0059616 3.5274 89.329 0.47801
46 0.49878 0.020955 8.4023 602.79 0.49878
47 0.48826 0.0066057 3.8266 133.15 0.48825
48 0.48596 0.0038997 3.2099 115.4 0.48595
49 0.47394 0.013078 5.5188 171.36 0.47393
50 0.50209 0.0075341 4.2442 118.95 0.50207
51 0.49399 0.0041466 3.3577 107.52 0.49397
52 0.48475 0.025976 7.5782 206.3 0.48474
53 0.50561 0.012375 4.8952 185.02 0.50559
54 0.49559 0.0063833 3.6431 103.56 0.49558
55 0.60235 0.11871 39.415 4711.8 0.60235
56 0.49412 0.0095407 5.4613 349.36 0.4941
57 0.48376 0.0044267 3.6603 149.89 0.48374
58 0.47085 0.015134 6.4283 220.74 0.47085
59 0.48801 0.0081209 4.7067 245.56 0.488
60 0.48547 0.0046924 3.8662 196.61 0.48546
61 0.52637 0.026759 10.167 666.67 0.52636
62 0.48389 0.0096235 5.6252 494.79 0.48388
63 0.4979 0.0048346 3.884 212.54 0.49789
64 0.47183 0.011553 4.8972 97.144 0.47182
65 0.48965 0.0068966 3.9838 153.85 0.48964
66 0.49143 0.0040868 3.3265 134.91 0.49142
67 0.502 0.022612 9.0089 567.05 0.502
68 0.49561 0.0098734 5.6346 359.02 0.4956
69 0.49262 0.0050696 4.1164 286.32 0.49261
70 0.48636 0.01796 7.3854 574.21 0.48634
71 0.48758 0.0062668 3.6353 159.2 0.48756
72 0.49382 0.0040611 3.2896 126.42 0.4938
73 0.48174 0.013887 5.7654 373.93 0.48174
74 0.50746 0.0087811 4.8943 366.83 0.50745
75 0.49126 0.0038167 3.1077 178.45 0.49125
76 0.46778 0.011708 5.0057 208.29 0.46778
77 0.46618 0.0066767 4.0509 245.84 0.46618
78 0.46788 0.0038108 3.2579 168.72 0.46787
79 0.48639 0.012616 5.1876 157.77 0.48637
80 0.50138 0.0066506 3.7518 138.02 0.50137
81 0.49206 0.0040105 3.2602 137.95 0.49204
82 0.51161 0.015194 5.9396 347.89 0.5116
83 0.48593 0.0066542 3.8732 168.69 0.48592
84 0.49823 0.0050817 4.0798 386.83 0.49822
85 0.44939 0.011001 4.8959 130.31 0.44939
86 0.48632 0.0068349 3.9751 195.53 0.48632
87 0.48404 0.0039885 3.2961 126.7 0.48403
88 0.48794 0.012972 5.3171 156.26 0.48793
89 0.48522 0.0064286 3.7473 103.4 0.48519
90 0.48414 0.0042065 3.4755 159.3 0.48413
91 0.5309 0.027322 10.293 848.87 0.5309
92 0.49578 0.0070814 4.04 142.92 0.49577
93 0.4908 0.0041704 3.3988 174.23 0.49079
94 0.51478 0.026441 10.273 760.02 0.51476
95 0.48716 0.0080585 4.6788 247.02 0.48714
96 0.49758 0.0046447 3.7338 235.26 0.49757
97 0.50632 0.016095 6.3576 252.49 0.50631
98 0.49536 0.0065613 3.7464 147.45 0.49535
99 0.49427 0.0040957 3.3146 143.89 0.49426
100 0.53592 0.020991 7.8335 472.13 0.53592
101 0.49079 0.0071426 4.1163 192.32 0.49078
102 0.48764 0.0039039 3.2023 90.205 0.48763
103 0.47277 0.013361 5.6521 124.36 0.47276
104 0.48859 0.0068656 3.9745 211.6 0.48857
105 0.48937 0.0040577 3.3167 120.55 0.48936
106 0.52611 0.021908 8.3284 630.35 0.5261
107 0.48981 0.006955 4.0161 131.66 0.4898
108 0.49544 0.0044713 3.6099 354.23 0.49543
109 0.51808 0.033301 12.856 1103.4 0.51807
110 0.49059 0.010339 5.9606 470.58 0.49058
111 0.49186 0.0044507 3.6195 127.49 0.49184
112 0.50462 0.018811 7.4555 439.41 0.50461
113 0.49206 0.0072565 4.1711 193.09 0.49205
114 0.48547 0.0041638 3.4307 200.66 0.48546
115 0.48603 0.018157 7.4716 334.27 0.48603
116 0.49019 0.0078683 4.5401 125.66 0.49018
117 0.48356 0.0041186 3.4069 139.03 0.48354
118 0.52014 0.021693 8.3412 369.37 0.52013
119 0.48766 0.0084772 4.9168 279.11 0.48765
120 0.48701 0.0054291 4.4591 570.65 0.487
121 0.48493 0.012501 5.156 208.8 0.48492
122 0.49037 0.0063287 3.6504 138.61 0.49035
123 0.48713 0.0042046 3.4526 288.32 0.48712
124 0.50323 0.013832 5.4973 332.79 0.50322
125 0.48034 0.0065206 3.8396 227.15 0.48032
126 0.48985 0.0043662 3.5653 167.33 0.48984
127 0.49146 0.013942 5.6738 216.39 0.49145
128 0.48977 0.0080145 4.6284 332.4 0.48975
129 0.4891 0.0040511 3.3131 183.43 0.48909
130 0.49477 0.01471 5.9464 388.82 0.49477
131 0.49874 0.0093722 5.3151 436.24 0.49873
132 0.49025 0.0040715 3.322 185.88 0.49024
133 0.47751 0.0068906 4.0815 89.562 0.47749
134 0.49912 0.0056015 4.4891 452.49 0.49911
135 0.48721 0.0030286 3.5165 394.89 0.48719
136 0.47936 0.017541 7.3186 479.3 0.47935
137 0.47794 0.006677 3.9514 184.25 0.47793
138 0.48748 0.0044394 3.6427 172.7 0.48747
139 0.46869 0.012489 5.3293 208.82 0.46869
140 0.49898 0.0078527 4.4512 199.55 0.49897
141 0.49074 0.0041585 3.3895 139.47 0.49073
142 0.48478 0.013198 5.4447 213.95 0.48477
143 0.4818 0.0067032 3.9351 168.23 0.48179
144 0.49417 0.0041328 3.3452 144.44 0.49416
145 0.47138 0.011924 5.0593 174.34 0.47136
146 0.48898 0.0064796 3.748 116.7 0.48897
147 0.48572 0.0036993 3.0464 73.775 0.48569
148 0.50255 0.022891 9.1097 523.64 0.50254
149 0.50185 0.0092534 5.2152 189.36 0.50184
150 0.48928 0.0051442 4.2055 293.19 0.48927
151 0.48844 0.0094468 5.4705 320.85 0.48843
152 0.50103 0.0055292 4.4142 326.97 0.50102
153 0.48896 0.0030836 3.5675 327.82 0.48895
154 0.4868 0.014461 5.9413 252.63 0.48679
155 0.48932 0.0069171 3.9983 215.88 0.48931
156 0.49042 0.0040481 3.3017 104.28 0.49041
157 0.49214 0.01401 5.6935 194.38 0.49213
158 0.48393 0.0066337 3.8773 235.31 0.4839
159 0.48206 0.0037848 3.1406 108.56 0.48205
160 0.54217 0.053835 14.043 890.11 0.54216
161 0.46257 0.0097774 4.2274 88.033 0.46256
162 0.49038 0.0058637 3.3821 125.12 0.49037
163 0.50557 0.019664 7.7788 482.47 0.50556
164 0.49175 0.011392 6.5526 716.62 0.49175
165 0.48377 0.0041655 3.4442 173.78 0.48375
166 0.49244 0.0074732 4.2924 273.05 0.49243
167 0.49253 0.0064123 5.2077 766.13 0.49252
168 0.49143 0.0028418 3.2712 230.23 0.49142
169 0.48668 0.011658 4.7909 140.62 0.48667
170 0.49027 0.0073706 4.2522 166.41 0.49026
171 0.48915 0.004417 3.612 225.21 0.48913
172 0.45846 0.014505 6.3277 200.07 0.45845
173 0.48907 0.010217 5.9089 470.77 0.48906
174 0.49212 0.0044649 3.6291 156.99 0.49211
175 0.49318 0.0090881 5.2121 249.5 0.49317
176 0.48033 0.0054724 4.5572 338.75 0.48032
177 0.49475 0.0036134 4.1314 497.4 0.49474
178 0.51779 0.020574 7.9467 632.33 0.51778
179 0.49584 0.0070025 3.9945 202.82 0.49583
180 0.48715 0.0040618 3.3351 143.58 0.48714
181 0.49284 0.010762 4.3671 94.53 0.49283
182 0.48171 0.0061151 3.5905 115.82 0.4817
183 0.49359 0.0054621 4.4264 605.95 0.49359
184 0.46158 0.018615 8.0659 272.17 0.46157
185 0.47996 0.0083305 4.9092 157.69 0.47995
186 0.49657 0.0050536 4.0708 195.52 0.49656
187 0.48389 0.014465 5.9784 184.74 0.48389
188 0.48935 0.0066151 3.8235 129.53 0.48934
189 0.49075 0.0042684 3.479 160.54 0.49074
190 0.47976 0.011284 4.704 189.75 0.47975
191 0.49518 0.0067341 3.8465 136.3 0.49517
192 0.49265 0.0039301 3.191 165.82 0.49264
193 0.49088 0.012905 5.2581 197.15 0.49087
194 0.49337 0.0064247 3.6832 103.55 0.49335
195 0.4914 0.0042034 3.4216 116.46 0.49139
196 0.49124 0.0089494 5.1529 303.49 0.49122
197 0.49869 0.006757 5.4198 796.23 0.49868
198 0.49169 0.0033478 3.8516 593.53 0.49167
199 0.48452 0.0086846 5.0697 268.39 0.48451
200 0.50575 0.011719 9.2689 1381.8 0.50574
201 0.49289 0.0030072 3.4514 254.18 0.49288
202 0.48167 0.041781 12.267 579.2 0.48165
203 0.47499 0.013528 5.6963 259.46 0.47498
204 0.47933 0.0058917 3.4766 81.057 0.47931
205 0.51152 0.016564 6.4762 381.91 0.5115
206 0.49808 0.0070496 4.0032 224.65 0.49806
207 0.48653 0.0038971 3.204 145.52 0.48652
208 0.47792 0.014988 6.2723 385.31 0.47792
209 0.48975 0.0077665 4.4853 179.79 0.48974
210 0.47702 0.0036813 3.0869 78.335 0.47702
211 0.47951 0.011637 4.8538 136.03 0.4795
212 0.49084 0.0069143 3.9843 111.76 0.49083
213 0.48562 0.0043209 3.5591 267.52 0.48561
214 0.46695 0.010558 4.5221 133.52 0.46694
215 0.49462 0.0091842 5.2519 469.74 0.49461
216 0.48758 0.0042083 3.4524 212.44 0.48756
217 0.46337 0.011069 4.7778 141.43 0.46336
218 0.49544 0.0073128 4.1748 170.99 0.49542
219 0.49062 0.0040611 3.311 180.87 0.49061
220 0.45526 0.026704 8.2953 167.03 0.45526
221 0.50289 0.015874 6.3132 361.41 0.50288
222 0.49026 0.0066423 3.8321 110.34 0.49025
223 0.51927 0.038771 14.933 1467.7 0.51926
224 0.48299 0.0065421 3.8311 154.68 0.48298
225 0.48479 0.0040911 3.3755 120.59 0.48478
226 0.47305 0.019111 5.7135 118.18 0.47304
227 0.47878 0.010405 4.3466 166.45 0.47876
228 0.49283 0.0060573 3.4763 174.33 0.49282
229 0.47854 0.014329 5.9885 191.6 0.47853
230 0.48349 0.0071203 4.1654 117.43 0.48349
231 0.49283 0.0046109 3.7423 180.49 0.49282
232 0.50405 0.024824 9.85 828.36 0.50404
233 0.49821 0.0081737 4.6403 297.35 0.4982
234 0.48926 0.0042606 3.4833 184.5 0.48925
235 0.52399 0.021318 8.1368 582.94 0.52398
236 0.49052 0.0094673 5.459 367.43 0.49051
237 0.48974 0.0040558 3.3127 112.8 0.48972
238 0.51044 0.022489 8.8118 628.74 0.51043
239 0.49735 0.0097231 5.5295 384.86 0.49734
240 0.49141 0.0044548 3.6261 129.21 0.4914
241 0.4999 0.012189 4.8768 154.35 0.49989
242 0.49452 0.0068518 3.9189 215.16 0.49451
243 0.49047 0.0038743 3.1596 165.66 0.49046
244 0.46784 0.012149 5.1935 126.31 0.46783
245 0.46999 0.0093872 5.6492 580.61 0.46998
246 0.47042 0.003763 3.1997 129.87 0.47041
247 0.49911 0.013376 5.3602 238.07 0.4991
248 0.49501 0.0061868 3.5351 108.85 0.495
249 0.48451 0.0037472 3.0936 160.24 0.4845
250 0.49119 0.029289 8.4327 294.78 0.49119
251 0.52146 0.031414 12.049 1168.6 0.52145
252 0.48155 0.0059803 3.5126 112.68 0.48154
253 0.4903 0.012305 5.0195 160.09 0.49029
254 0.48687 0.0065622 3.8122 205.32 0.48686
255 0.49101 0.0040044 3.2621 95.894 0.49101
<lo_statistics>
<cumulated_time> 2398.26251 </cumulated_time>
</lo_statistics>