  0.10874938894246620  0.14962889870294679  0.15342446407256030  0.15722002944217384
  0.16101559481178737  0.16481116018140091  0.16889824316781560  0.17326413873714100
  0.17763003430646640  0.18199592987579180  0.18636182544511723  0.23142104464322202
  0.23960874694997372  0.24779644925672542  0.25598415156347709  0.26417185387022879
  0.27235955617698049  0.28054725848373230  0.28873496079048405  0.34931614787634852
  0.43912153426098988  0.52892692064563129  0.61873230703027282  0.62834665574279414
  0.63194440545064456  0.63554215515849488  0.63913990486634531  0.64273765457419574
  0.64633540428204617  0.64993315398989659  0.65353090369774702  0.65712865340559745
  0.66072640311344788  0.66432415282129831  0.66792190252914874  0.67151965223699916
  0.67511740194484959  0.67871515165270002  0.68231290136055034  0.68591065106840077
  0.72962539255817260  0.73449138437212014  0.73935737618606767  0.74422336800001510
  0.74908935981396263  0.75081974987163402  0.75182823066932314  0.75283671146701225
  0.75384519226470137  0.75485367306239060  0.75586215386007971  0.75687063465776883
  0.75787911545545794  0.75888759625314706  0.75989607705083617  0.76090455784852529
  0.76191303864621440  0.76292151944390352  0.76393000024159263  0.76493848103928186
  0.76594696183697097  0.76695544263466009  0.76796392343234920  0.76897240423003832
  0.76998088502772744  0.77095345085639511  0.77172980335744445  0.77250615585849380
  0.77328250835954315  0.77405886086059250  0.77483521336164185  0.77561156586269120
  0.77638791836374055  0.77716427086479001  0.77794062336583936  0.77871697586688871
  0.77949332836793805  0.78026968086898740  0.78104603337003675  0.78182238587108610
  0.78259873837213545  0.78337509087318480  0.78415144337423415  0.78492779587528350
  0.78570414837633284  0.78648050087738219  0.78725685337843154  0.78803320587948089
  0.78880955838053035  0.78958591088157970  0.79036226338262905  0.79113861588367840
  0.82038922723071006  0.91019461361535148  0.92699550509886941  1.00000000000000000
  0.02596249724112652  0.19257670011388967  0.19765340022777936  0.20273010034166902
  0.20780680045555869  0.21350445217567307  0.21927395871325198  0.22504346525083088
  0.25046968033774014  0.25632707345148387  0.26218446656522759  0.26804185967897126
  0.27389925279271504  0.27975664590645877  0.28561403902020255  0.29147143213394633
  0.29732882524769005  0.30318621836143372  0.30904361147517745  0.35412503945200507
  0.41888600790459618  0.42466388690666534  0.43044176590873445  0.43621964491080362
  0.44199752391287273  0.44777540291494183  0.45355328191701100  0.45933116091908011
  0.46510903992114933  0.47088691892321849  0.47666479792528771  0.53674284712488407
  0.54288060081727718  0.54415639598257759  0.54543219114787789  0.54670798631317818
  0.54798378147847848  0.54925957664377878  0.55053537180907908  0.55181116697437949
  0.55308696213967978  0.55436275730498008  0.55563855247028038  0.55691434763558068
  0.55819014280088097  0.55946593796618127  0.56074173313148168  0.56201752829678198
  0.56329332346208227  0.56456911862738257  0.56584491379268287  0.56712070895798317
  0.56839650412328346  0.56967229928858387  0.57094809445388417  0.57222388961918447
  0.57349968478448476  0.57477547994978506  0.57605127511508536  0.57732707028038566
  0.57860286544568607  0.57987866061098636  0.58115445577628666  0.58243025094158696
  0.58370604610688726  0.58498184127218755  0.58625763643748796  0.58753343160278826
  0.58880922676808856  0.59008502193338896  0.59136081709868926  0.59263661226398956
  0.59391240742928986  0.59518820259459027  0.59646399775989056  0.59773979292519086
  0.59901558809049116  0.60029138325579157  0.60156717842109186  0.60284297358639216
  0.60411876875169257  0.70190099105128323  0.80344774384405393  0.87627073310911407
  0.88057281633655438  0.88487489956399468  0.88917698279143509  0.89347906601887539
  0.89692639892734582  0.89934062048039476  0.90175484203344369  0.90416906358649252
  0.90658328513954145  0.90899750669259027  0.90943052132481050  1.00000000000000000
  0.02961355989822257  0.04557136706648907  0.04947606746631138  0.05338076786613370
  0.05728546826595602  0.06119016866577835  0.06551486384968588  0.07005156292068634
  0.07458826199168679  0.07912496106268724  0.08377282652199140  0.08984558189421210
  0.09591833726643278  0.10199109263865348  0.10806384801087414  0.11413660338309477
  0.12020935875531540  0.12628211412753601  0.13235486949975664  0.13842762487197727
  0.14450038024419790  0.19138845020810411  0.20144848028331702  0.21019866947011978
  0.21610868251428744  0.22201869555845513  0.22792870860262279  0.23383872164679043
  0.23974873469095803  0.24565874773512564  0.25163636289549873  0.25780105427804728
  0.26396574566059589  0.27013043704314449  0.36453359494732174  0.47029244996594410
  0.57605130498456636  0.66686093114841671  0.66821763192439365  0.66957433270037059
  0.67093103347634742  0.67228773425232435  0.67364443502830129  0.67500113580427823
  0.67635783658025517  0.67771453735623211  0.67907123813220904  0.68042793890818587
  0.68178463968416281  0.68314134046013975  0.68449804123611668  0.68585474201209362
  0.68721144278807056  0.68856814356404750  0.68992484434002432  0.69128154511600126
  0.69263824589197820  0.69399494666795514  0.69535164744393207  0.69670834821990901
  0.69806504899588595  0.69942174977186289  0.70077845054783972  0.70213515132381665
  0.70349185209979359  0.70484855287577053  0.70620525365174747  0.70756195442772440
  0.70891865520370134  0.71027535597967828  0.71163205675565522  0.71298875753163216
  0.71434545830760909  0.71570215908358603  0.71705885985956297  0.71841556063553991
  0.71977226141151684  0.72112896218749378  0.72248566296347072  0.72384236373944766
  0.72519906451542460  0.72655576529140153  0.72791246606737847  0.73715685987488544
  0.84291571489350781  0.94867456991213006  0.96246326074085364  0.96700827611668816
  0.97155329149252267  0.97609830686835719  0.98043780119888035  0.98435024095910428
  0.98826268071932810  0.99217512047955203  0.99608756023977585  1.00000000000000000
  0.03655418770435542  0.08430536620042117  0.08527739906750909  0.08624943193459700
  0.08722146480168491  0.08819349766877282  0.08916553053586074  0.09013756340294865
  0.09110959627003656  0.09208162913712448  0.09305366200421239  0.09402569487130032
  0.09499772773838823  0.09596976060547614  0.09694179347256406  0.09791382633965197
  0.09888585920673988  0.09985789207382778  0.10082992494091571  0.10180195780800362
  0.10277399067509153  0.10374602354217945  0.10488073622835042  0.10613955377557194
  0.10739837132279344  0.10865718887001494  0.10991600641723645  0.11117482396445795
  0.11243364151167946  0.11369245905890096  0.11495127660612248  0.11621009415334398
  0.11746891170056548  0.11872772924778698  0.11998654679500849  0.12124536434222999
  0.12250418188945150  0.12376299943667300  0.12686909385348041  0.15069826157582827
  0.15660120836398206  0.16250415515213582  0.16840710194028957  0.17431004872844327
  0.18021299551659700  0.18611594230475070  0.19201888909290440  0.19792183588105811
  0.20382478266921183  0.23380846779650938  0.29625782152029118  0.30616312006234597
  0.31606841860440082  0.32597371714645562  0.33587901568851047  0.34578431423056538
  0.37074787406958853  0.47859266836113357  0.52448010996158512  0.53047494411884688
  0.53646977827610876  0.54246461243337052  0.54845944659063228  0.55445428074789405
  0.56044911490515581  0.56644394906241757  0.57243878321967934  0.57843361737694099
  0.60303409468878133  0.62884064551814289  0.63366364254067942  0.63848663956321594
  0.64330963658575246  0.64813263360828899  0.65295563063082562  0.65777862765336215
  0.66260162467589878  0.66742462169843531  0.67224761872097183  0.67707061574350846
  0.68189361276604499  0.68671660978858151  0.77782776995881864  0.88567256425036367
  0.93977113130577883  0.94414352041615723  0.94851590952653553  0.95288829863691393
  0.95726068774729234  0.96116034962034158  0.96490634234280903  0.96865233506527659
  0.97239832778774404  0.97614432051021160  0.98325572561416441  1.00000000000000000
  0.00000140278652044  0.00000218632771299  0.00000229939112486  0.00000241245453672
  0.00000252551794859  0.00000266464479422  0.00000282680368088  0.00000298896256754
  0.00000315112145420  0.00000705895662199  0.00002323094436745  0.00004652532633967
  0.00005209888763650  0.00005841211937773  0.00006534406590519  0.00007332943194346
  0.00008195082858746  0.00019626608588051  0.00065010875243760  0.00214403479608908
  0.00293606802810607  0.00314811758798231  0.00336016714785855  0.00360316815055809
  0.00386689831013672  0.00413062846971534  0.00442103881914864  0.00474904514517902
  0.00507705147120941  0.00535023960882330  0.00544121990530587  0.00553220020178844
  0.00562318049827101  0.00571416079475359  0.00580514109123616  0.00589612138771873
  0.00598710168420130  0.00607808198068387  0.00616906227716644  0.00626004257364901
  0.00635102287013158  0.00644200316661415  0.00653298346309673  0.00662396375957930
  0.00673612735338290  0.00684928131665385  0.00696243527992481  0.00707558924319577
  0.00718874320646673  0.00730189716973769  0.00741505113300865  0.00752820509627961
  0.00764135905955057  0.00775451302282153  0.00786766698609249  0.00798082094936345
  0.00809397491263441  0.00820712887590537  0.00833901911641999  0.00847975090010217
  0.00862048268378434  0.00876121446746652  0.00890194625114870  0.00904267803483088
  0.00918340981851305  0.00932414160219523  0.00946487338587741  0.00960560516955959
  0.00974633695324176  0.00988706873692394  0.01002780052060612  0.01016853230428830
  0.01667393104492454  0.02068927957967828  0.02181688054853814  0.02294448151739800
  0.02407208248625786  0.02536260545641845  0.02676502470044794  0.02816744394447743
  0.02956986318850692  0.03108496612491480  0.03282918219987339  0.03457339827483197
  0.03631761434979057  0.04131714570706670  0.11427334330336630  0.12304841971924760
  0.13182349613512889  0.14061361954366230  0.15023408800276430  0.15985455646186633
  0.16947502492096833  0.18484581706061054  0.18484581706062053  1.00000000000000000
  0.01252079258887214  0.01390189616668242  0.01434229161973664  0.01480202412265965
  0.01521607811208418  0.01548458538647330  0.01575309266086242  0.01602159993525154
  0.01629010720964065  0.01655861448402977  0.01683222684981160  0.01711397304784245
  0.01739571924587329  0.01765798958560990  0.01789730305433075  0.01813661652305161
  0.01837592999177247  0.01862519687365649  0.01887630984667771  0.01912742281969893
  0.01938136006404935  0.01964485432350998  0.01990834858297060  0.02017184284243122
  0.02410456003213931  0.02586240394716771  0.02595805803398423  0.02605371212080075
  0.02614936620761727  0.02624502029443379  0.02634067438125031  0.02643632846806683
  0.02653198255488336  0.02662763664169988  0.02672329072851640  0.02681894481533292
  0.02691459890214944  0.02701025298896596  0.02710810420941718  0.02720847458242842
  0.02730884495543966  0.02740921532845090  0.02750958570146214  0.02760995607447338
  0.02771032644748462  0.02781069682049586  0.02791106719350710  0.02801143756651834
  0.02811180793952958  0.02821217831254082  0.02831254868555206  0.02841377187170591
  0.02851909107043225  0.02862441026915859  0.02872972946788492  0.02883504866661126
  0.02894036786533760  0.02904568706406394  0.02915100626279027  0.02925632546151661
  0.02936164466024295  0.02946696385896928  0.02957228305769562  0.02967760225642195
  0.02978292145514829  0.03458041836973402  0.03500723975633702  0.03543406114294002
  0.03586088252954302  0.03629591650688341  0.03674378259612529  0.03719164868536716
  0.03763951477460904  0.03809651551877178  0.03856646393323437  0.03903641234769697
  0.03950636076215957  0.04500112081301983  0.05966279935493316  0.07807981030570935
  0.07937459677511620  0.08066938324452305  0.08195660104850724  0.08315307187666417
  0.08434954270482109  0.08554601353297801  0.10476265118007777  0.13888071937007052
  0.14552340452652990  0.14552340452653989  0.14552340452654988  0.14552340452655987
  0.14552340452656987  0.14552340452657986  0.14552340452658985  1.00000000000000000
  0.07947158416112259  0.41987893417157873  0.42309120167649067  0.42630346918140266
  0.42951573668631460  0.43272800419122659  0.43594027169613853  0.43940578154841481
  0.44311031099954190  0.44681484045066899  0.45051936990179614  0.45422389935292323
  0.45792842880405032  0.52845782383620044  0.60443867225538128  0.61152785682539634
  0.61861704139541140  0.62533137916303783  0.62865780464785237  0.63198423013266680
  0.63531065561748135  0.63863708110229578  0.64196350658711032  0.64528993207192475
  0.64861635755673930  0.65194278304155384  0.65526920852636839  0.65859563401118282
  0.66192205949599736  0.66524848498081190  0.66862585497682903  0.67204108626332781
  0.67545631754982671  0.67887154883632550  0.68228678012282440  0.68570201140932319
  0.72478149106401024  0.80351111835993982  0.88224074565586930  0.89655386139763249
  0.89742474693819152  0.89829563247875044  0.89916651801930936  0.90003740355986839
  0.90090828910042731  0.90177917464098634  0.90265006018154526  0.90352094572210417
  0.90439183126266320  0.90526271680322212  0.90613360234378115  0.90700448788434007
  0.90787537342489910  0.90874625896545802  0.90961714450601694  0.91048803004657597
  0.91135891558713489  0.91222980112769392  0.91310068666825284  0.91397157220881176
  0.91484245774937079  0.91571334328992970  0.91658422883048873  0.91688349044679895
  0.91712298470103704  0.91736247895527512  0.91760197320951320  0.91784146746375128
  0.91808096171798936  0.91832045597222756  0.91855995022646564  0.91879944448070372
  0.91903893873494180  0.91927843298917988  0.91951792724341797  0.91975742149765605
  0.91999691575189424  0.92023641000613232  0.92047590426037040  0.92071539851460849
  0.92095489276884657  0.92119438702308465  0.92143388127732284  0.92167337553156092
  0.92191286978579901  0.92215236404003709  0.92239185829427517  0.92263135254851325
  0.92287084680275133  0.92311034105698953  0.92334983531122761  0.92358932956546569
  0.92382882381970377  0.92406831807394185  0.92411768833796193  1.00000000000000000
  0.30187099774678550  0.30446203266604782  0.30705306758531015  0.30964410250457247
  0.31223513742383480  0.31769365694563045  0.32347867392630730  0.32926369090698415
  0.33629317290326455  0.34627508742387614  0.37615000450680136  0.47925068157683176
  0.48375114944410935  0.48825161731138694  0.49275208517866453  0.49725255304594213
  0.50175302091321972  0.50625348878049736  0.51075395664777490  0.51525442451505254
  0.51975489238233008  0.52425536024960773  0.52875582811688537  0.53325629598416302
  0.53775676385144067  0.55544198388195454  0.60488756283519540  0.60623289254453172
  0.60757822225386815  0.60892355196320458  0.61026888167254101  0.61161421138187733
  0.61295954109121376  0.61430487080055018  0.61565020050988661  0.61699553021922293
  0.61834085992855936  0.61968618963789579  0.62103151934723222  0.62237684905656854
  0.62372217876590497  0.62506750847524140  0.62641283818457782  0.62775816789391414
  0.62910349760325057  0.63044882731258700  0.63179415702192343  0.63313948673125975
  0.63448481644059618  0.63583014614993261  0.63717547585926904  0.63852080556860535
  0.63986613527794178  0.64121146498727821  0.64255679469661464  0.64390212440595107
  0.64524745411528739  0.64659278382462382  0.64793811353396025  0.64928344324329668
  0.65062877295263311  0.65197410266196953  0.65331943237130585  0.65466476208064228
  0.65601009178997871  0.65735542149931514  0.65870075120865157  0.66004608091798800
  0.66139141062732443  0.66273674033666086  0.66408207004599729  0.66542739975533371
  0.67494276948665000  0.73155995311580924  0.73651022494499940  0.74146049677418946
  0.74641076860337963  0.75136104043256968  0.75631131226175985  0.76126158409094991
  0.76621185592013996  0.77116212774933013  0.77611239957852030  0.78106267140771046
  0.78601294323690052  0.79096321506609069  0.88172550908918501  0.90112742665796441
  0.90724345612787782  0.91335948559779123  0.91800669007438085  0.92092447753807050
  0.92384226500176025  0.92676005246544990  0.92794067064921060  1.00000000000000000
  0.10057538350423186  0.48193506464558816  0.48470346262450964  0.48747186060343106
  0.49024025858235248  0.49300865656127396  0.49577705454019538  0.49854545251911681
  0.50140511476082583  0.50436581452828866  0.50732651429575160  0.51028721406321442
  0.51324791383067725  0.51620861359814019  0.51916931336560301  0.52259701665107250
  0.52662402223085036  0.53065102781062823  0.53467803339040609  0.53870503897018407
  0.54301589367247105  0.54811581621258998  0.55321573875270880  0.55831566129282761
  0.57894561032400216  0.58724060142884371  0.59134443796719116  0.59544827450553861
  0.59955211104388617  0.60365594758223362  0.60775978412058107  0.61186362065892852
  0.61596745719727586  0.62007129373562331  0.62417513027397076  0.62827896681231821
  0.63238280335066566  0.63648663988901311  0.64059047642736056  0.64469431296570789
  0.71201278687612846  0.79276552520903254  0.80118872576836420  0.80961192632769585
  0.81803512688702740  0.82645832744635905  0.83488152800569071  0.84330472856502248
  0.85172792912435413  0.87551808619944471  0.87659062607686211  0.87766316595427962
  0.87873570583169713  0.87980824570911453  0.88088078558653204  0.88195332546394944
  0.88302586534136696  0.88409840521878436  0.88517094509620187  0.88624348497361927
  0.88731602485103678  0.88838856472845418  0.88946110460587169  0.89053364448328909
  0.89160618436070660  0.89267872423812400  0.89375126411554151  0.89482380399295891
  0.89588200061783918  0.89671039545158804  0.89753879028533690  0.89836718511908575
  0.89919557995283461  0.90002397478658347  0.90085236962033233  0.90168076445408119
  0.90250915928783004  0.90333755412157890  0.90416594895532776  0.90499434378907662
  0.90582273862282547  0.90665113345657433  0.90747952829032319  0.90830792312407205
  0.90913631795782091  0.90996471279156976  0.91079310762531851  0.91162150245906737
  0.91244989729281623  0.91327829212656508  0.91410668696031394  0.91493508179406280
  0.91576347662781166  0.91659187146156051  0.93152505556742349  1.00000000000000000
  0.05397229989369713  0.12597210286213095  0.12694420572426190  0.12791630858639289
  0.12888841144852384  0.12986051431065482  0.13083261717278577  0.13180472003491672
  0.13277682289704767  0.13374892575917866  0.13472102862130961  0.13569313148344059
  0.13666523434557154  0.13763733720770249  0.13860944006983345  0.13958154293196443
  0.14055364579409538  0.14152574865622633  0.14249785151835731  0.14346995438048826
  0.14444205724261922  0.14541416010475020  0.14654929510772430  0.14780802397272660
  0.14906675283772894  0.15032548170273125  0.15158421056773358  0.15284293943273589
  0.15410166829773819  0.15536039716274053  0.15661912602774283  0.15787785489274517
  0.15913658375774747  0.16039531262274981  0.16165404148775211  0.16291277035275445
  0.16417149921775676  0.16543022808275906  0.16857287929721665  0.27621642361667070
  0.30014003936938560  0.31003342487029656  0.31992681037120752  0.32982019587211847
  0.33971358137302948  0.34960696687394055  0.35734599715592574  0.36324329667561256
  0.36914059619529943  0.37503789571498625  0.38093519523467312  0.38683249475435993
  0.39272979427404681  0.39862709379373368  0.40452439331342055  0.41042169283310748
  0.41631899235279440  0.51796410370614976  0.58568538348149835  0.59167443419015187
  0.59766348489880539  0.60365253560745891  0.60964158631611232  0.61563063702476584
  0.62161968773341925  0.62760873844207277  0.63359778915072618  0.63958683985937970
  0.64557589056803311  0.74884975842064172  0.81428555249652723  0.81865447202116814
  0.82302339154580895  0.82739231107044986  0.83176123059509077  0.83613015011973169
  0.84049906964437260  0.84486798916901351  0.84923690869365442  0.85360582821829534
  0.85797474774293614  0.86234366726757705  0.86671258679221796  0.87108150631685877
  0.87549681850044625  0.88031572507022859  0.88513463164001083  0.88995353820979317
  0.89477244477957540  0.89907901021711756  0.90324094174378033  0.90740287327044311
  0.91156480479710589  0.91572673632376866  0.97756445805231729  1.00000000000000000
  0.01969319184621171  0.21383643496246668  0.21933953659160010  0.22484263822073350
  0.23050553789264627  0.23675446673766506  0.24300339558268388  0.24925232442770268
  0.27520303771567561  0.28154654952719560  0.28789006133871564  0.29423357315023563
  0.30057708496175561  0.30692059677327554  0.31326410858479548  0.31960762039631546
  0.32595113220783539  0.33229464401935538  0.39619887267314469  0.39759542478226062
  0.39899197689137661  0.40038852900049260  0.40178508110960853  0.40318163321872452
  0.40457818532784046  0.40597473743695645  0.40737128954607238  0.40876784165518837
  0.41016439376430436  0.41156094587342029  0.41295749798253628  0.41435405009165227
  0.41575060220076820  0.41714715430988419  0.41854370641900013  0.41994025852811606
  0.42133681063723205  0.42273336274634798  0.42412991485546392  0.42552646696457991
  0.42692301907369584  0.42831957118281178  0.42971612329192777  0.43111267540104370
  0.43250922751015963  0.43390577961927562  0.43530233172839156  0.43669888383750749
  0.43809543594662348  0.43949198805573941  0.44088854016485535  0.44228509227397134
  0.44368164438308727  0.44507819649220320  0.44647474860131919  0.44787130071043513
  0.44926785281955106  0.45066440492866705  0.45206095703778298  0.45345750914689897
  0.45485406125601491  0.45625061336513084  0.45764716547424683  0.46070811625743602
  0.46537672778874534  0.47004533932005466  0.47471395085136403  0.47938256238267335
  0.48405117391398261  0.48871978544529193  0.49338839697660120  0.49805700850791046
  0.50272562003921972  0.50739423157052899  0.51206284310183836  0.51673145463314762
  0.53403926222382792  0.64282659289175037  0.67067632955402479  0.67581128668328583
  0.68094624381254698  0.68608120094180802  0.69121615807106906  0.69635111520033022
  0.70148607232959126  0.70662102945885241  0.71167093762994726  0.71667829703850394
  0.72168565644706051  0.72669301585561719  0.73394108350702503  0.74337674675159160
  0.78242533866413810  0.89121266933206056  0.96776646773020425  1.00000000000000000
  0.13754909833272294  0.37843245512190110  0.38186491024380226  0.38529736536570336
  0.38872982048760446  0.39216227560950562  0.39559473073140672  0.39952718905208850
  0.40349700102747238  0.40746681300285625  0.41143662497824018  0.41540643695362406
  0.41944582061512575  0.42351756214494202  0.42758930367475823  0.43166104520457449
  0.43573278673439070  0.48699186546000311  0.57443626226410138  0.60489001361117345
  0.60598598071742393  0.60708194782367453  0.60817791492992501  0.60927388203617561
  0.61036984914242609  0.61146581624867657  0.61256178335492717  0.61365775046117765
  0.61475371756742825  0.61584968467367873  0.61694565177992933  0.61804161888617981
  0.61913758599243041  0.62023355309868089  0.62132952020493148  0.62242548731118197
  0.62352145441743256  0.62461742152368305  0.62570117203832343  0.62677837099774159
  0.62785556995715974  0.62893276891657779  0.63000996787599595  0.63108716683541410
  0.63216436579483215  0.63324156475425031  0.63431876371366835  0.63539596267308651
  0.63647316163250467  0.63755036059192272  0.63862755955134087  0.63970475851075903
  0.64078195747017708  0.64185915642959523  0.64293635538901339  0.64401355434843144
  0.64509075330784960  0.64616795226726764  0.64724515122668580  0.64832235018610396
  0.64939954914552211  0.65047674810494016  0.65155394706435832  0.65263114602377648
  0.65370834498319463  0.65478554394261268  0.65586274290203084  0.65693994186144899
  0.65801714082086715  0.65909433978028520  0.66017153873970336  0.66124873769912151
  0.66232593665853967  0.66340313561795772  0.66448033457737588  0.66555753353679403
  0.66663473249621208  0.67155513411904577  0.67659295047759138  0.68163076683613688
  0.68666858319468249  0.76051299719373822  0.77451569491419836  0.77869081075326285
  0.78286592659232723  0.78704104243139172  0.79121615827045622  0.79446961383322900
  0.79761159034772788  0.80075356686222687  0.80389554337672575  0.80703751989122474
  0.80972636143366494  0.80972636143367493  0.80972636143368493  1.00000000000000000
  0.01192867358525590  0.01387473856171758  0.01582080353817925  0.01776686851464093
  0.01971293349110261  0.02306095597735504  0.02831138769425342  0.03356181941115181
  0.03881225112805019  0.06378634320650511  0.06855933175260914  0.07333232029871317
  0.07810530884481720  0.08287829739092123  0.08765128593702530  0.09242427448312938
  0.09719726302923347  0.10197025157533755  0.10674324012144160  0.11151622866754564
  0.11628921721364967  0.12106220575975370  0.14451111146710138  0.25601368146917552
  0.33658061388753829  0.34717304270975730  0.35776547153197630  0.36835790035419524
  0.37895032917641414  0.38954275799863308  0.39842891194919461  0.40481999007883185
  0.41121106820846909  0.41760214633810633  0.42399322446774351  0.43038430259738070
  0.43677538072701788  0.44316645885665507  0.44955753698629219  0.45594861511592938
  0.52823068359349346  0.63973325359556754  0.75001579750271929  0.75144113211858365
  0.75286646673444801  0.75429180135031226  0.75571713596617662  0.75714247058204098
  0.75856780519790523  0.75999313981376959  0.76141847442963395  0.76284380904549820
  0.76426914366136256  0.76569447827722681  0.76711981289309117  0.76854514750895553
  0.76997048212481978  0.77139581674068414  0.77282115135654850  0.77424648597241286
  0.77567182058827711  0.77709715520414147  0.77852248982000583  0.77994782443587019
  0.78137315905173454  0.78279849366759879  0.78422382828346315  0.78564916289932751
  0.78707449751519187  0.78849983213105612  0.78992516674692048  0.79135050136278484
  0.79277583597864920  0.79420117059451345  0.79562650521037781  0.79705183982624217
  0.79847717444210642  0.79990250905797078  0.80132784367383514  0.80275317828969939
  0.80417851290556375  0.80560384752142800  0.80702918213729236  0.80845451675315672
  0.80987985136902096  0.81130518598488532  0.83053340712834745  0.91814281590708169
  0.92463075077815471  0.93111868564922784  0.93757065228494019  0.94186989432475199
  0.94616913636456379  0.95046837840437559  0.95316106478373208  1.00000000000000000
  0.11978935798009238  0.18834134605005864  0.18918269210011729  0.19002403815017593
  0.19086538420023458  0.19170673025029322  0.19254807630035187  0.19338942235041054
  0.19423076840046918  0.19507211445052783  0.19591346050058647  0.19675480655064512
  0.19759615260070376  0.19843749865076241  0.19927884470082105  0.20012019075087970
  0.20096153680093834  0.20180288285099698  0.20264422890105563  0.20348557495111430
  0.20432692100117295  0.20516826705123159  0.20600961310129023  0.20685095915134888
  0.20769230520140752  0.20858442656771023  0.20963903168196343  0.21069363679621664
  0.21174824191046981  0.21280284702472302  0.21385745213897622  0.21491205725322943
  0.21596666236748260  0.21702126748173581  0.21807587259598901  0.21913047771024219
  0.22018508282449539  0.22123968793874860  0.22229429305300180  0.22334889816725498
  0.22440350328150818  0.22545810839576139  0.22651271351001456  0.22756731862426777
  0.22862192373852097  0.23120527277890376  0.23542195032529478  0.23963862787168577
  0.24385530541807679  0.24807198296446781  0.25228866051085880  0.25650533805724979
  0.26072201560364083  0.26493869315003182  0.26915537069642281  0.32823506556275839
  0.37742825445079670  0.38219420873419441  0.38696016301759206  0.39172611730098977
  0.39649207158438748  0.40125802586778525  0.40602398015118296  0.41078993443458073
  0.41555588871797849  0.42032184300137621  0.42508779728477386  0.42985375156817157
  0.43461970585156928  0.47522202545120390  0.57056341038256198  0.66590479531392022
  0.67179236909452511  0.67695936086396202  0.68212635263339905  0.68729334440283607
  0.69246033617227298  0.69762732794171001  0.70279431971114703  0.70796131148058394
  0.71312830325002097  0.71829529501945810  0.72346228678889513  0.72862927855833215
  0.81261515900461523  0.81786304403673860  0.82311092906886196  0.82835881410098522
  0.83357329402026148  0.83817989110835156  0.84278648819644164  0.84739308528453172
  0.85199968237262180  0.90465861506863943  0.91820776859919229  1.00000000000000000
  0.11976146300633750  0.15097090159885701  0.15610846986438076  0.16124603812990451
  0.16638360639542826  0.17218992158558211  0.17803523056997805  0.18388053955437400
  0.18982167526159549  0.19591863515310437  0.20201559504461325  0.20811255493612213
  0.30898332563827385  0.41341491386600232  0.45909918479146106  0.46044307364471321
  0.46178696249796536  0.46313085135121745  0.46447474020446960  0.46581862905772170
  0.46716251791097385  0.46850640676422595  0.46985029561747810  0.47119418447073025
  0.47253807332398234  0.47388196217723449  0.47522585103048659  0.47656973988373874
  0.47791362873699084  0.47925751759024299  0.48060140644349508  0.48194529529674723
  0.48328918414999933  0.48463307300325142  0.48597696185650352  0.48732085070975567
  0.48866473956300777  0.49000862841625986  0.49135251726951201  0.49269640612276411
  0.49404029497601620  0.49538418382926830  0.49672807268252045  0.49807196153577254
  0.49941585038902464  0.50075973924227679  0.50210362809552889  0.50344751694878098
  0.50479140580203308  0.50613529465528517  0.50747918350853738  0.50882307236178947
  0.51016696121504157  0.51151085006829367  0.51285473892154576  0.51419862777479786
  0.51554251662804995  0.51688640548130216  0.51823029433455425  0.51957418318780635
  0.52741825128297759  0.56577794389947800  0.57071408924543843  0.57565023459139886
  0.58058637993735940  0.58552252528331983  0.59045867062928037  0.59539481597524091
  0.60033096132120145  0.60497591018030317  0.60860586147413775  0.61223581276797223
  0.61586576406180682  0.61949571535564141  0.62312566664947600  0.62717069952346149
  0.63165888191743746  0.63614706431141355  0.64063524670538952  0.64512342909936560
  0.64961161149334168  0.65409979388731776  0.65858797628129384  0.66307615867526992
  0.68755386672755292  0.79198545495528139  0.85659658974811814  0.86260270726920185
  0.86860882479028556  0.87461494231136927  0.87995062998943352  0.88524039142343769
  0.89053015285744186  0.89581991429144592  0.93986523548762002  1.00000000000000000
  0.07932946240193703  0.08407942997226632  0.08482552661119937  0.08557162325013243
  0.08631771988906549  0.08706381652799854  0.08780991316693160  0.08855600980586466
  0.08930210644479770  0.09004820308373077  0.09079429972266383  0.09154039636159687
  0.09228649300052993  0.09303258963946300  0.09377868627839604  0.09452478291732910
  0.09527087955626216  0.09601697619519521  0.09676307283412827  0.09750916947306133
  0.09825526611199439  0.09900136275092744  0.09974745938986050  0.10049355602879356
  0.10123965266772661  0.10198574930665967  0.10273184594559273  0.10347794258452578
  0.10424098603536983  0.10520746607909406  0.10617394612281832  0.10714042616654255
  0.10810690621026681  0.10907338625399104  0.11003986629771528  0.11100634634143952
  0.11197282638516377  0.11293930642888801  0.11390578647261226  0.11487226651633650
  0.11583874656006074  0.11680522660378499  0.11777170664750923  0.11873818669123348
  0.11970466673495772  0.12067114677868196  0.12163762682240621  0.12260410686613045
  0.12357058690985470  0.12453706695357894  0.12638557617234300  0.12904497385875807
  0.13170437154517312  0.13436376923158819  0.13702316691800323  0.13968256460441830
  0.14234196229083337  0.14500135997724842  0.18812687434239300  0.19150390795759095
  0.19488094157278890  0.19825797518798685  0.20163500880318480  0.20501204241838275
  0.20838907603358070  0.21176610964877868  0.21514314326397668  0.21852017687917466
  0.22189721049437267  0.22527424410957064  0.22865127772476862  0.23137017159657997
  0.23397053295136361  0.23657089430614722  0.23917125566093086  0.24177161701571448
  0.24437197837049812  0.24697233972528176  0.24957270108006538  0.25246637165715707
  0.25541771692959542  0.25836906220203371  0.26132040747447205  0.26427175274691034
  0.26722309801934868  0.27017444329178697  0.33536516012181034  0.39297854118374304
  0.39297854118375303  0.39297854118376302  0.39297854118377301  0.39297854118378300
  0.39297854118379300  0.39297854118380299  0.39297854118381298  1.00000000000000000
  0.01367330153783158  0.27805192686486641  0.28527052039639955  0.29256993751945803
  0.30049791715081442  0.30842589678217086  0.35378417293383113  0.43871167111928722
  0.52363916930474341  0.60437355919474667  0.60836693681165910  0.61236031442857153
  0.61635369204548396  0.62034706966239639  0.62434044727930882  0.62833382489622125
  0.63232720251313368  0.63632058013004611  0.64031395774695854  0.64430733536387097
  0.64830071298078340  0.65229409059769583  0.65628746821460837  0.66028084583152080
  0.66427422344843323  0.70071387338787006  0.78564137157332636  0.83378743162303315
  0.83482314737676522  0.83585886313049740  0.83689457888422947  0.83793029463796165
  0.83896601039169372  0.84000172614542590  0.84103744189915797  0.84207315765289015
  0.84310887340662233  0.84414458916035440  0.84518030491408658  0.84621602066781865
  0.84725173642155083  0.84828745217528290  0.84932316792901508  0.85035888368274715
  0.85139459943647933  0.85243031519021140  0.85346603094394358  0.85450174669767565
  0.85553746245140783  0.85657317820513990  0.85760889395887208  0.85864460971260415
  0.85968032546633621  0.86071604122006840  0.86175175697380046  0.86278747272753264
  0.86382318848126471  0.86485890423499678  0.86589461998872896  0.86693033574246103
  0.86796605149619321  0.86900176724992528  0.87003748300365746  0.87107319875738953
  0.87210891451112160  0.87314463026485378  0.87418034601858585  0.87521062091417734
  0.87622025531890635  0.87722988972363536  0.87823952412836437  0.87924915853309338
  0.88025879293782239  0.88126842734255129  0.88227806174728030  0.88328769615200931
  0.88429733055673831  0.88530696496146732  0.88631659936619633  0.88732623377092523
  0.88833586817565424  0.88934550258038325  0.89035513698511226  0.89136477138984127
  0.89237440579457028  0.89338404019929918  0.89439367460402819  0.89540330900875720
  0.89755890750221734  0.90056471969988883  0.90357053189756020  0.90657634409523169
  0.90958215629290307  0.91258796849057455  0.91264439026514688  1.00000000000000000
  0.31439089377721147  0.40498367979344851  0.41413402625356377  0.42392623364026605
  0.43396408550115895  0.50583199275887414  0.52471705800882051  0.52924461351098873
  0.53377216901315694  0.53829972451532515  0.54282728001749336  0.54735483551966146
  0.55188239102182957  0.55640994652399778  0.56093750202616588  0.56546505752833409
  0.56999261303050219  0.57452016853267041  0.57904772403483851  0.58897071081137875
  0.68782870500092241  0.69280849745915529  0.69778828991738806  0.70276808237562094
  0.70774787483385371  0.71272766729208659  0.71770745975031947  0.72268725220855234
  0.72766704466678522  0.73264683712501810  0.73762662958325098  0.74260642204148375
  0.74758621449971663  0.75069791334006530  0.75205233818937844  0.75340676303869158
  0.75476118788800484  0.75611561273731798  0.75747003758663112  0.75882446243594426
  0.76017888728525751  0.76153331213457065  0.76288773698388379  0.76424216183319693
  0.76559658668251018  0.76695101153182332  0.76830543638113646  0.76965986123044960
  0.77101428607976286  0.77236871092907600  0.77372313577838914  0.77507756062770239
  0.77643198547701553  0.77778641032632878  0.77914083517564192  0.78049526002495506
  0.78184968487426831  0.78320410972358145  0.78455853457289459  0.78591295942220785
  0.78726738427152099  0.78862180912083424  0.78997623397014738  0.79133065881946052
  0.79266691084400476  0.79399716708124812  0.79532742331849138  0.79665767955573474
  0.79798793579297800  0.79931819203022136  0.80064844826746473  0.80197870450470798
  0.80330896074195135  0.80463921697919460  0.80596947321643797  0.80729972945368123
  0.80862998569092459  0.80996024192816785  0.81129049816541121  0.81305010354634311
  0.81911016146196369  0.82517021937758428  0.83123027729320498  0.83729033520882556
  0.84335039312444626  0.84941045104006696  0.87686376687803780  0.90087890605754983
  0.90703068482648441  0.91318246359541899  0.91901852672925943  0.92444222391360131
  0.92986592109794319  0.93528961828228518  0.98175633351008107  1.00000000000000000
   4.4797408285119009E-014  -1.0000000000000000     
 F F F F F F F F F F F F F F F F F F F F F F F F F F F F F F F F F F F F F F F F F F F F F F F F F F F F F F F F F F F F F F F F F F F F F F F F F F F F F F F F F F F F F F F F F F F F F F F F F F F F F F F F F F F F F F F F F F F F F F F F F F F F F F F F F F F F F F F F F F F F F F F F F F F F F F F F F F F F F F F F F F F F F F F F F F F F F F F F F F F F F F F F F F F F F F F F F F F F F F F F F F F F F F F F F F F F F F F F F F F F F F F F F F F F F F F F F F F F F F F F F F F F F F F F F F F F F F F F F F F F F F F F F F F F F F F F F F F F F F F F F F F F F F F F F F F F F F F F F F F F F F F F F F F F F F F F F F F F F F F F F F F F F F F F F F F F F F F F F F F F F F F F F F F F F F F F F F F F F F F F F F F F F F F F F F F F F F F F F F F F F F F F F F F F F F F F F F F F F F F F F F F F F F F F F F F F F F F F F F F F F F F F F F F F F F F F F F F F F F F F F F F F F F F F F F F F F F F F F F F F F F F F F F F F F F F F F F F F F F F F F F F F F F F F F F F F F F F F F F F F F F F F F F F F F F F F
  <DiscreteSampler_grid>
  grouped_processes
  1 # 1 for a reference and 2 for a running grid.
  10 # Attribute 'min_bin_probing_points' of the grid.
  1 # Attribute 'grid_mode' of the grid. 1=='default',2=='initialization'
  0.0000000000000000 # Attribute 'small_contrib_threshold' of the grid.
  0.5000000000000000 # Attribute 'damping_power' of the grid.
 # binID   n_entries weight   weight_sqr   abs_weight
    10   10   8.440757657055206E-002   5.771790280729115E-002   8.440757657055206E-002
  </DiscreteSampler_grid>
