  0.05186931818818902  0.05594118971058386  0.06001306123297870  0.06593164635676152
  0.07474793400534005  0.08605233058696624  0.18987508716016666  0.29369784373336710
  0.31358332763128921  0.31490623126343009  0.31622913489557103  0.31755203852771197
  0.31887494215985285  0.32019784579199378  0.32152074942413472  0.32284365305627560
  0.32416655668841654  0.32548946032055748  0.32681236395269836  0.32813526758483930
  0.32945817121698023  0.33078107484912112  0.33210397848126205  0.33342688211340299
  0.33474978574554393  0.33607268937768486  0.33739559300982580  0.33871849664196674
  0.34004140027410767  0.34136430390624856  0.34268720753838949  0.34401011117053043
  0.34533301480267137  0.34665591843481230  0.34797882206695324  0.34930172569909418
  0.35062462933123512  0.35194753296337605  0.35327043659551699  0.35459334022765793
  0.35591624385979881  0.35723914749193975  0.35856205112408068  0.35988495475622156
  0.36120785838836250  0.36253076202050344  0.36385366565264432  0.36517656928478526
  0.36649947291692619  0.36782237654906713  0.36914528018120801  0.37046818381334895
  0.37179108744548989  0.37311399107763077  0.37443689470977171  0.43462970875622531
  0.53845246532942570  0.56632975720461909  0.57131396082707908  0.57629816444953919
  0.58128236807199918  0.58626657169445928  0.59125077531691939  0.59623497893937949
  0.60121918256183959  0.60620338618429970  0.61118758980675980  0.61617179342921979
  0.62115599705167990  0.64875079069851493  0.75257354727171533  0.85425608185622592
  0.85841968818200753  0.86258329450778903  0.86674690083357053  0.87091050715935214
  0.87507411348513364  0.87923771981091514  0.88340132613669664  0.88756493246247825
  0.89172853878825975  0.89589214511404125  0.90005575143982286  0.90421935776560436
  0.90838296409138597  0.91254657041716758  0.91672781460109010  0.92257923910609441
  0.92843066361109883  0.93428208811610314  0.93981586282533858  0.94496149849755950
  0.95010713416978043  0.95525276984200147  0.97189428998531258  1.00000000000000000
  0.04281965313484062  0.08767099938453293  0.09200866543573261  0.09634633148693228
  0.10068399753813195  0.10513574745678278  0.11005219654885005  0.11496864564091733
  0.11988509473298459  0.12480154382505186  0.20513880750717703  0.25180256500624476
  0.25569745219451823  0.25959233938279169  0.26348722657106516  0.26738211375933862
  0.27127700094761209  0.27517188813588561  0.27906677532415908  0.28296166251243260
  0.28685654970070612  0.29075143688897959  0.29464632407725311  0.29854121126552652
  0.30243609845379998  0.30633098564207345  0.31022587283034692  0.33549283705006377
  0.34845091195747696  0.36140898686489004  0.37436706177230311  0.38732513667971613
  0.42451106393158411  0.50802080511377201  0.59153054629595991  0.67504028747814793
  0.71303897255031934  0.72086439217517362  0.72868981180002801  0.73001364698682569
  0.73091558860907624  0.73181753023132667  0.73271947185357711  0.73362141347582766
  0.73452335509807809  0.73542529672032853  0.73632723834257907  0.73722917996482951
  0.73813112158707994  0.73903306320933049  0.73993500483158092  0.74083694645383136
  0.74173888807608190  0.74264082969833234  0.74354277132058277  0.74444471294283332
  0.74534665456508375  0.74624859618733419  0.74715053780958463  0.74805247943183517
  0.74895442105408561  0.74985636267633604  0.75058197865228282  0.75127419518162808
  0.75196641171097323  0.75265862824031848  0.75335084476966374  0.75404306129900889
  0.75473527782835415  0.75542749435769929  0.75611971088704455  0.75681192741638970
  0.75750414394573495  0.75819636047508010  0.75888857700442536  0.75958079353377050
  0.76027301006311576  0.76096522659246091  0.76165744312180617  0.76234965965115131
  0.76304187618049657  0.76373409270984172  0.76442630923918697  0.76511852576853223
  0.76581074229787738  0.76650295882722264  0.76719517535656778  0.76788739188591304
  0.76857960841525819  0.76927182494460344  0.76996404147394859  0.77065625800329385
  0.83298051763562087  0.91649025881780888  0.94346311513303527  1.00000000000000000
  0.07361696530587693  0.29739510165451966  0.30312353664237263  0.30885197163022554
  0.31481339167396505  0.32118335497373041  0.32755331827349576  0.34099689481997314
  0.39737821592521183  0.40195833105137330  0.40653844617753476  0.41111856130369623
  0.41569867642985769  0.42014117834100834  0.42454680216719048  0.42895242599337263
  0.43335804981955484  0.43776367364573698  0.44216929747191913  0.44657492129810128
  0.45098054512428343  0.45538616895046558  0.46090961565156430  0.46869188948591656
  0.47647416332026887  0.50156102710144324  0.50544176232929017  0.50932249755713710
  0.51320323278498403  0.51708396801283096  0.52096470324067790  0.52484543846852483
  0.52872617369637187  0.53260690892421880  0.53648764415206585  0.54036837937991278
  0.54225261095475297  0.54313313001736363  0.54401364907997429  0.54489416814258496
  0.54577468720519562  0.54665520626780628  0.54753572533041694  0.54841624439302761
  0.54929676345563827  0.55017728251824893  0.55105780158085960  0.55193832064347026
  0.55281883970608092  0.55369935876869159  0.55457987783130225  0.55546039689391291
  0.55634091595652357  0.55722143501913424  0.55810195408174490  0.55898247314435556
  0.55986299220696623  0.56074351126957689  0.56162403033218766  0.56250359162058350
  0.56319873691564881  0.56389388221071413  0.56458902750577944  0.56528417280084475
  0.56597931809591018  0.56667446339097549  0.56736960868604080  0.56806475398110612
  0.56875989927617143  0.56945504457123675  0.57015018986630206  0.57084533516136748
  0.57154048045643280  0.57223562575149811  0.57293077104656343  0.57362591634162874
  0.57432106163669405  0.57501620693175948  0.57571135222682479  0.57640649752189010
  0.57710164281695542  0.57779678811202073  0.57849193340708605  0.57918707870215136
  0.57988222399721678  0.58057736929228210  0.58127251458734741  0.58196765988241272
  0.58266280517747804  0.58626365745778686  0.66901092596622869  0.75175819447467018
  0.83450546298311179  0.90808970500134711  0.90808970500135711  1.00000000000000000
  0.00941795742685868  0.02519992172578653  0.02956651011823980  0.03393309851069308
  0.03829968690314635  0.04281461589871719  0.04782920025374451  0.05284378460877184
  0.05785836896379917  0.07001534075120730  0.12949719655929962  0.13936254582228444
  0.14922789508526929  0.15909324434825423  0.16895859361123911  0.17882394287422393
  0.19968162495019942  0.25295639663388014  0.25884520418425355  0.26473401173462691
  0.27062281928500032  0.27651162683537372  0.28240043438574719  0.28828924193612060
  0.29417804948649401  0.30006685703686742  0.30595566458724077  0.31184447213761418
  0.40229987374878889  0.46136307149112044  0.46816415693598723  0.47496524238085402
  0.48176632782572076  0.48856741327058745  0.49536849871545419  0.50216958416032087
  0.50897066960518766  0.51577175505005435  0.54667836875867959  0.64772669907595326
  0.70882419692382748  0.71005067729100901  0.71127715765819055  0.71250363802537198
  0.71373011839255351  0.71495659875973505  0.71618307912691659  0.71740955949409813
  0.71863603986127966  0.71986252022846120  0.72108900059564263  0.72231548096282416
  0.72354196133000570  0.72476844169718724  0.72599492206436878  0.72722140243155031
  0.72844788279873185  0.72967436316591328  0.73090084353309481  0.73212732390027635
  0.73335380426745789  0.73458028463463931  0.73580676500182085  0.73703324536900239
  0.73825972573618392  0.73948620610336535  0.74071268647054689  0.74193916683772843
  0.74316564720490996  0.74439212757209139  0.74561860793927293  0.74684508830645446
  0.74807156867363589  0.74929804904081743  0.75052445157337178  0.75175074994381363
  0.75297704831425549  0.75420334668469735  0.75542964505513921  0.75665594342558107
  0.75788224179602293  0.75910854016646478  0.76033483853690664  0.76156113690734850
  0.76278743527779036  0.76401373364823222  0.76524003201867408  0.76646633038911594
  0.76769262875955779  0.76891892712999965  0.77014522550044151  0.77747253789279258
  0.79790333936544455  0.89895166968271822  0.95806703077590827  1.00000000000000000
  0.00000001415376902  0.00000001427890147  0.00000001440403391  0.00000001452916636
  0.00000001465429880  0.00000001477943124  0.00000001490456369  0.00000001502969613
  0.00000001515482858  0.00000001527996102  0.00000001540509347  0.00000001553022591
  0.00000001565535836  0.00000001578049080  0.00000001590562324  0.00000001603075569
  0.00000001615588813  0.00000001628102058  0.00000001640615302  0.00000001653128547
  0.00000001665641791  0.00000001678155036  0.00000001690668280  0.00000001703181524
  0.00000001721288924  0.00000001744378349  0.00000001767467774  0.00000001790557199
  0.00000001813646624  0.00000001836736049  0.00000001859825474  0.00000001882914899
  0.00000001906004324  0.00000001929093749  0.00000001952183174  0.00000001975272600
  0.00000001998362025  0.00000002021451450  0.00000002044540875  0.00000002067630300
  0.00000002090719725  0.00000002113809150  0.00000003658275024  0.00000010973318086
  0.00000032913373776  0.00000098714301643  0.00000296047508464  0.00000421669902073
  0.00000453192785136  0.00000484715668199  0.00000521153630978  0.00000560359253406
  0.00000599564875835  0.00000634762894791  0.00000666760031447  0.00000698757168103
  0.00000730754304759  0.00000762751441415  0.00000805310327161  0.00000849638474523
  0.00000893966621886  0.00000938294769248  0.00000989511462016  0.00001044643240570
  0.00001099775019125  0.00001154906797679  0.00001884704969323  0.00002411599657234
  0.00002567238807326  0.00002722877957417  0.00002887895875683  0.00003081467312069
  0.00003275038748456  0.00003468610184843  0.00003693858940902  0.00003934607499107
  0.00004175356057311  0.00004908908093039  0.00013228799855617  0.00014741474276405
  0.00016254148697193  0.00018134224228077  0.00020015566809583  0.00022305101147561
  0.00024644963486971  0.00059565992663739  0.00178537434710221  0.00535635964238137
  0.01608047070084446  0.03952203815272240  0.04678037005330561  0.05515881835087406
  0.08554110432404075  0.08554110432405075  0.08554110432406076  1.00000000000000000
  0.00701444186282950  0.03045375942255367  0.03111183183567567  0.03133697151273863
  0.03143101933318517  0.03152506715363172  0.03161911497407827  0.03171316279452482
  0.03180721061497136  0.03190125843541791  0.03199530625586446  0.03208935407631101
  0.03218340189675756  0.03227744971720410  0.03237149753765065  0.03246554535809720
  0.03255959317854375  0.03265364099899029  0.03274768881943684  0.03284356244184188
  0.03294245762269011  0.03304135280353833  0.03314024798438656  0.03323914316523478
  0.03333803834608301  0.03343693352693124  0.03353582870777946  0.03363472388862769
  0.03373361906947592  0.03383251425032414  0.03393140943117237  0.03403030461202059
  0.03412919979286882  0.03422809497371705  0.03432699015456527  0.03442596514707590
  0.03452873640545261  0.03463150766382932  0.03473427892220603  0.03483705018058274
  0.03493982143895945  0.03504259269733616  0.03514536395571287  0.03524813521408958
  0.03535090647246629  0.03545367773084299  0.03555644898921970  0.03565922024759641
  0.03576199150597312  0.03586476276434983  0.03596753402272655  0.03607030528110326
  0.03642565287574691  0.03702820873260199  0.03763076458945708  0.03824965074609184
  0.03888191600652614  0.03951418126696042  0.04590661543135551  0.05844609194383903
  0.07435541980986410  0.07542951658660974  0.07650361336335536  0.07757771014010099
  0.07868306821005558  0.07981012401833401  0.08093717982661246  0.08207408408661550
  0.08325671010549515  0.08443933612437482  0.08562196214325447  0.08670851632013274
  0.08776541997839461  0.08882232363665649  0.08987922729491837  0.09097556851661130
  0.09208458348865498  0.09319359846069866  0.09430261343274234  0.09545260778843102
  0.09661630345605669  0.09777999912368236  0.09894369479130803  0.11075753022235955
  0.11507575755381358  0.11932727186375210  0.14486040273399794  0.18443022236451731
  0.23480869372229085  0.24775568773860651  0.24775568773861650  0.24775568773862650
  0.24775568773863649  0.24775568773864648  0.24775568773865647  1.00000000000000000
  0.02723145087560019  0.02986363036708514  0.03249580985857009  0.03512798935005504
  0.03776016884153999  0.04039234833302494  0.04392713819307299  0.04830900504192171
  0.05269087189077043  0.05707273873961915  0.06145460558846787  0.13358583172016095
  0.17233868042684641  0.18112352881362215  0.18886370121423146  0.19383796704348205
  0.19881223287273264  0.20378649870198323  0.20876076453123382  0.21373503036048447
  0.21870929618973511  0.22368356201898576  0.22865782784823641  0.23380887814601162
  0.23898007316899744  0.24415126819198324  0.24932246321496904  0.33112669931579347
  0.42448537536945580  0.48165133837758228  0.48764878786440080  0.49364623735121932
  0.49964368683803789  0.50564113632485641  0.51163858581167498  0.51763603529849345
  0.52363348478531202  0.52963093427213059  0.53562838375894928  0.54162583324576785
  0.63438971350456952  0.65858211475353889  0.67311191439647877  0.68764171403941843
  0.70217151368235819  0.76210031928574917  0.85418081953513236  0.85520323209176374
  0.85622564464839512  0.85724805720502650  0.85827046976165788  0.85929288231828926
  0.86031529487492076  0.86133770743155214  0.86236011998818352  0.86338253254481490
  0.86440494510144628  0.86542735765807766  0.86644977021470915  0.86747218277134053
  0.86849459532797191  0.86951700788460329  0.87053942044123467  0.87156183299786605
  0.87258424555449754  0.87360665811112892  0.87462907066776030  0.87547087031939141
  0.87620983597355762  0.87694880162772371  0.87768776728188980  0.87842673293605600
  0.87916569859022209  0.87990466424438818  0.88064362989855438  0.88138259555272047
  0.88212156120688656  0.88286052686105276  0.88359949251521885  0.88433845816938494
  0.88507742382355115  0.88581638947771724  0.88655535513188333  0.88729432078604953
  0.88803328644021562  0.88877225209438171  0.88951121774854791  0.89025018340271400
  0.89098914905688009  0.89172811471104629  0.89246708036521238  0.89320604601937847
  0.89394501167354468  0.89459842840830484  0.89459842840831483  1.00000000000000000
  0.14008664687474565  0.33669603830586026  0.34005874327838720  0.34342144825091420
  0.34678415322344119  0.35014685819596819  0.35350956316849513  0.35729956178945549
  0.36119333628198941  0.36508711077452333  0.36898088526705725  0.37287465975959116
  0.37547594387717514  0.37652388678293786  0.37757182968870057  0.37861977259446328
  0.37966771550022599  0.38071565840598864  0.38176360131175135  0.38281154421751407
  0.38385948712327678  0.38490743002903949  0.38595537293480220  0.38700331584056491
  0.38805125874632762  0.38909920165209033  0.39014714455785304  0.39119508746361575
  0.39224303036937841  0.39329097327514112  0.39433891618090383  0.39538685908666654
  0.39644065886288343  0.39749880623358308  0.39855695360428278  0.39961510097498243
  0.40067324834568208  0.40173139571638178  0.40278954308708143  0.40384769045778107
  0.40490583782848072  0.40596398519918042  0.40702213256988007  0.40808027994057972
  0.40913842731127942  0.41019657468197906  0.41125472205267871  0.41231286942337841
  0.41337101679407806  0.41442916416477771  0.41548731153547741  0.41654545890617706
  0.41760360627687670  0.41866175364757635  0.41971990101827600  0.42077804838897565
  0.42183619575967529  0.42289434313037499  0.42395249050107464  0.42501063787177429
  0.42606878524247394  0.42712693261317358  0.42818507998387323  0.42924322735457288
  0.43030137472527252  0.43135952209597217  0.43241766946667182  0.43347581683737152
  0.43453396420807117  0.43559211157877081  0.43665025894947046  0.45464464329039034
  0.50407274602423424  0.51257592528111351  0.52097464285006589  0.52586366210333946
  0.53075268135661302  0.53564170060988658  0.54053071986316004  0.54541973911643360
  0.55030875836970705  0.55519777762298061  0.56008679687625407  0.56507087286211644
  0.57014760161054900  0.57522433035898146  0.58030105910741403  0.61838891845143817
  0.70543790623886260  0.79248689402628736  0.85822300679087471  0.87214146267873649
  0.88491472294344320  0.89493841330210355  0.89493841330211354  1.00000000000000000
  0.10843485196431484  0.19341901394950975  0.19933802789901950  0.20525704184852922
  0.21045250403881435  0.21486496467219299  0.21927742530557162  0.22368988593895028
  0.22810234657232892  0.23288406959079946  0.23778317518982589  0.24268228078885234
  0.24758138638787877  0.25248049198690525  0.25737959758593165  0.26227870318495811
  0.26717780878398456  0.29191117944655698  0.29766365671414619  0.30341613398173539
  0.30916861124932465  0.31492108851691386  0.32067356578450307  0.32642604305209233
  0.33217852031968154  0.33793099758727080  0.34368347485486012  0.34943595212244938
  0.35437975523683957  0.35557943411322002  0.35677911298960047  0.35797879186598086
  0.35917847074236131  0.36037814961874176  0.36157782849512221  0.36277750737150266
  0.36397718624788306  0.36517686512426351  0.36637654400064396  0.36757622287702441
  0.36877590175340480  0.36997558062978525  0.37117525950616570  0.37237493838254615
  0.37357461725892660  0.37477429613530699  0.37597397501168744  0.37717365388806789
  0.37837333276444834  0.37957301164082879  0.38077269051720919  0.38197236939358964
  0.38317204826997009  0.38437172714635054  0.38557140602273093  0.38677108489911138
  0.38797076377549183  0.38917044265187228  0.39037012152825273  0.39156980040463313
  0.39276947928101358  0.39396915815739403  0.39516883703377448  0.39636851591015493
  0.39756819478653538  0.39876787366291583  0.39996755253929628  0.40116723141567673
  0.40236691029205718  0.40356658916843763  0.40476626804481808  0.40596594692119853
  0.40716562579757898  0.40836530467395943  0.40956498355033988  0.41076466242672033
  0.41196434130310078  0.41316402017948123  0.41436369905586168  0.41556337793224213
  0.42458729429738074  0.52106148405897967  0.53069503021123765  0.54032857636349552
  0.54996212251575338  0.55959566866801125  0.56922921482026911  0.57886276097252698
  0.63616638867385411  0.73474710931016962  0.83332782994648502  0.86660064947288873
  0.87656466366707775  0.87972337404886880  0.87972337404887879  1.00000000000000000
  0.04496728976567593  0.04564562119428273  0.04632395262288953  0.04700228405149633
  0.04768061548010313  0.04835894690870994  0.04903727833731673  0.04971560976592354
  0.05039394119453034  0.05107227262313714  0.05175060405174395  0.05242893548035075
  0.05310726690895755  0.05378559833756436  0.05446392976617116  0.05514226119477796
  0.05582059262338476  0.05649892405199156  0.05717725548059836  0.05785558690920516
  0.05853391833781196  0.05921224976641877  0.05989058119502557  0.06056891262363237
  0.06124724405223917  0.06192557548084598  0.06266057994552864  0.06370888774748044
  0.06475719554943224  0.06580550335138403  0.06685381115333583  0.06790211895528764
  0.06895042675723943  0.06999873455919123  0.07104704236114304  0.07209535016309483
  0.07314365796504663  0.07419196576699842  0.07524027356895022  0.07628858137090203
  0.07733688917285382  0.07838519697480562  0.07943350477675741  0.08048181257870922
  0.08153012038066101  0.08257842818261281  0.10986845384566885  0.20467664232682353
  0.29948483080797844  0.39429301928913313  0.48910120777028804  0.51309144882747093
  0.52788331485647855  0.54267518088548627  0.55746704691449378  0.62504956987199900
  0.65060943938508742  0.65672652793578468  0.66284361648648182  0.66896070503717908
  0.67507779358787623  0.68119488213857338  0.68731197068927052  0.69342905923996778
  0.69954614779066493  0.70566323634136208  0.75065437370296806  0.75593080872407281
  0.76120724374517768  0.76648367876628243  0.77176011378738729  0.77703654880849204
  0.78231298382959691  0.78758941885070177  0.79286585387180664  0.79814228889291139
  0.80341872391401625  0.80869515893512101  0.83894193600632472  0.91747267552705380
  0.92194578868450583  0.92641890184195796  0.93089201499940999  0.93536512815686201
  0.93977824852109026  0.94413659398922012  0.94849493945734986  0.95285328492547960
  0.95721163039360946  0.96040934494271268  0.96320482689974551  0.96600030885677834
  0.96879579081381106  0.97159127277084389  0.97377247015635171  1.00000000000000000
 -0.00183469454447428  0.20915927920415625  0.20998522507497924  0.21081117094580226
  0.21163711681662525  0.21246306268744825  0.21328900855827126  0.21411495442909426
  0.21494090029991725  0.21576684617074024  0.21659279204156326  0.21741873791238625
  0.21824468378320924  0.21907062965403223  0.21989657552485525  0.22072252139567825
  0.22154846726650124  0.22237441313732426  0.22320035900814725  0.22402630487897024
  0.22485225074979323  0.22567819662061625  0.22650414249143924  0.22733008836226223
  0.22815603423308523  0.22898198010390824  0.23000091371938491  0.23107542897362512
  0.23214994422786533  0.23322445948210557  0.23429897473634578  0.23537348999058599
  0.23644800524482623  0.23752252049906644  0.23859703575330665  0.23967155100754689
  0.24074606626178710  0.24182058151602731  0.24289509677026755  0.24396961202450776
  0.24504412727874797  0.24611864253298821  0.24719315778722842  0.24826767304146863
  0.24934218829570884  0.28782351778840909  0.35710773700712295  0.36630487697632752
  0.37532397984413701  0.38125941290122439  0.38719484595831177  0.39313027901539915
  0.39906571207248659  0.40500114512957403  0.41093657818666146  0.41688401849448420
  0.42316651809675043  0.42944901769901661  0.43573151730128284  0.48074499982699526
  0.48616330493019311  0.49158161003339101  0.49699991513658892  0.50241822023978677
  0.50783652534298473  0.51325483044618259  0.51867313554938055  0.52409144065257840
  0.52950974575577636  0.53492805085897432  0.54034635596217229  0.61543249221327911
  0.71296453108753144  0.77270099236576395  0.77729357251904907  0.78188615267233419
  0.78647873282561942  0.79107131297890454  0.79566389313218966  0.80025647328547478
  0.80484905343875990  0.80944163359204502  0.81403421374533014  0.81862679389861526
  0.82321937405190038  0.82781195420518550  0.83240453435847062  0.89821932390897796
  0.91342195481836574  0.92862458572775330  0.94382721663714086  0.95882584567624018
  0.96957578189532279  0.98023233533137510  0.99011616766568744  1.00000000000000000
  0.01220696767171220  0.01475273700901772  0.01729850634632324  0.01984427568362875
  0.02505276013351703  0.03195300213366966  0.03885324413382228  0.06447874534061790
  0.06956748255483089  0.07465621976904387  0.07974495698325684  0.08483369419746983
  0.08992243141168287  0.09501116862589590  0.10009990584010893  0.10518864305432196
  0.11027738026853494  0.11536611748274792  0.12045485469696089  0.12513309470165540
  0.12637903664340702  0.12762497858515862  0.12887092052691024  0.13011686246866183
  0.13136280441041343  0.13260874635216505  0.13385468829391664  0.13510063023566826
  0.13634657217741986  0.13759251411917148  0.13883845606092307  0.14008439800267469
  0.14133033994442629  0.14257628188617788  0.14382222382792950  0.14506816576968110
  0.14631410771143272  0.14756004965318434  0.14880599159493596  0.15005193353668758
  0.15129787547843920  0.15254381742019082  0.15378975936194245  0.15503570130369404
  0.15628164324544566  0.15752758518719728  0.15877352712894890  0.16001946907070053
  0.16126541101245215  0.16251135295420377  0.16375729489595539  0.16500323683770701
  0.16624917877945863  0.16749512072121026  0.16874106266296185  0.16998700460471344
  0.17123294654646506  0.17247888848821666  0.17372483042996828  0.17497077237171987
  0.17621671431347150  0.17746265625522309  0.17870859819697471  0.17995454013872630
  0.18120048208047790  0.18244642402222952  0.18369236596398111  0.18493830790573274
  0.18618424984748433  0.18743019178923595  0.28417533813977142  0.38658874177561597
  0.46012268033108789  0.46609790740733731  0.47207313448358673  0.47804836155983621
  0.48402358863608558  0.48999881571233495  0.49597404278858431  0.50194926986483368
  0.50792449694108299  0.51389972401733242  0.51987495109358173  0.56958800977346391
  0.58596664044559899  0.60234527111773428  0.61872390178986947  0.68816979456260130
  0.71637010938011236  0.72637709955036356  0.73498056975580306  0.74304157305696827
  0.74754697481791177  0.74754697481792176  0.74754697481793175  1.00000000000000000
  0.03124409516652429  0.03921450721566084  0.04875758421261752  0.05899951019237887
  0.06934137585998140  0.07973513519678617  0.09012889453359101  0.10052265387039588
  0.12558755766580290  0.12688346201334480  0.12817936636088670  0.12947527070842862
  0.13077117505597052  0.13206707940351242  0.13336298375105432  0.13465888809859622
  0.13595479244613812  0.13725069679368002  0.13854660114122191  0.13984250548876384
  0.14113840983630574  0.14243431418384764  0.14373021853138954  0.14502612287893143
  0.14632202722647336  0.14761793157401526  0.14891383592155719  0.15020974026909908
  0.15150564461664101  0.15280154896418294  0.15409745331172484  0.15539335765926676
  0.15668926200680866  0.15798516635435059  0.15928107070189251  0.16057697504943441
  0.16187287939697634  0.16316878374451826  0.16446468809206016  0.16576059243960209
  0.16705649678714402  0.16835240113468591  0.16964830548222781  0.17094420982976971
  0.17224011417731161  0.17353601852485351  0.17483192287239541  0.17612782721993731
  0.17742373156747920  0.17871963591502113  0.18001554026256303  0.18131144461010493
  0.18260734895764683  0.18390325330518872  0.18519915765273062  0.18649506200027255
  0.21136464459843413  0.31765286974870449  0.42394109489897486  0.53022932004924517
  0.60634851007293367  0.61351691704440003  0.62068532401586640  0.62785373098733277
  0.63502213795879903  0.64219054493026539  0.64935895190173176  0.65652735887319824
  0.66369576584466461  0.67030179574697224  0.67650978775783988  0.68271777976870751
  0.68892577177957515  0.69513376379044278  0.70134175580131042  0.70754974781217805
  0.71375773982304580  0.71996573183391344  0.72617372384478118  0.78421214215528001
  0.87577109630930527  0.88105861347069769  0.88634613063209011  0.89163364779348253
  0.89692116495487495  0.90220868211626748  0.90749619927765990  0.91278371643905243
  0.91807123360044485  0.92335875076183727  0.92864626792322968  0.93393378508462210
  0.96012523668633831  0.97395882175099513  0.98716792752651505  1.00000000000000000
  0.00687938531239825  0.35910449839778891  0.36404233012891107  0.36898016186003324
  0.37391799359115541  0.37935422607750302  0.38493031780700959  0.39050640953651611
  0.39986035081062715  0.45871367147169129  0.45979674540245424  0.46087981933321720
  0.46196289326398016  0.46304596719474311  0.46412904112550607  0.46521211505626897
  0.46629518898703193  0.46737826291779488  0.46846133684855784  0.46954441077932080
  0.47062748471008375  0.47171055864084671  0.47279363257160961  0.47387670650237257
  0.47495978043313553  0.47604285436389848  0.47712592829466144  0.47820900222542440
  0.47929207615618735  0.48037515008695025  0.48145822401771321  0.48254129794847617
  0.48362437187923907  0.48470744581000202  0.48579051974076498  0.48687359367152788
  0.48795666760229084  0.48903974153305380  0.49012281546381670  0.49120588939457965
  0.49228896332534261  0.49337203725610551  0.49445511118686847  0.49553818511763142
  0.49662125904839433  0.49770433297915728  0.49878740690992018  0.49987048084068314
  0.50095355477144610  0.50203662870220900  0.50311970263297201  0.50420277656373491
  0.50528585049449781  0.50636892442526082  0.50745199835602373  0.50853507228678663
  0.50961814621754964  0.51070122014831254  0.51178429407907544  0.51286736800983845
  0.51395044194060135  0.51503351587136426  0.51611658980212727  0.51719966373289017
  0.51828273766365307  0.51936581159441608  0.52044888552517898  0.57896435995629980
  0.62717601549758550  0.63162436120263721  0.63607270690768902  0.64052105261274073
  0.64496939831779254  0.64941774402284436  0.65386608972789606  0.65831443543294788
  0.66276278113799969  0.66721112684305151  0.67165947254810332  0.67610781825315502
  0.68055616395820684  0.68500450966325854  0.72706332864719692  0.75653582000719422
  0.76530299585751038  0.77407017170782655  0.78283734755814283  0.79160452340845910
  0.80037169925877527  0.80913887510909144  0.86807016580508689  0.94079840385459768
  0.95516522657217284  0.96801718446549423  0.97756863037745156  1.00000000000000000
 -0.00028491417566935  0.14674142076155511  0.14764950818977696  0.14855759561799878
  0.14946568304622063  0.15037377047444248  0.15128185790266432  0.15218994533088617
  0.15309803275910802  0.15400612018732984  0.15491420761555169  0.15582229504377354
  0.15673038247199539  0.15763846990021724  0.15854655732843909  0.15945464475666091
  0.16036273218488276  0.16127081961310460  0.16217890704132645  0.16308699446954827
  0.16399508189777012  0.16490316932599197  0.16581125675421382  0.16673429274833662
  0.16790007275310589  0.16906585275787514  0.17023163276264439  0.17139741276741366
  0.17256319277218291  0.17372897277695218  0.17489475278172142  0.17606053278649070
  0.17722631279125994  0.17839209279602919  0.17955787280079846  0.18072365280556771
  0.18188943281033695  0.18305521281510623  0.18422099281987547  0.18538677282464475
  0.18655255282941399  0.18772174480974452  0.18890574293045120  0.19008974105115786
  0.19127373917186452  0.19245773729257121  0.19364173541327787  0.19482573353398452
  0.19600973165469121  0.19719372977539787  0.19837772789610453  0.19956172601681121
  0.20074572413751787  0.20192972225822453  0.20311372037893119  0.20429771849963788
  0.20548171662034453  0.20666571474105119  0.20784971286175788  0.26129897267142582
  0.35083811989594582  0.39814904520363226  0.40280392968409029  0.40745881416454832
  0.41211369864500630  0.41676840362325729  0.42141508960420399  0.42606177558515063
  0.43070846156609732  0.43535514754704396  0.44000183352799066  0.44464851950893730
  0.44929520548988400  0.45394189147083064  0.45913730328072483  0.47377347161408223
  0.53571206342144562  0.60628985813082625  0.61530635634306530  0.62432285455530434
  0.63333935276754338  0.64235585097978243  0.65137234919202147  0.66038884740426063
  0.69386336453291009  0.78340251175743003  0.87294165898194997  0.90049736148590809
  0.90676336206191843  0.91302936263792878  0.91842518341616186  0.92261694414894546
  0.92680870488172917  0.93100046561451277  0.93226629892985025  1.00000000000000000
  0.07377426653870157  0.08394881862525841  0.08456430391718357  0.08517978920910874
  0.08579527450103389  0.08641075979295905  0.08702624508488420  0.08764173037680936
  0.08825721566873451  0.08887270096065968  0.08948818625258484  0.09010367154450999
  0.09071915683643515  0.09133464212836030  0.09195012742028547  0.09256561271221062
  0.09318109800413578  0.09379658329606094  0.09441206858798609  0.09502755387991126
  0.09564303917183641  0.09625852446376157  0.09687400975568672  0.09748949504761188
  0.09810498033953705  0.09872046563146220  0.09933595092338736  0.09995143621531251
  0.10056692150723767  0.10118240679916282  0.10179789209108799  0.10241337738301315
  0.10302886267493830  0.10364434796686346  0.10428642878483106  0.10507761176771316
  0.10586879475059527  0.10665997773347737  0.10745116071635946  0.10824234369924157
  0.10903352668212367  0.10982470966500577  0.11061589264788788  0.11140707563076997
  0.11219825861365207  0.11298944159653418  0.11378062457941628  0.11457180756229837
  0.11536299054518048  0.11615417352806258  0.11694535651094468  0.11773653949382679
  0.11852772247670888  0.11931890545959098  0.12011008844247308  0.12090127142535519
  0.12169245440823728  0.12248363739111938  0.12327482037400149  0.12406600335688359
  0.12485718633976568  0.12799421526685681  0.13164795409050839  0.13530169291415994
  0.13895543173781152  0.14260917056146308  0.14622924966786310  0.14959669735585862
  0.15296414504385414  0.15633159273184968  0.15969904041984520  0.16306648810784072
  0.16643393579583624  0.17034636021282129  0.17429924535277358  0.17825213049272587
  0.18220501563267816  0.18615790077263047  0.18978552171620380  0.19324593751877067
  0.19670635332133754  0.20016676912390438  0.20362718492647125  0.20708760072903812
  0.25595272620435133  0.33035745358391666  0.40476218096348210  0.47916690834304759
  0.55357163572261292  0.62797636310217819  0.66122977595560328  0.66122977595561327
  0.66122977595562327  0.66122977595563326  0.66122977595564325  1.00000000000000000
  0.01511495908101394  0.01533580662105070  0.01555665416108746  0.01577750170112422
  0.01599834924116098  0.01621919678119774  0.01644004432123450  0.01666089186127126
  0.01688173940130801  0.01710258694134478  0.01732343448138153  0.01754428202141829
  0.01776512956145505  0.01798597710149181  0.01820682464152857  0.01842767218156533
  0.01864851972160209  0.01886936726163885  0.01909021480167561  0.01931106234171236
  0.01953190988174913  0.01975275742178588  0.01997360496182264  0.02019445250185940
  0.02041530004189616  0.02063614758193292  0.02094549401216537  0.02199234682576881
  0.02303919963937226  0.02408605245297571  0.02513290526657915  0.02617975808018260
  0.02722661089378605  0.02827346370738949  0.02932031652099294  0.03036716933459638
  0.03141402214819983  0.03246087496180328  0.03350772777540673  0.03455458058901018
  0.03560143340261362  0.03664828621621707  0.03769513902982052  0.03874199184342397
  0.03978884465702742  0.04083569747063086  0.06128847907463551  0.15643766065091616
  0.25158684222719679  0.34673602380347751  0.36783490492737070  0.38266098050016745
  0.39748705607296420  0.41231313164576111  0.48387620284124078  0.52357147797717074
  0.52804858811583377  0.53252569825449680  0.53700280839315984  0.54147991853182276
  0.54595702867048579  0.55043413880914871  0.55491124894781174  0.55938835908647466
  0.56365646256385071  0.56744828018542937  0.57124009780700791  0.57503191542858656
  0.57882373305016510  0.58261555067174375  0.58761580036625072  0.59289821718017766
  0.59818063399410459  0.60346305080803164  0.60874546762195858  0.61402788443588552
  0.61931030124981234  0.62459271806373928  0.65014518608068506  0.65627046287500368
  0.66239573966932241  0.66852101646364115  0.67464629325795977  0.68077157005227840
  0.68689684684659702  0.69302212364091564  0.69914740043523427  0.70527267722955289
  0.75593871678586888  0.85108789836214960  0.94623707993843020  0.96616134887932670
  0.97512947666093908  0.98365903566042667  0.99182951783021311  1.00000000000000000
  0.24879967768987016  0.58885547926299808  0.59437762519266280  0.59989977112232751
  0.60510243508920913  0.60921910364080745  0.61333577219240576  0.61745244074400407
  0.62156910929560238  0.62576140726803231  0.63033207307192418  0.63490273887581594
  0.63947340467970781  0.64404407048359968  0.64861473628749156  0.65318540209138354
  0.65775606789527541  0.66232673369916728  0.67130908455230731  0.73115700201644684
  0.73652378504642346  0.74189056807639997  0.74725735110637659  0.75262413413635310
  0.75799091716632971  0.76335770019630633  0.76872448322628284  0.77397085052673087
  0.77913927309040421  0.78430769565407754  0.78947611821775088  0.79684492367223614
  0.80583234869985987  0.81481977372748371  0.82380719875510744  0.83279462378273128
  0.87554509593839025  0.87666443523305337  0.87778377452771650  0.87890311382237973
  0.88002245311704286  0.88114179241170598  0.88226113170636911  0.88338047100103223
  0.88449981029569535  0.88561914959035848  0.88673848888502160  0.88785782817968473
  0.88897716747434785  0.89009650676901098  0.89121584606367421  0.89233518535833733
  0.89345452465300046  0.89457386394766358  0.89569320324232671  0.89681254253698983
  0.89793188183165296  0.89905122112631608  0.90017056042097932  0.90128989971564244
  0.90240923901030556  0.90352857830496869  0.90464791759963181  0.90576725689429505
  0.90688659618895817  0.90800593548362130  0.90912527477828442  0.91024461407294754
  0.91136395336761078  0.91248329266227390  0.91360263195693703  0.91472197125160015
  0.91584131054626328  0.91696064984092640  0.91807998913558964  0.91919932843025276
  0.92031866772491588  0.92143800701957901  0.92255734631424213  0.92367668560890526
  0.92479602490356838  0.92591536419823151  0.92703470349289463  0.92815404278755775
  0.92927338208222088  0.93039272137688411  0.93151206067154724  0.93263139996621036
  0.93375073926087349  0.93487007855553661  0.93598941785019973  0.93710875714486286
  0.96368618028475428  0.97631290237791379  0.98825622904090082  1.00000000000000000
   3.4941325077969748E-015  -1.0000000000000000     
 F F F F F F F F F F F F F F F F F F F F F F F F F F F F F F F F F F F F F F F F F F F F F F F F F F F F F F F F F F F F F F F F F F F F F F F F F F F F F F F F F F F F F F F F F F F F F F F F F F F F F F F F F F F F F F F F F F F F F F F F F F F F F F F F F F F F F F F F F F F F F F F F F F F F F F F F F F F F F F F F F F F F F F F F F F F F F F F F F F F F F F F F F F F F F F F F F F F F F F F F F F F F F F F F F F F F F F F F F F F F F F F F F F F F F F F F F F F F F F F F F F F F F F F F F F F F F F F F F F F F F F F F F F F F F F F F F F F F F F F F F F F F F F F F F F F F F F F F F F F F F F F F F F F F F F F F F F F F F F F F F F F F F F F F F F F F F F F F F F F F F F F F F F F F F F F F F F F F F F F F F F F F F F F F F F F F F F F F F F F F F F F F F F F F F F F F F F F F F F F F F F F F F F F F F F F F F F F F F F F F F F F F F F F F F F F F F F F F F F F F F F F F F F F F F F F F F F F F F F F F F F F F F F F F F F F F F F F F F F F F F F F F F F F F F F F F F F F F F F F F F F F F F F F F F F F F
  <DiscreteSampler_grid>
  grouped_processes
  1 # 1 for a reference and 2 for a running grid.
  10 # Attribute 'min_bin_probing_points' of the grid.
  1 # Attribute 'grid_mode' of the grid. 1=='default',2=='initialization'
  0.0000000000000000 # Attribute 'small_contrib_threshold' of the grid.
  0.5000000000000000 # Attribute 'damping_power' of the grid.
 # binID   n_entries weight   weight_sqr   abs_weight
    10   10   8.976474403843285E-002   7.950615288497551E-002   8.976474403843285E-002
  </DiscreteSampler_grid>
