  0.00254759112721581  0.01523568527704184  0.02222546190803263  0.02832258319613681
  0.03471575366115628  0.04001425794636889  0.04629048411772462  0.05420841599846774
  0.06215618611802771  0.06897531145448219  0.07517549925022576  0.08245510236133195
  0.08968100661698994  0.09679294835881259  0.10648993648885245  0.11644339046609140
  0.12431031488770269  0.13195237500880677  0.14028739830411455  0.14964766357565740
  0.16245267254093967  0.18216165094598885  0.20247118801090144  0.21933997336572905
  0.23270059009414040  0.24361241423461738  0.25338339298594204  0.26465982412828293
  0.27611881844843927  0.28572637497559611  0.29548925487696531  0.30534562424538630
  0.31421715109585552  0.32454928973612390  0.33535779609593869  0.34701668163427929
  0.35818232536181627  0.36888496697065942  0.37874772887386249  0.39172749363979048
  0.40600551933242607  0.41831821012427189  0.43063131302370194  0.44358441094517398
  0.45598832473450845  0.46978894556307366  0.47986439885725846  0.49062865286887064
  0.50367848658478931  0.51636494778430952  0.52586003760612876  0.53662762021648669
  0.54950343000308477  0.56303510898798936  0.57359059838647930  0.58265169076788503
  0.59320748051655114  0.60648410876706582  0.61729462104152832  0.62753030880731164
  0.63616154258729474  0.63949057108604868  0.64329755049374260  0.64779457439337718
  0.65311633911900768  0.65828118198936703  0.66388010659996444  0.66956036101822791
  0.67463391185409249  0.68877719034325624  0.70574137640130441  0.72376392084888930
  0.74014833594578111  0.75457251207327736  0.76650619774743745  0.77613517019372247
  0.78602237222269200  0.79609836125151479  0.80770323830281576  0.82125662191404925
  0.83365627531901154  0.84367569574951495  0.85230949999509897  0.85948353972661917
  0.86456551829973938  0.87096749055815326  0.87675270371213010  0.88342278766794036
  0.89132286691857954  0.90493872169183831  0.91947533742246013  0.93223724665498187
  0.94421142094502319  0.95649114315479700  0.97283503324888887  1.00000000000000000
  0.00846713772118607  0.00909479852419791  0.00977707321815054  0.01047144724872440
  0.01117157985998911  0.01201766004001156  0.01296157152767089  0.01392789993644779
  0.01493250701539833  0.01640111383793768  0.01936229897841723  0.02380171628142531
  0.03008905341682237  0.03755001024989046  0.04393297189730041  0.04792301780065820
  0.05186037418960119  0.05735186881265072  0.06562585605829992  0.07518498639743812
  0.08430660820648377  0.09455235092464495  0.10522872202781067  0.11759723935037254
  0.13242371943523851  0.14998595816146118  0.16890072302310499  0.18547600901238709
  0.20091529099012259  0.21543950429138994  0.23239972484400911  0.24845056333374943
  0.26657325739495569  0.29007099768342215  0.31619207443891378  0.33787064919028315
  0.35134738155324652  0.36629406943198117  0.38402828443231374  0.40119555409319152
  0.41865308990759148  0.43766128412637584  0.45800768020046545  0.47891780260789596
  0.49822492950177011  0.51791507338981735  0.53100371485512687  0.54382195179288306
  0.55691779057784918  0.56923591148837538  0.58157319091511062  0.59414422562427105
  0.60684404625193944  0.62060459563200387  0.63726359077505623  0.65366205402291655
  0.67008554507464846  0.68804916538632988  0.70644432200791873  0.72439560475189191
  0.74192759739806169  0.75739451145264314  0.77301165947630701  0.78976380545963698
  0.80535931842445074  0.81966693165688675  0.83467241690132699  0.85078287798648000
  0.86711239091858050  0.88110494012022156  0.89309076056959236  0.90642064948309020
  0.91946672835486321  0.92971064379987323  0.93777006065683788  0.94490771501245197
  0.95172594347040740  0.95749092993940887  0.96146378553945266  0.96558049082508945
  0.96898543522552638  0.97155749063113184  0.97376668479163808  0.97627209722495789
  0.97819423498804325  0.98035180824568280  0.98235672365590498  0.98399135896819812
  0.98540558917023602  0.98668066694603251  0.98762195559900634  0.98846215281047878
  0.98920398494242090  0.98977640054481453  0.99020124387932695  1.00000000000000000
  0.00295373273810839  0.01430127452748740  0.02373755542870006  0.03113094792274274
  0.03896036300058531  0.04911050717926761  0.06178029130698563  0.07607045755112622
  0.09137222296858981  0.10702530309340177  0.12277431723530935  0.13853464814530009
  0.15507400305354782  0.16896338898896909  0.17981032225338034  0.18948496501890483
  0.20028517651990585  0.21372028808535801  0.22867164861333111  0.24316913071129218
  0.25295391947139140  0.26069037499212355  0.26852296919826540  0.27733520189014155
  0.28733110215623631  0.29937594946620022  0.31240233354877556  0.32572044758147584
  0.33855750062468443  0.35099316626272076  0.35829897395847438  0.36492715323614944
  0.37193886937148196  0.38014268896750947  0.38890596374864006  0.39916775042694946
  0.41127705423357475  0.42382228574029307  0.43762354591069114  0.45124810405232407
  0.46291362304801426  0.47194960099213512  0.48005806148496372  0.48850631268562666
  0.49508541487596108  0.50251526664784951  0.51066113653286060  0.51861676721466721
  0.52699716182607448  0.53589115544020083  0.54378225312437500  0.55396641165654514
  0.56810971320196901  0.57987038522543677  0.58999573191460919  0.59958329118037745
  0.60891839552177052  0.61958173807517547  0.62938336550586016  0.63724639492721435
  0.64574165427167707  0.64917328326717327  0.65409390297502323  0.65965709594623434
  0.66683568634396495  0.67601303127565993  0.69064422542848858  0.70714872597973910
  0.72197443906844283  0.73479397222806364  0.74702800459128016  0.75877014909330442
  0.77178997169232266  0.78566908219641429  0.79785141594589304  0.81303330815357844
  0.82964023866082337  0.83610134837866446  0.84247562413744204  0.84852292476708380
  0.85487726062689806  0.86209556828632283  0.86983444289013934  0.87647412765644084
  0.88259484381986308  0.88879874163080230  0.90007314348882905  0.90622296095816746
  0.91160433153855214  0.91849547431109713  0.92823467714283292  0.93917040896807957
  0.95276051876196788  0.96820611901784548  0.98414016902134582  1.00000000000000000
  0.00838614667654927  0.00918658800894810  0.01053054508564195  0.01202937177285816
  0.01342869179950932  0.01467656078323317  0.01599465076599546  0.01742811910431721
  0.01886606736861318  0.02107515222777961  0.02306211454971777  0.02520073077469386
  0.02771671506756454  0.03040546067751989  0.03429462204323331  0.04144414273266042
  0.05075495457958162  0.06131246906066572  0.07261419596061211  0.08494476672393857
  0.09951359122371375  0.11688147887254807  0.13469046919898758  0.15259002278153397
  0.17059569263819646  0.18650000185565113  0.20136848185215731  0.21636969945804244
  0.23578052191533613  0.26054017391480588  0.27089894595457809  0.28035656944535370
  0.28951878935498920  0.29778123328025169  0.30476418114200804  0.31268255722368893
  0.32062197597477027  0.32834896693899185  0.34297362607810317  0.36258446599998484
  0.38059871763513464  0.40091745868859485  0.42644383366067606  0.45427511931317605
  0.48226714622135775  0.50750164112311169  0.53276839916837293  0.56135565685987909
  0.58480999585078064  0.60437708728153849  0.62490983298413816  0.64585940607928283
  0.66663029799292295  0.68808246301344478  0.70818205239665299  0.72964293375405920
  0.75677998144473801  0.78076591711723664  0.79899955111135423  0.81553047210230833
  0.82602216898207370  0.83460426674935784  0.84265716504684107  0.85113349807544103
  0.86211977217915969  0.87498594074803471  0.88984889341821005  0.90514980667700118
  0.92018283698687142  0.93108250241744228  0.93670780616341487  0.94166704342812435
  0.94668333800715110  0.95250488033208214  0.95679817172584924  0.95862264691883925
  0.96101711006798995  0.96383662161665973  0.96662031813870297  0.96914859036463430
  0.97182165415373978  0.97438225762998987  0.97635277676645305  0.97822437918632377
  0.98010692790328546  0.98189667278446879  0.98351753907766792  0.98490633280244833
  0.98613393137679872  0.98716647450038530  0.98798320683867080  0.98865983025300297
  0.98924870624944572  0.98975792197720203  0.99012594872992465  1.00000000000000000
  0.00000000084901850  0.00000000092458938  0.00000000096523232  0.00000000098575753
  0.00000000099786757  0.00000000101176183  0.00000000102526949  0.00000000103792165
  0.00000000104749886  0.00000000105681894  0.00000000106594554  0.00000000107447881
  0.00000000108001998  0.00000000108417311  0.00000000108794435  0.00000000109361582
  0.00000000110539789  0.00000000111936881  0.00000000113855533  0.00000000116780183
  0.00000000119048117  0.00000000121153623  0.00000000122988780  0.00000000124683642
  0.00000000126234526  0.00000000127584044  0.00000000128993034  0.00000000130353227
  0.00000000132117865  0.00000000133846761  0.00000000135805905  0.00000000137886073
  0.00000000139678442  0.00000000141478457  0.00000000143574017  0.00000000146400375
  0.00000000150695148  0.00000000154924468  0.00000000158350052  0.00000000161540079
  0.00000000164619043  0.00000000167549898  0.00000000170382095  0.00000000173272859
  0.00000000176229437  0.00000000180065847  0.00000000184639152  0.00000000189412929
  0.00000000194241221  0.00000000199539466  0.00000000205067164  0.00000000211095204
  0.00000000217370404  0.00000000223074912  0.00000000228973400  0.00000000234994466
  0.00000000241501676  0.00000000250273827  0.00000000257483343  0.00000000262934720
  0.00000000269778866  0.00000000276960168  0.00000000285731267  0.00000000298680584
  0.00000000310875980  0.00000000323962906  0.00000000338658301  0.00000000353347250
  0.00000000370528505  0.00000000388366851  0.00000000403493394  0.00000000417605477
  0.00000000433173324  0.00000000452217123  0.00000000475344289  0.00000000491394754
  0.00000000507583473  0.00000000522058277  0.00000000546155616  0.00000000584926923
  0.00000000632430906  0.00000000692433399  0.00000000777444730  0.00000000893485208
  0.00000001045234560  0.00000001246782911  0.00000001533811671  0.00000001993145694
  0.00000002902891097  0.00000004703581650  0.00000008808927394  0.00000038490843983
  0.00002116064764779  0.00087036663699291  0.13841010743873691  1.00000000000000000
  0.00004296466286691  0.00029128567165364  0.00041309883651999  0.00053029157111931
  0.00059380350509863  0.00066290468841085  0.00075892330423740  0.00084803978417044
  0.00094843354121552  0.00102819875683143  0.00109107101412676  0.00117385818868011
  0.00132002788072899  0.00149429347943047  0.00165142046631479  0.00179738158852565
  0.00198063039771667  0.00216722186569244  0.00234116704112730  0.00247847665001478
  0.00264547393850107  0.00285007260660569  0.00308733746254233  0.00332561842861088
  0.00357341813502468  0.00385191458781825  0.00414477600899518  0.00445560364816589
  0.00475370326792819  0.00504138068898837  0.00532849779974002  0.00564469641118585
  0.00597548356056295  0.00631970371528150  0.00671495805706549  0.00712696721142378
  0.00726666315241584  0.00740531747299194  0.00754049438937003  0.00769224454382552
  0.00786632363556141  0.00806364480228883  0.00827934968977211  0.00847152801271554
  0.00875506933984357  0.00919001437853644  0.00963945233421254  0.01005361864149403
  0.01058366417410143  0.01113666091051763  0.01174612641427263  0.01222763081714052
  0.01270287558681285  0.01317760135970113  0.01357587309232772  0.01418554500496145
  0.01495577743462165  0.01572016784439958  0.01648525838206131  0.01725127124430679
  0.01794618312988048  0.01875455691522408  0.01975915963726991  0.02025729677062913
  0.02112693026184766  0.02226657796888173  0.02314582776810205  0.02391166738037952
  0.02466640714444895  0.02527057806735219  0.02589477200045404  0.02666700013367088
  0.02776237684895645  0.02847307850333458  0.02910997895681673  0.02930877967786516
  0.02950758039891360  0.02991980681714734  0.03033305288366072  0.03167886144478848
  0.03317992810720974  0.03477624123735489  0.03615121596420297  0.03739894786453902
  0.03865100261596964  0.03982845971311769  0.04095008598178718  0.04216931547065547
  0.04400501647116578  0.04758710040284562  0.04987736987745215  0.05358711222913651
  0.06206873792256362  0.08785394202929589  0.35638936485281236  1.00000000000000000
 -0.00217383453333186  0.00757410844176052  0.01746142034291260  0.02342052073944280
  0.03006404770217826  0.03913660790323916  0.05040143921175692  0.06187660447146531
  0.07427355406106854  0.08678034420216618  0.09869748159837280  0.11044682436918735
  0.12249363244028522  0.13498163583101888  0.15030949492109749  0.16259220593292928
  0.17237534536062940  0.18109671763376248  0.18964222834217784  0.19729753523827723
  0.20468601932002969  0.21239376057104586  0.22018727449963688  0.23291256460411797
  0.23999536280894496  0.24690884454642359  0.25525497816210563  0.26230196664713396
  0.26841016819483304  0.27523649863172556  0.28564760188895733  0.29959860193882226
  0.31470095326326547  0.32851617238309422  0.33946870525209072  0.35007530905173145
  0.35995218784755839  0.36762510162119916  0.37568331679845102  0.38443217750443059
  0.39286870303456206  0.39892595456913776  0.40822497998817403  0.41589906333205046
  0.42193855165681793  0.43035094274304003  0.44080807080128903  0.45061304780019629
  0.45971124817459419  0.46382105658566397  0.46680526879140721  0.47016468950309970
  0.47456084614444516  0.47901434542624000  0.48306225995501362  0.48677817217070013
  0.49101131775806761  0.50021595080179881  0.50964945539195561  0.51733594210685951
  0.52594211665025015  0.53742928908182031  0.54896861788023055  0.56109119538939800
  0.57271907538613853  0.58507028464200905  0.59855378898346523  0.61273796811881831
  0.62729615670955896  0.64268929119940776  0.65837152468762883  0.67191959953303615
  0.68694144253192280  0.70290646694604531  0.71979427218938274  0.73591547382359601
  0.74896157010149367  0.75937040673236467  0.77018165936070970  0.78134787162471908
  0.79347330694697715  0.80710513193259026  0.82173045328379501  0.83654298162199603
  0.85606113699909303  0.86993417795516259  0.88237016696013537  0.89429400515849311
  0.90828139024033172  0.92254232538285819  0.93616621972186664  0.94738304963945041
  0.95712794308720572  0.96785123900180048  0.98122336400995169  1.00000000000000000
 -0.00123647330495732  0.00529599816672981  0.01319010647175002  0.02068781197553960
  0.02804711737636865  0.03503907710333894  0.03924532590665262  0.04294776366822901
  0.04681585872276584  0.05083827538237352  0.05413131310610510  0.05825752627640236
  0.06424070748873734  0.07072688299455383  0.07846173411527077  0.08844880344514554
  0.09763501974678133  0.10441549982162934  0.11068813357120036  0.11721259406981548
  0.12609280137626649  0.13718369200956285  0.14543296686277907  0.15273522265577641
  0.16065344190123193  0.16924237580060925  0.18152918453552561  0.19437443667586127
  0.20831643307447348  0.22314137730592587  0.23772605969222962  0.25167020536115103
  0.26538739757339352  0.27897718227257678  0.29261262429476281  0.30672580598441462
  0.32107934470791666  0.33561983038049120  0.35194111558144497  0.36343543067614276
  0.37275301544732292  0.38309448653377332  0.39511990320804879  0.40655143361532159
  0.41906976066937313  0.43294609252449362  0.44795604081400087  0.45626693285891168
  0.46452726540232031  0.47211966987844739  0.47924395413438736  0.48973127801068922
  0.50301305314495071  0.51873289896547070  0.53443339480849650  0.54546926073590962
  0.55267045284304628  0.55950622931897209  0.56630400674533432  0.57286657330272495
  0.57973463707817663  0.58736039364545978  0.59759344410881055  0.61049873957737688
  0.61960250486307866  0.62822621626724728  0.63849168887986940  0.65041735950518698
  0.66248507639573218  0.67733632048889969  0.69128359035568832  0.70441300738480495
  0.71576399741786945  0.72583738313629331  0.73395466070142890  0.74135435629173785
  0.74948315361408802  0.75956485590321188  0.77090007472255451  0.78717907779096474
  0.80384962227964407  0.81880782921667739  0.83244388853141316  0.84456996376986182
  0.85568964185458363  0.86594181219088362  0.87749285136934208  0.89110326681399721
  0.90572800793658970  0.91928487689080363  0.93124582786394550  0.94166295467216710
  0.95317810653533985  0.96505364220160905  0.97962613262907472  1.00000000000000000
 -0.00170285501915802  0.00787894492548064  0.01846278069562501  0.03047992697719583
  0.04606039715659244  0.06276787770721544  0.07662871789278076  0.08769362735572295
  0.09689878475694520  0.10587851364592378  0.11450016199689889  0.12144361290008102
  0.12746877947209972  0.13366116019236540  0.14057461732215840  0.14947564819817905
  0.16115472876589151  0.17137641992344438  0.17878413875353541  0.18589677689156836
  0.19493492217141006  0.20714814663423595  0.22185726828822583  0.23417366023447858
  0.24867440333058535  0.26208691603552930  0.27355466016045776  0.28392970464319717
  0.29648405313176829  0.31076904017725648  0.33038567196766561  0.33713800144527961
  0.34415766327568864  0.35066902876621076  0.35645621750240480  0.36265225674402468
  0.36797057516647258  0.37185401075687530  0.37542037944540146  0.38543860287128545
  0.39919055883354215  0.41376114974832828  0.42902060689093074  0.44305173801487147
  0.45393095820399454  0.46258517792818099  0.47106716816421490  0.47973910718032231
  0.48911944870660795  0.49887487484530951  0.50792515957519702  0.51714897555808770
  0.52790446042014871  0.54044023657686580  0.55684465278133144  0.57091400481668741
  0.58292739376026015  0.59626959970998483  0.60662512197499030  0.61234826949748822
  0.61985791217525477  0.62756372425827656  0.63432157149948365  0.64075563628251808
  0.64958615504208295  0.65854483415931075  0.66878708418552157  0.67826318257600171
  0.68775728154307869  0.69838267496852946  0.70960810588780077  0.71723391013027316
  0.72625217766590178  0.73509259563210161  0.74189346871725026  0.74764072045750340
  0.75447444026525123  0.76777448842276108  0.78128424584185752  0.79511959319561964
  0.80725123099238749  0.81792682040136577  0.82759571309422630  0.83912581015257237
  0.85299756918923964  0.86730464317681166  0.88106514487847221  0.89477689848759778
  0.90755043866506857  0.91937476321347478  0.93049164742143475  0.94174071293915906
  0.95216873753266684  0.96304801622145075  0.97488966675866284  1.00000000000000000
 -0.00333042662800594  0.01123833124622282  0.02695314347458316  0.04546052497518088
  0.06327154088807975  0.07846765534635985  0.09174122958380754  0.10338996464518120
  0.11447821381903883  0.12503696566690925  0.13520168392668605  0.14573623535612676
  0.15769462514262697  0.17247850061789696  0.18794415811560633  0.19862618200166299
  0.20613507602220396  0.21095355641337080  0.21616976672172614  0.22177300886375229
  0.22847978026424220  0.23436059782241100  0.24368038356410363  0.25297933918315363
  0.26723152018335500  0.28558065797333987  0.30365411326626124  0.31889207250423141
  0.32939570826903508  0.33806591476912923  0.34884967008642770  0.35992831557086014
  0.36982568697836810  0.37981799241557718  0.38985076981434907  0.39942745154206410
  0.40773253569278595  0.41576367760735544  0.42475319206476653  0.43508939356386078
  0.44704122966424548  0.46444267952384743  0.47699501980448789  0.49051988696531534
  0.50334756750244447  0.51433157763521498  0.52455423683581637  0.53445965808754070
  0.54298101859214587  0.55027285979934903  0.56025934026296731  0.57024907305070482
  0.58083005635092888  0.59218079301596327  0.60244259331121952  0.60914908111434951
  0.61428253989182269  0.62157019187184437  0.63118324982676399  0.64122857467876915
  0.65119425317954727  0.66183225762070375  0.67644179976334950  0.69279953235088054
  0.69812233117241185  0.70421864649482147  0.71005041871042618  0.71461171094849629
  0.71910156408941883  0.72322570946039522  0.72738653335513159  0.73258991489790060
  0.74311474620225526  0.75234307230128306  0.76419622616915972  0.77775817328578689
  0.79035941854310410  0.79963183111690506  0.80835812581769673  0.81755402495227436
  0.82580018991824788  0.83351574183464172  0.83946260431918895  0.84809502946850879
  0.85748340855166783  0.86984805804356524  0.88234740402065504  0.89486723709986193
  0.90646493438566078  0.91663695672376622  0.92630628188244002  0.93615497532153991
  0.94821638017441101  0.96100923277442796  0.97692528182772109  1.00000000000000000
 -0.00210789596816773  0.00783930744194467  0.01734005139647764  0.02400912540917879
  0.03767996975214294  0.05221620453215609  0.07017239654749793  0.09079614986686076
  0.10979670597809509  0.12479991078496626  0.13627580292922997  0.14571225831708076
  0.15485061278235537  0.16325256475201749  0.17424283303488225  0.18746656823510660
  0.20296091630188035  0.22024969069256997  0.23837175034555777  0.25812894495807043
  0.27689469908459724  0.29490894552678087  0.30970370259454488  0.32003612409221743
  0.33008951168726686  0.34076754056867270  0.34944392318798378  0.35763665414109941
  0.36468124864640433  0.36998712434007880  0.37478030094284803  0.38290943415187978
  0.39243416539615339  0.40166519939291756  0.40985100472955988  0.42173475217218853
  0.43780391939355251  0.45161384046716863  0.45731146824910607  0.46317594795748013
  0.46877379605458663  0.47404450158514888  0.47926328450087707  0.48458906367051996
  0.48991523793411601  0.49469813037795807  0.50469317088656029  0.51983537885436149
  0.53627540831090603  0.55199855602558934  0.56446974655487836  0.57384278667656297
  0.58230225279400993  0.58912824758325688  0.59669921314649976  0.60581364690198058
  0.61716604025954969  0.62772596975523465  0.63787368881052542  0.64802424436896522
  0.65933717052219731  0.67148626235455033  0.68259655952606235  0.69188572049436958
  0.69961867440623948  0.70858599450317272  0.71763243318035208  0.72479849564336762
  0.73236132845030621  0.74044861173278154  0.74812587954556464  0.75577640295007154
  0.76490214737795548  0.77690371237085498  0.79019868503466284  0.80183461537331469
  0.81323140286745865  0.82445231220824655  0.83398090888679532  0.84269237537898944
  0.85305754739892503  0.86268659018535032  0.87087069576510012  0.87881380705523837
  0.88934243556577097  0.90096188408922806  0.91234564207772584  0.92686760820684411
  0.94030777047167369  0.95264776747047819  0.96273641819277000  0.97040207139035517
  0.97755439252587328  0.98424576632482663  0.99203547454675023  1.00000000000000000
 -0.00388259647983154  0.01473826986653829  0.03221521323247740  0.04697568884372523
  0.06002585021881899  0.07179573588126303  0.08308194606135597  0.09565219111581924
  0.10969856965489545  0.12331441662871541  0.13628020794835868  0.14810546924457951
  0.15943599437534042  0.17125775043531388  0.18124896318582637  0.18983924174787392
  0.19775236309562091  0.20507065359028367  0.21299575555641484  0.22361171401758781
  0.23672127557291961  0.24985436682827034  0.26157006727051074  0.27192845015863565
  0.28203405569618262  0.29241769244860527  0.30319902249548936  0.31476886978460966
  0.32590850465222165  0.34198526421222314  0.35752344413210985  0.37204975209815128
  0.38116138929397653  0.38801787629292406  0.39380270799964057  0.39936712889890857
  0.40670772138740691  0.41342768178617395  0.42020688093111241  0.42874068897785983
  0.43889662604140861  0.44970112546629110  0.46163085262317288  0.47543844002749891
  0.48808600335689017  0.50023077815058825  0.51246210656177194  0.52501540130654267
  0.53859486151568758  0.55210477920749124  0.56370969489202982  0.57491104615574851
  0.58706719011400144  0.60045658203616492  0.61289859396657231  0.62517678517267816
  0.63655008521068990  0.64746238489596197  0.65890181727686636  0.67293906834288431
  0.68377571321602459  0.68958970017453747  0.69530742981921678  0.70106070854166080
  0.70658080888165442  0.71197158815832673  0.71699211544117114  0.72184627978405069
  0.72699163994091409  0.73625278524235838  0.75169738065637415  0.76712571715283950
  0.78176435781121767  0.79461650492728020  0.80550899752699989  0.81312034929275823
  0.81625909986077794  0.82006018780665024  0.82418401027736243  0.82944651054624330
  0.83712342724943400  0.84661417664367589  0.85625311962832074  0.86472781594917236
  0.87231623154162297  0.88216044375876757  0.89411873794698482  0.90714962873412253
  0.92132907028336297  0.93485753224259305  0.94687483337226064  0.95820415717499063
  0.96882627549946421  0.97961549674770532  0.98947901758103285  1.00000000000000000
 -0.00697703026796374  0.02050355064836870  0.03859602724643496  0.05103032137762856
  0.06020140090474418  0.06605804852899076  0.06979114542902251  0.07342668760201512
  0.07835648849502756  0.08535024125689916  0.09268209448053853  0.10079896063658796
  0.11268940108474347  0.12873350208070869  0.14410610857129935  0.15539215998646189
  0.16550257415690448  0.17596242977295304  0.18506371706502397  0.19506334518714008
  0.20396045404387991  0.20972221374250485  0.21524223966225073  0.22252899489090075
  0.23037506502577362  0.23832323112350851  0.24535442159028603  0.25271355849814214
  0.26175345758296775  0.27106663426313582  0.28027394432414388  0.28957791243099679
  0.29890557035994619  0.30792736685975947  0.31780388486901329  0.32686168466963117
  0.34173370622712801  0.35675828619511174  0.37232009284728057  0.38770424695229055
  0.40093345497947003  0.41459708950484914  0.42996280773492074  0.44591172153892872
  0.46178193627015018  0.47709644186398720  0.49209369846624779  0.50927033165729640
  0.51826691190332930  0.52495106236685252  0.53140330454104157  0.53809310445466219
  0.54382377680501925  0.54989058089021670  0.55580973577638204  0.56028389742787010
  0.56447459040895720  0.56911260460044455  0.57811265192045491  0.58673927557908190
  0.59720345288852150  0.60913674531075224  0.62093083199823051  0.63204766034882753
  0.64229018527850856  0.65324911499402583  0.66614481426992722  0.67954997519462867
  0.69269541494472275  0.70354384743708809  0.71202274356140427  0.71911406316124560
  0.72771268288616142  0.73906454894278439  0.74861715755106983  0.75774132940616101
  0.76568278725421568  0.77404429681920373  0.78560615332870298  0.79882656509302530
  0.81346924496881790  0.82857248936739858  0.84363323081104014  0.86001983164322526
  0.87725415992606037  0.89394062462484769  0.90538358788302253  0.91395910663713442
  0.92314747239639416  0.93282369411947674  0.94207454442344229  0.95179589736118519
  0.96227668365096741  0.97318430081057450  0.98632271689760442  1.00000000000000000
 -0.00312289450390440  0.01034099075481076  0.02183696566200441  0.03308536729068317
  0.04526827683056286  0.05924954633740925  0.07452035893649894  0.09000510438870142
  0.10544503931357137  0.12182656110484447  0.14111411565785978  0.15805208054773251
  0.17293935201304034  0.18348270400328445  0.19228297174423009  0.20173078521082533
  0.21021377131260716  0.21735178328914745  0.22317741997695145  0.23105893511943260
  0.24185421909578173  0.25079570587496297  0.25968403818022529  0.26912273765337208
  0.27792814695814344  0.28705463487465366  0.29780635540912437  0.31047968751245586
  0.32194249013523757  0.33244031446705141  0.34390759886761774  0.35822996783221528
  0.37377477362893174  0.38605658725669451  0.39812217465220112  0.41034296195317904
  0.41879968322724997  0.42666407228244796  0.43150073867447558  0.43477844601881865
  0.43809906780185415  0.44135793481071717  0.44454839097846793  0.44716377396213997
  0.44950356381240802  0.45505653772936822  0.46492034599021587  0.47475451800649421
  0.48570091494049311  0.49640025742261445  0.50713047314281023  0.51661404684371703
  0.52662730291073290  0.53667389232190177  0.54597129665733402  0.55596282780318163
  0.56809840896001362  0.58332722617735921  0.59849027370181485  0.61179579419382701
  0.62425165888603829  0.63708806430232967  0.65012077144986458  0.66078699515260142
  0.67140415651367935  0.68251493010136077  0.69309562285901694  0.70459578531301459
  0.71822202221503317  0.73321999644494029  0.74767027467838687  0.75913023589491091
  0.76763025397700224  0.77492067134534137  0.78197486829810847  0.79099669810362105
  0.79722087026993627  0.80363780002852048  0.81362833061381057  0.82436459423862940
  0.83305672044237067  0.84012757667980564  0.84989045856295542  0.86020523981166508
  0.87089211805134903  0.88306470474991627  0.89504347406935314  0.90625096249069304
  0.91773210846554720  0.92916296042565416  0.94088631086375929  0.95291747549333217
  0.96527131781229114  0.97548120498060353  0.98813851826640764  1.00000000000000000
 -0.00043091479607970  0.00305083304495709  0.01062218765335411  0.01742353128841013
  0.02182218730609826  0.02932707717521480  0.03967409163925723  0.05017748308663360
  0.05978534137064471  0.06875267218061402  0.07856317730818752  0.09152401801902869
  0.10496179893686647  0.11448304689753487  0.12254669800083434  0.13022768146542943
  0.13839607457822542  0.14932013891209289  0.16010839061923501  0.16855199953369926
  0.17778118750941937  0.18751767561382543  0.19826735045464389  0.21007032088040822
  0.22072861781452605  0.23227276475955783  0.24457935762902477  0.25841345865818244
  0.26915411863581573  0.27877487721808730  0.28753159924887106  0.29708128311408649
  0.31005362974314177  0.32280417815772261  0.33382351241204017  0.34655650000971483
  0.36049569835321887  0.37580570260404644  0.38980900718025507  0.40263277326403940
  0.41528056806913305  0.42671086358939581  0.43647656630006937  0.44764867923557300
  0.45965807516521923  0.47180241222017844  0.48611162821643189  0.49972137563112212
  0.51183138145081919  0.52442191130285232  0.53651260379679089  0.54847520116429960
  0.55865889234845811  0.56680700410808882  0.57560096191885179  0.58770017315920331
  0.59654829678666754  0.60632543087870905  0.61565398903517576  0.62414912747976159
  0.63200875182965077  0.64236299569476496  0.65514013787387726  0.66912847730844016
  0.67510482132108984  0.67985931181747750  0.68463970987724243  0.69008269378750964
  0.69557153384361925  0.70097839474436574  0.70635881514449317  0.71094906090986587
  0.72264637447335411  0.73904184491495373  0.75129275812809349  0.76146252095449440
  0.76998581478806738  0.77760951119166477  0.78527780824250804  0.79540771420619394
  0.80959562792047568  0.82077566106727795  0.83338855259884959  0.84801185637090493
  0.85767152916226042  0.86832443362978773  0.87920815108431360  0.89212668992757160
  0.90427150967977099  0.91557134015610009  0.92757997637582146  0.94190191543711310
  0.95808639366925241  0.97353569456654832  0.98742389865133928  1.00000000000000000
  0.00646147858880219  0.00700403196538045  0.00761515379315272  0.00805688261244132
  0.00844874036191386  0.00875309430679247  0.00897253187473446  0.00915809625233523
  0.00933670339840305  0.00952817549085064  0.00971956092424111  0.00990988004673794
  0.01009065363314300  0.01026143573919822  0.01041762917691345  0.01057567120617169
  0.01073812969587732  0.01090922449440285  0.01109436707435668  0.01128638780784886
  0.01147594028136672  0.01167058101849614  0.01186010944860986  0.01195824158463627
  0.01203361666578259  0.01210823871569451  0.01217930575831059  0.01225710973821789
  0.01236009731400423  0.01245129084375006  0.01264478736664620  0.01289255949052259
  0.01311491980047840  0.01333539270564187  0.01356459770514047  0.01379829821975740
  0.01402816770851802  0.01425307040320925  0.01448779945356287  0.01476534668463388
  0.01510900106563673  0.01551020551815948  0.01597886235408132  0.01644543308004006
  0.01686983954116433  0.01731241918615601  0.01770277231472340  0.01810074719823196
  0.01849412525535529  0.01887169890356730  0.01922252654284054  0.01954319219172941
  0.01985376366100082  0.02026676611316243  0.02066906154029166  0.02109571308863514
  0.02163805473571812  0.02231183653661012  0.02306981907267557  0.02389137248661471
  0.02474283341927944  0.02567918980391833  0.02622438427885801  0.02670664393406419
  0.02721544343564395  0.02776196860542275  0.02834992222463710  0.02891091724302446
  0.02957489935111220  0.03026175938752340  0.03071311162975255  0.03118309210211571
  0.03178225164518269  0.03270238711748805  0.03352062267593234  0.03435827300816912
  0.03525986707421671  0.03649300844580667  0.03804208438611872  0.03969094572716330
  0.04098832109395426  0.04216316117029569  0.04329188120161642  0.04472063946879971
  0.04624322386402041  0.04785006546883930  0.04981196253201775  0.05280820842201756
  0.05549854464046372  0.05726360876342267  0.06038207332727748  0.06739554079022826
  0.07501638814861883  0.08500150893908671  0.18267355379760813  1.00000000000000000
 -0.00137391013243689  0.00548657476260511  0.01429886466380516  0.02498406187493793
  0.03735674573378664  0.04951351860390522  0.05890841415323583  0.07055387395955566
  0.08203072118868086  0.08639834251978330  0.09103664231982807  0.09638381746837194
  0.10349614630982039  0.11016337652948538  0.11631428893389091  0.12253385429168796
  0.12893545768122891  0.13582743700928898  0.14711344182464017  0.16087498670776226
  0.17124294307253785  0.18248814708011873  0.19408630892595041  0.20414219456892976
  0.21575205791648439  0.22837994461193470  0.24063192131608493  0.25238900902771155
  0.26332366732558693  0.27383755813102517  0.28370377650891798  0.29410108811456281
  0.30475457285919905  0.31621797408111113  0.32868264104237416  0.34041732572743627
  0.35103888462013061  0.36045038806899643  0.36816820078460494  0.37838001260421489
  0.39056665952217989  0.40160770403157670  0.40953838773021572  0.41628928553568789
  0.42582059410414674  0.44061991629019603  0.45505622368160248  0.46697367682231766
  0.47986444200836909  0.49417161201641552  0.50795923081539529  0.51703563999928748
  0.52747692997649975  0.53840124905779674  0.55011788201883483  0.56156564890390981
  0.57352918849032419  0.58487587280845965  0.59579079942096658  0.60842834402736878
  0.62333388751141183  0.63903927556940765  0.65347812250843007  0.66480057647363378
  0.67105930987135121  0.67767401682205308  0.68330963039996973  0.68795698341036249
  0.69227800077305857  0.70035596655169030  0.70878288582205551  0.71764881696333604
  0.73023505804297517  0.74585958024854981  0.75813415546799712  0.76888137314513827
  0.77908550110936103  0.78947704156419796  0.80029997831283872  0.81041741667766409
  0.82123634043416627  0.83562539549328019  0.84966891816537704  0.86154938912612411
  0.87109997180660836  0.87841636632927977  0.88659142416641745  0.89852999504764697
  0.91013271336680979  0.91741625244173053  0.92537707252788892  0.93732939366261070
  0.95255775479826621  0.96894867758827830  0.98475485188024703  1.00000000000000000
 -0.04766493471506880  0.33119268019171011  0.56185290848792913  0.60973215881158638
  0.63389902778191343  0.65157767392774468  0.67025614409540635  0.69132551191404479
  0.70845305619777832  0.72231307059740701  0.73360415476171748  0.74289227174823225
  0.75013170080121838  0.75631684338531746  0.76303027922648448  0.77047940840442930
  0.77922756067165866  0.78612216732986262  0.79175075805752615  0.79691028371299399
  0.80143053330821712  0.80593289257597467  0.81073289868807941  0.81571369409797256
  0.82105625135589988  0.82706231394720842  0.83043694894472087  0.83321625824679846
  0.83611106750907971  0.83864870241879907  0.84123749836579920  0.84486403698559742
  0.84780401116402049  0.85048298031944336  0.85292431810759417  0.85519094447966071
  0.85819749426251246  0.86288150144559672  0.86747803611023566  0.87172916458662864
  0.87481407794806898  0.87751462021098681  0.87995849561196204  0.88224934479831507
  0.88541917264225078  0.88829535845321406  0.89078478445190346  0.89319997170088494
  0.89554256430215962  0.89820751833495871  0.90054270508242418  0.90233999879280369
  0.90374979401296163  0.90553568633054782  0.90732891720704978  0.90904651241144241
  0.91084918253896074  0.91172297800430169  0.91258688810965383  0.91326478575146197
  0.91409201641324656  0.91494180716628459  0.91597277189426884  0.91712689277266679
  0.91826394142682155  0.91932787077052858  0.92127816637873527  0.92349541852086914
  0.92556281563875631  0.92728026555901588  0.92897993957990144  0.93076659687544339
  0.93230335339922832  0.93398868499396992  0.93574504038702033  0.93723286820089824
  0.93844025358474503  0.93974550504394083  0.94129059391464209  0.94318888441694726
  0.94532582112744268  0.94763534472417021  0.94992511213081676  0.95244264950971735
  0.95446774829602021  0.95625200122372767  0.95848395633762684  0.96121991744552882
  0.96410398561002930  0.96763299575693240  0.97084900298853560  0.97380439019094545
  0.97682226717738474  0.98065653937853725  0.98737402693826615  1.00000000000000000
   1.1985500552309040E-011  -1.0000000000000000     
 F F F F F F F F F F F F F F F F F F F F F F F F F F F F F F F F F F F F F F F F F F F F F F F F F F F F F F F F F F F F F F F F F F F F F F F F F F F F F F F F F F F F F F F F F F F F F F F F F F F F F F F F F F F F F F F F F F F F F F F F F F F F F F F F F F F F F F F F F F F F F F F F F F F F F F F F F F F F F F F F F F F F F F F F F F F F F F F F F F F F F F F F F F F F F F F F F F F F F F F F F F F F F F F F F F F F F F F F F F F F F F F F F F F F F F F F F F F F F F F F F F F F F F F F F F F F F F F F F F F F F F F F F F F F F F F F F F F F F F F F F F F F F F F F F F F F F F F F F F F F F F F F F F F F F F F F F F F F F F F F F F F F F F F F F F F F F F F F F F F F F F F F F F F F F F F F F F F F F F F F F F F F F F F F F F F F F F F F F F F F F F F F F F F F F F F F F F F F F F F F F F F F F F F F F F F F F F F F F F F F F F F F F F F F F F F F F F F F F F F F F F F F F F F F F F F F F F F F F F F F F F F F F F F F F F F F F F F F F F F F F F F F F F F F F F F F F F F F F F F F F F F F F F F F F F F F
  <DiscreteSampler_grid>
  grouped_processes
  1 # 1 for a reference and 2 for a running grid.
  10 # Attribute 'min_bin_probing_points' of the grid.
  1 # Attribute 'grid_mode' of the grid. 1=='default',2=='initialization'
  0.0000000000000000 # Attribute 'small_contrib_threshold' of the grid.
  0.5000000000000000 # Attribute 'damping_power' of the grid.
 # binID   n_entries weight   weight_sqr   abs_weight
    10   10   7.704502924994947E-005   3.944032743546737E-008   7.704502924994947E-005
  </DiscreteSampler_grid>
