  0.00421207282831770  0.00934162527397485  0.01579190952705708  0.02207139406809215
  0.02957336026980823  0.03912788944245887  0.05029285914011637  0.06312309036762673
  0.07684756362052572  0.08953779424585928  0.10088887041247897  0.11242616600604756
  0.12423651212856879  0.13657352420100777  0.14964832763157268  0.16192822449720376
  0.17316807919190760  0.18357462434442154  0.19509313613131823  0.20707718395537994
  0.21828654384220136  0.22807103791390249  0.23715329162983309  0.24681617995397742
  0.25743763144532583  0.26788957463994512  0.27725476536279176  0.28733899973405919
  0.29839597893414227  0.30783711185440099  0.31735564350833145  0.32654998613436043
  0.33557365996442562  0.34564773855265690  0.35465909478381613  0.36242352799709299
  0.36990902584427815  0.37802010191869995  0.38791482039769887  0.40069174664254692
  0.41413141411430349  0.42609936229600415  0.43668417636111068  0.44692995972439753
  0.45664161030457306  0.46782019114859402  0.47799351655777828  0.48638356115559012
  0.49505776479944219  0.50559655755822319  0.51603964794720136  0.52475812595560656
  0.53338366683948912  0.54283586021555863  0.55141293530148949  0.56006528575704739
  0.56847163800389078  0.57595955541378674  0.58440434073634295  0.59544158170415351
  0.60745374936823326  0.61613401149596647  0.62341465145526975  0.63190865171544952
  0.64334685749962128  0.65604800136568187  0.66856599969863550  0.68164139612549346
  0.69404402951204602  0.70602153139758372  0.71745973055010481  0.73022871647352983
  0.74401752961676326  0.75857971293864523  0.77317930769173215  0.78600276633293520
  0.79624295382731947  0.80566083171204073  0.81492227473499312  0.82476602275289324
  0.83606617304845587  0.84695399349824785  0.85711178394904419  0.86678722161726751
  0.87802181142352742  0.88787252168850217  0.90074934735563617  0.91179880213490205
  0.92133800865875715  0.93104951250593404  0.94084287677866352  0.95057774843813958
  0.95974822915018621  0.97193369330996671  0.98525960936916623  1.00000000000000000
  0.00832575973136967  0.00918025545942126  0.01016507878576694  0.01127682827855213
  0.01251264748834324  0.01387154585544336  0.01586549991535315  0.01832071453985443
  0.02111614960820563  0.02428171984997146  0.02762280967221081  0.03103853753174633
  0.03466969939888289  0.03872507042105040  0.04339134298177779  0.04918656793766202
  0.05701642886993073  0.06654225768808535  0.07744014081627562  0.08948176202728075
  0.10210004665854142  0.11619718674956866  0.13156926541116651  0.14753931310743881
  0.16386995121209530  0.18005221810043098  0.19576699362381106  0.21057888754413351
  0.22570777224295410  0.24075587593473310  0.25331049307339371  0.26515302406174202
  0.27907208921704924  0.29693841368663709  0.31932644772506991  0.34069888801861270
  0.35965664616220688  0.37699849091987797  0.39144387255365976  0.40684898450612489
  0.42732025892632092  0.45140180413579495  0.47277728831702048  0.49100200232135593
  0.50639654702532844  0.52109623885753331  0.53575002348932832  0.55324273713840455
  0.56865376678826995  0.58294846959138802  0.59440532707717053  0.60431955656568759
  0.61648956540022770  0.63370937829750018  0.65500361708105770  0.67964657875660650
  0.70414363862562757  0.72325869754308092  0.74056081902741966  0.75884002140592288
  0.77477571903374653  0.78959381507471127  0.80387851538661337  0.81752953773287163
  0.83050774381104597  0.84334479926200934  0.85654152960192420  0.86795711917629959
  0.87987683202241329  0.89016653320716654  0.90013821071158207  0.91017162141201013
  0.92067786985402988  0.92940032795553129  0.93763372177144932  0.94505581770581581
  0.95151844852368761  0.95683666487830010  0.96142589115552157  0.96554466584416210
  0.96975421847529397  0.97375030931804796  0.97704352682447670  0.97918331856619112
  0.98068732449496510  0.98204394768390502  0.98337774871756956  0.98464585192360154
  0.98589555587673428  0.98699701367388915  0.98787180524508444  0.98864516446227968
  0.98929814587215226  0.98983067568951077  0.99016727281338057  1.00000000000000000
  0.00360507765576137  0.01128027246171294  0.01911119499174807  0.02796668420415173
  0.03726812728414552  0.04690547401594947  0.05701798639956731  0.06866225348611989
  0.08025943176668152  0.09369400265727912  0.10606837525425039  0.11879672364475975
  0.13145044395200273  0.14364041102222055  0.15520894668746679  0.16612966215153890
  0.17708902067946608  0.18822342822624694  0.19869248409191548  0.21055969197194960
  0.22246852983550452  0.23377483056013021  0.24478670345393819  0.25369321354087027
  0.25985716570967460  0.26593463791140981  0.27198499960164357  0.27992805551353195
  0.29033646965566567  0.30154189504101347  0.31345292495672378  0.32656131145739797
  0.33900423015653047  0.35210922273235684  0.36426305159956957  0.37476375793015820
  0.38450372200725230  0.39449826627854895  0.40538241112874818  0.41725919669804246
  0.42981598218499251  0.44014355015908874  0.44975394537164842  0.45946463859245662
  0.46858571282206496  0.47829718327022230  0.49034345283844322  0.50122236806523124
  0.51120533929926415  0.52010890100167928  0.52806656685953124  0.53656591113014918
  0.54406620809378581  0.55212956656203038  0.56050082543354829  0.56850948073485819
  0.57802023911569589  0.58959847312193192  0.60338398682345051  0.61692775782105225
  0.62886178418984928  0.63922832179709854  0.64943694044634115  0.66132243749222974
  0.67403215441319941  0.68544855723665710  0.69484769021394954  0.70442316642652081
  0.71288675737799945  0.72130908929343651  0.73073485110280045  0.74035072615922870
  0.74965458715862876  0.75880157130686721  0.76811461172947348  0.77836587616808395
  0.79083395995464389  0.80325701384169168  0.81521029013751412  0.82638727329750916
  0.83635363922516015  0.84670108856292103  0.85773229380442240  0.86982446804104607
  0.88316929615223594  0.89677807026347323  0.90936528617072176  0.91984015899112370
  0.92765413149777343  0.93465333097735082  0.94256702243497170  0.95070465564118878
  0.96187698061224858  0.97267639478102352  0.98240048901901733  1.00000000000000000
  0.00844618437178311  0.00895988915426113  0.00971018294665725  0.01063620665385492
  0.01176424334102721  0.01305287636815074  0.01438773760828744  0.01577089387595986
  0.01717508327504904  0.01892535309457459  0.02085821239037694  0.02327913525221213
  0.02594123124138633  0.02882801253977905  0.03234801672606836  0.03684767395248710
  0.04199689643096903  0.04841706321682473  0.05639317330911804  0.06550335476612465
  0.07502139717210528  0.08527721534311314  0.09802147769225020  0.11202161210124201
  0.12803263873786122  0.14639918507169242  0.16482076259707434  0.18226417482509769
  0.19672129970406982  0.21032100662476991  0.22670081755142993  0.24602418326609771
  0.26612300196426480  0.28085137665009791  0.29338775254855470  0.30650988632634640
  0.31988652865797124  0.33172166368986272  0.35166050424768408  0.36390201189788896
  0.37745191131649292  0.39271226727911784  0.41253694615620912  0.43549995628689209
  0.45511148348769670  0.46933127751577042  0.48190385833317229  0.49607118633189895
  0.51711850018266869  0.54155656822367704  0.56396010915685757  0.58304068283452759
  0.60159335555666016  0.61914084995454688  0.63551690425377450  0.65315418174056505
  0.66905289397743639  0.68010465980995816  0.69096138995529954  0.70453393584261803
  0.71775142143595727  0.73265949320673018  0.75252654617371040  0.77076884351208552
  0.78820146173097339  0.80769303555147254  0.83101675689617716  0.85525652365900873
  0.87461426868726289  0.89025271923491567  0.90158961777224045  0.91185609447173233
  0.92203697035682752  0.93125055905433052  0.93898284258963416  0.94564481759368890
  0.95203424064738751  0.95786634961457251  0.96261089803332778  0.96648909532737493
  0.96994042668208957  0.97303915758243964  0.97554029192675795  0.97768999496238718
  0.97975105087217707  0.98165525083859739  0.98320604420181013  0.98456704377059978
  0.98576310846787751  0.98679805674016330  0.98774498322342330  0.98858308847629806
  0.98928788903943998  0.98983757038860964  0.99021552355793108  1.00000000000000000
  0.00000000908163799  0.00000000957908996  0.00000001007654194  0.00000001050215449
  0.00000001087380975  0.00000001122319044  0.00000001150108758  0.00000001166350139
  0.00000001181153514  0.00000001195271897  0.00000001212975364  0.00000001231423108
  0.00000001247673383  0.00000001262932118  0.00000001278204439  0.00000001292439874
  0.00000001305889263  0.00000001325881472  0.00000001358857848  0.00000001389806140
  0.00000001415649012  0.00000001441313048  0.00000001469375140  0.00000001498921152
  0.00000001528349881  0.00000001556845801  0.00000001584921115  0.00000001613250352
  0.00000001641312249  0.00000001667714088  0.00000001696828647  0.00000001730052738
  0.00000001766171330  0.00000001798813712  0.00000001830025869  0.00000001862099710
  0.00000001898853031  0.00000001940398018  0.00000001986254112  0.00000002033172656
  0.00000002077024723  0.00000002116946855  0.00000002158530270  0.00000002208298410
  0.00000002255001853  0.00000002317734846  0.00000002378382069  0.00000002440038557
  0.00000002503693510  0.00000002571181989  0.00000002646041440  0.00000002732222549
  0.00000002832979976  0.00000002946719542  0.00000003055576525  0.00000003158311554
  0.00000003248875642  0.00000003351530311  0.00000003459063561  0.00000003593641987
  0.00000003709393340  0.00000003837861347  0.00000003960489612  0.00000004110445314
  0.00000004302545406  0.00000004481060527  0.00000004693603339  0.00000004940125831
  0.00000005221726793  0.00000005591248085  0.00000005960874590  0.00000006412070418
  0.00000006929635837  0.00000007486634949  0.00000008170588907  0.00000009057478110
  0.00000009998907578  0.00000011020873437  0.00000012297845444  0.00000013884218318
  0.00000016141997008  0.00000018926170666  0.00000022439562694  0.00000027512494581
  0.00000037621636780  0.00000056246521714  0.00000098939643724  0.00000184487840261
  0.00000527216018582  0.00002285075681368  0.00020697822596082  0.00105806090164858
  0.00571487217445011  0.03205007576901992  0.46818561943460940  1.00000000000000000
  0.00265118173805754  0.00454392638751020  0.00596118071121058  0.00714566365491644
  0.00813665265931762  0.00900643996623884  0.00980364247184068  0.01058573507361011
  0.01130457889317594  0.01196987266035479  0.01253583841402307  0.01319592439532052
  0.01404651110152097  0.01490829945869853  0.01565323638602302  0.01640023728517050
  0.01706082843715242  0.01778148761414784  0.01865290538043910  0.01977026795068193
  0.02083057186961979  0.02187716243262757  0.02296550631658585  0.02409744245006848
  0.02522871075761693  0.02614785167599036  0.02682910405722540  0.02760732225359975
  0.02852067528048070  0.02947387840076229  0.03049016401578987  0.03162670523321037
  0.03282226874248911  0.03399487133308630  0.03513679124954246  0.03641022294194151
  0.03776489779585338  0.03908972121554541  0.04024997666262526  0.04135866463827761
  0.04260359618132550  0.04386831150488385  0.04515440013171027  0.04666838168832603
  0.04833655010926040  0.04993147537180774  0.05152647560274630  0.05339052019677790
  0.05515436729177058  0.05656468591446134  0.05792944619757787  0.05917377861194851
  0.06046536662754071  0.06238621946391911  0.06369486647277255  0.06512646517685203
  0.06662705862083237  0.06813621528187273  0.07029202246884123  0.07280456921994667
  0.07523815454345573  0.07746357001441460  0.07968173541570116  0.08187443805245408
  0.08404313051649591  0.08622184286803267  0.08853578755495142  0.09095410809489685
  0.09368422071098494  0.09663063004210028  0.09952278277535524  0.10225561840733342
  0.10474093102204808  0.10708467499605821  0.10915394202263452  0.11175461024171689
  0.11520521763315822  0.11866850326844944  0.12191075207890095  0.12511458406806020
  0.12837928317244787  0.13195548621768288  0.13613728981246714  0.14119941493842092
  0.14707535838344610  0.15363254708975801  0.15923741617755385  0.16469556088305129
  0.17044247318546366  0.17683991233596846  0.18323735148647327  0.18847207798523430
  0.19299830289169001  0.19752452779814569  0.20247621578358418  1.00000000000000000
 -0.00300475257835932  0.01127480648549604  0.02256350008267136  0.03258483640611293
  0.04288181617751172  0.05121141876839743  0.05853033650723168  0.06589412098787335
  0.07394707166207501  0.08211375723371325  0.09388991060921266  0.10535554307101154
  0.11554388862717033  0.12474299201944165  0.13467824278883292  0.14472554804893920
  0.15538946796484066  0.16589646944409778  0.17586994694436511  0.18557261239423067
  0.19603925139221137  0.20736919260596434  0.21824565092703055  0.22863128250743003
  0.23749804322224388  0.24556741958053960  0.25482296796858422  0.26489833883126512
  0.27544623405730512  0.28753503736027092  0.29917693493639813  0.31037103126109100
  0.31998962484213722  0.32965219507144072  0.34053802037609010  0.35168098322423180
  0.36211841110389642  0.37153875279041859  0.37879284815897263  0.38722401027016040
  0.39586075310643448  0.40485670207908037  0.41489290848716892  0.42525197891219046
  0.43558879674710582  0.44548319294681160  0.45422763184383586  0.46419424883156202
  0.47399762441911086  0.48385773717488922  0.49488481050098088  0.50694810721197325
  0.51849902797606495  0.52883414436937093  0.53827758132036585  0.54771193419243314
  0.56044106537880911  0.57391617862223876  0.58683833895205373  0.59956873545162770
  0.61206526556903551  0.62559983743556091  0.63965108325631270  0.65186126782734755
  0.66234064749233879  0.67267834749092692  0.68234311072980536  0.69239417432444006
  0.70162646425981801  0.70964092767720222  0.71867867971838839  0.72927245128324725
  0.74151669606517723  0.75375448395718314  0.76408006964666864  0.77424221156124839
  0.78516666307645644  0.79567353916088512  0.80533387534859002  0.81499424985017288
  0.82547495166422258  0.83622442998260060  0.84744030933117875  0.86006072794686406
  0.87420403176523231  0.88841218378018538  0.90096478753101861  0.91243970743263692
  0.92419674748612324  0.93462841015290643  0.94509755290241459  0.95544925173695638
  0.96516272282248905  0.97711308713084433  0.98907298105868657  1.00000000000000000
 -0.00288138861095902  0.01132270209109769  0.02162555469462715  0.02920247344456351
  0.03689172702419351  0.04464076266259599  0.05328401313112376  0.06196338611612250
  0.07109692778477904  0.08056892832994085  0.09136623519371151  0.10330548768566067
  0.11540124392092206  0.12671767612058665  0.13754676254714704  0.15004664715495594
  0.16429872401406015  0.17849141541912433  0.19056404632678650  0.20289804308804388
  0.21345636911713683  0.22429856117933694  0.23503660675050467  0.24550097593444145
  0.25541278688603636  0.26521469958186822  0.27587750481532763  0.28746461764448483
  0.29971621305995994  0.31181431206773724  0.32440098330467482  0.33734111852208909
  0.35018741272344489  0.36301673587819411  0.37530051769213857  0.38737286302596174
  0.39874826217658010  0.40855128795121520  0.41710318752501874  0.42618326725984440
  0.43584327680869805  0.44503246050686512  0.45386000113803782  0.46351386272820189
  0.47615335603491543  0.49067105441140157  0.50172571115270037  0.50951147806320951
  0.51689021548358505  0.52535235658058921  0.53556331469648288  0.54529248010675813
  0.55458920569011516  0.56362279838995988  0.57361124518633844  0.58470600247509841
  0.59656130008457331  0.61032822858339431  0.62633707709589181  0.63995059556477107
  0.65011615647954890  0.65897442025423425  0.66782594585017452  0.67597659571599322
  0.68520841468647020  0.69735018638625601  0.70974147556753486  0.72311648728138544
  0.73721835087517862  0.74952032643723254  0.75977221529759453  0.76929397772335895
  0.77936904674027818  0.79103708043333942  0.80256838737576841  0.81320877596256236
  0.82348236470716762  0.83326147865985445  0.84202027842155025  0.85151664041247621
  0.86210378573011381  0.87267029704650390  0.88315302871958734  0.89376377023353137
  0.90309966853641543  0.91159777283154853  0.92029289455765528  0.92874711276454280
  0.93736557364013728  0.94708925590978366  0.95695115425361654  0.96444272311695722
  0.97148134293573041  0.98195428923728711  0.99100081166486920  1.00000000000000000
 -0.00199057463394519  0.00905406569960469  0.01750361854276925  0.02614827420060262
  0.03474932964589264  0.04405837592156883  0.05523268304521737  0.06700291340167534
  0.07921609228470274  0.09116469888678379  0.10334300540118038  0.11733416697733941
  0.12997261301514210  0.14175963858002893  0.15246923113228011  0.16398552827716836
  0.17482856651390385  0.18556439528444382  0.19578711082252834  0.20518380736316980
  0.21497714804464035  0.22320131481849820  0.23194157115482672  0.24089801329817728
  0.24973236662886675  0.26003364392151324  0.27033603417052560  0.28090226527598666
  0.29092126145498098  0.30037482573580249  0.30915663513624148  0.31759400719829112
  0.32603323303651638  0.33543471855324053  0.34591913879660185  0.35628830615509899
  0.36594664386415715  0.37563703337459242  0.38586331184220607  0.39682557432491422
  0.40825221999410027  0.42096125459961137  0.43368946378698553  0.44552383973204507
  0.45698792225774781  0.46780821384472882  0.47819419627617554  0.48833298109629236
  0.49864103451828601  0.50984009196585256  0.52133857413629958  0.53322942670959728
  0.54418985239784057  0.55605247377497402  0.56526128990651558  0.57604341221984201
  0.58796247834393878  0.59751583179146395  0.60829477353988570  0.62186952089885184
  0.63564590199103943  0.64968824611498499  0.66296637825525528  0.67447387785618362
  0.68488937393331073  0.69419098467522711  0.70431905668525974  0.71533238151848044
  0.72638820888064493  0.73695937942570522  0.74654438698841108  0.75719689572651805
  0.76722923604260618  0.77671568749886133  0.78603285659406175  0.79666958599248572
  0.80878108456426923  0.81685184782562337  0.82357913519249615  0.83001914264824805
  0.83745885153832822  0.84566464418903098  0.85515982129461177  0.86657920783731923
  0.87694101924536372  0.88727596563251365  0.89777817643362023  0.90971628394686976
  0.92171161357534992  0.93359322175833559  0.94453506003311805  0.95498214724675212
  0.96613604436836575  0.97682776322506615  0.98747529823119928  1.00000000000000000
 -0.00331835657568893  0.01234888725618694  0.02295296676889759  0.03452627134176381
  0.04610169005314608  0.05811416821913551  0.07026010024006232  0.08237606448257340
  0.09456904868540550  0.10676837223814432  0.11808699014418572  0.12766062066376446
  0.13560101113794354  0.14363617798517714  0.15368234607537554  0.16450075756822038
  0.17550904309455720  0.18574465334742141  0.19392574387517431  0.20088962162115254
  0.20766728940585519  0.21625287998467102  0.22527434777626840  0.23268124825829595
  0.24211226710122996  0.25312762521485410  0.26251865932123292  0.27254926252738104
  0.28461213018681963  0.29771146389630682  0.31015141043069311  0.32277403494277074
  0.33445717623221383  0.34485941328441932  0.35534409961800112  0.36614246966070357
  0.37851020405657249  0.39194844120647798  0.40426042323584327  0.41483922201285500
  0.42505096808205933  0.43596781880641089  0.44737053666613158  0.45932587323370128
  0.47280356061301859  0.48639795180032819  0.49843405183445200  0.50882867911443397
  0.51816784536554095  0.52755362868783173  0.53812013380686496  0.54882159204913594
  0.55859628316871213  0.56927252748758927  0.57984138417244746  0.59151229074211642
  0.60609631343383386  0.62063394577182773  0.63212777976768475  0.64243215521587616
  0.65308311637432259  0.66437950122490796  0.67507790765877151  0.68473573437081825
  0.69418748775481098  0.70393104809003215  0.71350529057726453  0.72236152728153036
  0.73003405812699584  0.73728887233857865  0.74570709047058470  0.75692335518028997
  0.76801681111349140  0.77709119497365742  0.78577576996810061  0.79513817685597665
  0.80568012277517431  0.81580103900834400  0.82530505666771814  0.83495631981403873
  0.84429202625344280  0.85565621855963403  0.86789520998692915  0.87955091017683351
  0.89123568158637956  0.90187281445263101  0.91270358486677161  0.92513953080743960
  0.93834894999154550  0.94954591616634254  0.95796080230107161  0.96606368692105071
  0.97410548624715743  0.98146470433632182  0.99009613529308849  1.00000000000000000
 -0.00211078021718932  0.00922977035079356  0.02070916839120017  0.03382160251040067
  0.04702569745868798  0.06154913156917630  0.07674879174425049  0.09208943593197529
  0.10705581974824277  0.12102268437587720  0.13257343517326362  0.14248309713813082
  0.15121841389988969  0.16002272541508292  0.16713245676048577  0.17472171878313278
  0.18250675611851319  0.19212363720399328  0.20419130187183135  0.21681656746893715
  0.22899417836357658  0.24060146421513601  0.25040391492214692  0.25898778424630209
  0.26750169528411555  0.27690173917922734  0.28810525121115826  0.30050464267475713
  0.31291686024778975  0.32427673578133004  0.33549520792959558  0.34765521915946973
  0.35835723579596557  0.36825507699754106  0.37866311600415276  0.38897741908243588
  0.39896541452152467  0.40842889094319540  0.41865446025504111  0.42991928624984838
  0.44106711746629096  0.45092371760831379  0.46038512091871142  0.46977058836857183
  0.47931939898867698  0.48836754028590240  0.49736813486165965  0.50629974228360064
  0.51614075291597372  0.52571097320834648  0.53387306860462991  0.54237899436608195
  0.55153191022815506  0.56044820424368536  0.56804654095725760  0.57837039882529473
  0.58863494774767477  0.59992698848109660  0.61198422475391623  0.62388240134326167
  0.63604503112526267  0.64751945640018083  0.65834303705196406  0.66892462401766739
  0.67915572223148735  0.68916331924423846  0.69921349473826022  0.70875946794244793
  0.71573436425348846  0.72260616393106492  0.72961986041354221  0.73889981146720685
  0.74800226819168092  0.75662650122542097  0.76643997085974691  0.77794274269098729
  0.79018986894440080  0.80191465284158880  0.81291915404469228  0.82399474359860247
  0.83481451647135652  0.84488364461177390  0.85531679626598167  0.86686422611826308
  0.87948424268633596  0.89281922982109352  0.90503364126417551  0.91630843845044374
  0.92689741366855571  0.93672962032310969  0.94780138515341616  0.95844237961770573
  0.96892951775275848  0.97919997065194309  0.98995085551019713  1.00000000000000000
 -0.00457877002093256  0.01476516124502335  0.02823162681863830  0.03906598059987198
  0.04861098968604119  0.05819929744400783  0.06955934614404112  0.08152855033675047
  0.09254003707257744  0.10208587389006764  0.11055008348285116  0.11901632417170513
  0.12740618561180428  0.13613133266909214  0.14627638872202026  0.15675353243600310
  0.16662142162190477  0.17556126825231250  0.18390388381568609  0.19265355466158413
  0.20228232511213365  0.21311948664943242  0.22219679837784240  0.22951170291139084
  0.23728160203622126  0.24618912412224289  0.25725275275640253  0.27074931495898125
  0.28558742817258725  0.29862237769491179  0.31126137425749340  0.32248283448414727
  0.33277737190619311  0.34184151882950320  0.35045136822129963  0.36008086859501554
  0.37014865333028868  0.38123990679619074  0.39112063842602918  0.39847543090692866
  0.40620037253476748  0.41489804328030871  0.42393569996497588  0.43357401697315839
  0.44542162814031494  0.45719650908106241  0.47002060219090569  0.48266492775200959
  0.49628996158895178  0.50997343216448887  0.52207325523067216  0.53262244816560911
  0.54174200539978790  0.55141031254091499  0.56182848931183871  0.57336884491065998
  0.58726588836260274  0.60137038756941041  0.61513619398581931  0.62692697155454580
  0.63632107288763962  0.64444357575743194  0.65211728049850415  0.66129068605669872
  0.67271731234466836  0.68565745579903903  0.69422909074371753  0.70246418323555593
  0.71101215083619973  0.72114055001541455  0.73227561518801942  0.74163107035052034
  0.75055001510754060  0.76062819565717721  0.77119904935175199  0.78287670023877853
  0.79522397524033117  0.80752025499424984  0.81854073483592205  0.82929788941680349
  0.84223056408330910  0.85558343514917112  0.86781224235649934  0.87836011325132024
  0.88912818374979674  0.90060494347869680  0.91353104757597903  0.92849512869115447
  0.94082113454020477  0.94888553524218477  0.95611902248812441  0.96363107242580681
  0.97201407817159147  0.98031094845549871  0.98842350304833948  1.00000000000000000
 -0.00263708447842810  0.01036256275183988  0.02184236324291125  0.03239690428544804
  0.04206679036222680  0.05260032095649020  0.06480593133682463  0.07550653694975780
  0.08558948707970354  0.09784636433873604  0.10740006210565131  0.11699489282602334
  0.12745804749160913  0.13882769987610036  0.15114218740172469  0.16239560154634136
  0.17311582427048144  0.18281648026891703  0.19326185817229424  0.20464304796660129
  0.21551100394036074  0.22585485378060782  0.23552093858801881  0.24562395149840019
  0.25608658793462608  0.26653259495637643  0.27667376042104219  0.28636389992881928
  0.29602364683020244  0.30581784202767337  0.31512179772728904  0.32435161858199540
  0.33467269671607536  0.34372217090147716  0.35210721452348681  0.36069424314550036
  0.36886442552138216  0.37645412551141455  0.38988646057106907  0.39827018155919436
  0.40774142400795055  0.41739353095718057  0.42761022859431241  0.43774908844817118
  0.44723212136988771  0.45620855339666555  0.46558855974132352  0.47528889827601067
  0.48726518605639796  0.49977618166823473  0.51035850435316377  0.52017630805309079
  0.53087889153857803  0.54314833366649917  0.55638983674578701  0.56998437564393256
  0.58391028048892046  0.59631980995800016  0.60642504604697212  0.61617521686584920
  0.62566302106928151  0.63593193583352425  0.64737026557472965  0.65861538521959984
  0.66912285218983636  0.67897510979883668  0.68737602638414941  0.69450064148874702
  0.70129472758108580  0.70796983167992245  0.71561149768828003  0.72517597662730204
  0.73536168109308808  0.74697914331534954  0.75846348349336357  0.77080515669207905
  0.78341785139908060  0.79604580825116245  0.80933633998633880  0.82245933844363550
  0.83522886989031531  0.84616086088617937  0.85546545337442537  0.86595704460591472
  0.87776327062153336  0.89034232596310292  0.90277603882885593  0.91519288860216197
  0.92711284520647796  0.93798212684926108  0.94758075503149075  0.95765296409261735
  0.96781085017200374  0.97726965243895481  0.98674697591480875  1.00000000000000000
 -0.00324665609342506  0.01145806427280826  0.02243597650327864  0.03396418232499014
  0.04721656346034240  0.06093913907569199  0.07503288033627056  0.08897332861604425
  0.10229416738435258  0.11471182819841171  0.12666278605237666  0.13827181589145274
  0.14960489221876977  0.16121418131382567  0.17376497417080544  0.18574435118453084
  0.19656327393862622  0.20758562552602000  0.21889726928178077  0.22969024020059658
  0.23985327639074705  0.25001337784884203  0.26078511418748351  0.27228256685206287
  0.28298832916117744  0.29287979533779118  0.30155185614114294  0.30974570634206938
  0.31731416013704178  0.32512033456313222  0.33322244252400224  0.34181682841925909
  0.35057239408770702  0.36104123363920632  0.37368518783925214  0.38700835706001613
  0.40044399944394365  0.41351520281348741  0.42276163202534256  0.43175203809754814
  0.44069033363458626  0.45045848836883218  0.46013437004455027  0.46987172125164067
  0.48042674771196525  0.49226163960733010  0.50460582734129378  0.51445700534736838
  0.52156526223794053  0.52777057048797749  0.53589356478684746  0.54594799078826539
  0.55721948530337084  0.56899972664552079  0.57883885758534759  0.58912962023409154
  0.60163235887658340  0.61561481277462926  0.62628053508867110  0.63502270509456948
  0.64384880375737297  0.65409062663736983  0.66602877654945403  0.67963830588860996
  0.69269526083330479  0.70519329619336535  0.71652873494529301  0.72703768198107910
  0.73724605348817418  0.74661893502750554  0.75523742557084861  0.76411047011786681
  0.77272003347298723  0.78121073466899771  0.78881095064842421  0.79739874131822164
  0.80638292183606020  0.81636527868974651  0.82712663368893458  0.83712869057228889
  0.84647441441918103  0.85657602693767232  0.86721046318479389  0.87788125965162400
  0.88872491850811763  0.89692698846666652  0.90649340835986325  0.91660699951624081
  0.92686616295010638  0.93695193081392480  0.94669682087221896  0.95863814880495279
  0.97163794634557576  0.98219387304107519  0.99152424459418831  1.00000000000000000
 -0.00325242081731066  0.01142463685684804  0.02414560838913877  0.03633385582904732
  0.04940047743212370  0.06303664874681564  0.07627308754157930  0.08910320696984579
  0.10186399211318339  0.11435913507959232  0.12612273633526216  0.13680483186887077
  0.14669010254846099  0.15649271260105577  0.16649766252410814  0.17695454740392896
  0.18737000633928858  0.19917628993219527  0.21159913755297752  0.22215289278913802
  0.23091205092140657  0.23981215386961785  0.24987756287438234  0.26275203086789650
  0.27559086438642699  0.28486579313729893  0.29417090824961323  0.30308361720486832
  0.31188116777604996  0.32194329380835168  0.33272125438055139  0.34426276632300556
  0.35671539895230064  0.37044054678951166  0.38218928533876828  0.39463405344700753
  0.40532413468812761  0.41446198178808780  0.42323072436950665  0.43108282411769683
  0.43855914079090641  0.44771103363463732  0.45777827218893952  0.46624837458155827
  0.47379738885987238  0.48187619468112491  0.49075791814846087  0.50262020475613667
  0.51480633150442490  0.52736203241361990  0.53759097798808142  0.54647211363614412
  0.55770637802081824  0.56609444784932872  0.57346813446386702  0.58078092777178347
  0.58790320171801891  0.59604253684306840  0.60722534544022277  0.61847406008223083
  0.62801081457272223  0.63617967998954672  0.64438762696711638  0.65394771233192017
  0.66386874425367226  0.67224507451587068  0.67882512648087689  0.68456755172157902
  0.69299404496983252  0.70388362474560873  0.71534116620903376  0.72792451245097067
  0.74088812015717931  0.75291971685657255  0.76468960588465718  0.77711412862327400
  0.78981014520775750  0.80196731843242175  0.81386177769263179  0.82677885426076736
  0.83858150032547507  0.84817038148743995  0.85740964641796502  0.86677466300503669
  0.87595006971877887  0.88415429569323434  0.89353813325515674  0.90366900082282386
  0.91244619503975621  0.92190420473534418  0.93441611885858367  0.94741025555201630
  0.96152940521848984  0.97516407298889440  0.98850683838873921  1.00000000000000000
  0.06969800348472306  0.07364720280499894  0.07600151751224088  0.07731430903676859
  0.07771233826473596  0.07830241698275055  0.07882937576230108  0.07940647894597679
  0.08004626466720338  0.08078219448444574  0.08168408301364000  0.08258803205774866
  0.08356892025018053  0.08483072307337031  0.08633136366634744  0.08790558737411040
  0.08942445348019645  0.09085079933893100  0.09220483759026757  0.09348759303446592
  0.09469991599095563  0.09596283493116660  0.09725678369779885  0.09849131129815733
  0.09963297477635411  0.10075108298067675  0.10185720812796735  0.10295592388432399
  0.10408185274482386  0.10532658599925865  0.10653003483811338  0.10772176453467376
  0.10889145920646506  0.11001224652931928  0.11110472363105593  0.11220378703819334
  0.11334501961159611  0.11454785870617842  0.11574648701337063  0.11691566118416542
  0.11803048780119664  0.11912973824093062  0.12012140322719769  0.12109018717941984
  0.12214058620973736  0.12327468220435872  0.12432048704282123  0.12564056640739277
  0.12708941426071618  0.12860086494094114  0.13017780576091881  0.13173530609259881
  0.13328261802443592  0.13486194550811256  0.13653127044758487  0.13829444082940034
  0.14028114612476977  0.14247237420924330  0.14464268453225804  0.14669164515703376
  0.14875250745050131  0.15087610815679020  0.15295747799501333  0.15495205104605220
  0.15699980807705768  0.15921657318751301  0.16155531080914859  0.16370658966418805
  0.16573807006768085  0.16799256724854453  0.17096359373000453  0.17463015492270090
  0.17816187528947855  0.18129734597295924  0.18456207850454853  0.18780182664317724
  0.19107753647378664  0.19433746160168947  0.19767731668226779  0.20133849148222913
  0.20499135907733923  0.20987696579800352  0.21591357720384316  0.22133663446897459
  0.22699141814775867  0.23320728567957341  0.24057815826242188  0.25010002933397313
  0.26045862147039173  0.27378003760888164  0.28958180533140654  0.30988059652211558
  0.33528231949809872  0.37207302425478089  0.94393147755965012  1.00000000000000000
 -0.00099309579293908  0.00554997461553444  0.01422073007869425  0.02445543864861495
  0.03479582026995379  0.04548348634991168  0.05779930441217504  0.07105474140607669
  0.08521922553080026  0.09927132465169175  0.11252500743470241  0.12534274790878550
  0.13833409728260501  0.15085910359008298  0.16249137611585132  0.17343802706363076
  0.18394349082107814  0.19334440345811255  0.20215627134892369  0.21239356452879207
  0.22197816719779911  0.23088354136057371  0.23980379642491775  0.24793238394719769
  0.25575491053566768  0.26417564324431680  0.27560870346364308  0.28747319592978721
  0.30053140894994140  0.31048886102840201  0.32191342712076221  0.33282047632669726
  0.34294886245875217  0.35326963797577360  0.36386470184449277  0.37409176774947717
  0.38483800811844293  0.39603668157985761  0.40834881090296310  0.41873199817290163
  0.42877818636610254  0.43882553647175554  0.44963121355212532  0.46097427732343205
  0.47272378879056365  0.48464657279720136  0.49588858554931908  0.50629404379565901
  0.51675327352267508  0.52792716737366607  0.53945627380015382  0.55053408293594541
  0.56042354827262841  0.56890752935393007  0.57715193278200350  0.58485952903320271
  0.59288784593726107  0.60182568486207466  0.61119438793211123  0.62085361863874944
  0.62805648037790374  0.63428128316938170  0.64032743120367752  0.64688212618291274
  0.65496526899157648  0.66585654217720525  0.67601320770876439  0.68533124299705384
  0.69283699224963213  0.70170600407593942  0.71309903682904829  0.72803616672387239
  0.74185226809551663  0.75458311670920641  0.76637278648709506  0.77916126073366210
  0.79109419586808205  0.80259285902589372  0.81329698044165732  0.82346557734287051
  0.83363749840024559  0.84347438049935253  0.85268889643677670  0.86226683081322075
  0.87234980801020212  0.88348111294577336  0.89468732311166843  0.90456882660087157
  0.91393152488463314  0.92386500506430869  0.93461869696425515  0.94670644677220162
  0.96004163931086273  0.97372556865155635  0.98710833329768899  1.00000000000000000
  0.12868376035893453  0.40104788983636880  0.44517004655887243  0.46740502990700583
  0.48825490466678528  0.50807664717642120  0.52108847344189957  0.53503928580055682
  0.54841945560259242  0.56078138252876031  0.57015061356912322  0.57903790395584753
  0.58691307826538330  0.59487757675395347  0.60325329694122609  0.61242109174886061
  0.62048121877741669  0.62662984516579456  0.63120719123511526  0.63592270957428765
  0.64100143647318419  0.64688876774498372  0.65222153572452746  0.65748546529398344
  0.66349868494728870  0.66882479985038523  0.67353057504498159  0.67755172225208748
  0.68205047412780584  0.68665710982831840  0.69081661475408995  0.69421233566301721
  0.69745563972666402  0.70062224046870736  0.70407177736080040  0.70765277017216466
  0.71128788351620986  0.71463764398473029  0.71807250498113295  0.72187068956897149
  0.72577670567720409  0.72946192495999640  0.73315768717558383  0.73665023272580210
  0.73997943519131648  0.74367672408030860  0.74745266704048119  0.75113713767481782
  0.75515153822408621  0.75905140335791266  0.76255438251792174  0.76579242804826519
  0.76890320571804538  0.77218932975929244  0.77559883315879619  0.77907021621901085
  0.78246427179325306  0.78587294373403005  0.78927916263569142  0.79244777494289709
  0.79554477764023246  0.79862135849708393  0.80167238096420435  0.80479075378429932
  0.80780057191539489  0.81068466592844546  0.81401270968474893  0.81742007273828199
  0.82044189967088099  0.82337528182215058  0.82720113951652663  0.83063227047626154
  0.83425966507593508  0.83787512457526347  0.84188576825107608  0.84576440880148362
  0.84898151160664093  0.85182057305257786  0.85485483960088038  0.85801271184557837
  0.86115813475500935  0.86446630885925679  0.86835546194708779  0.87243915299387265
  0.87681344109513160  0.88146985709653225  0.88587552370196831  0.89015371209026850
  0.89454560560750251  0.89931859781225687  0.90508446129594711  0.91224743570458844
  0.92053089611805461  0.93050869754965082  0.95072558397077922  1.00000000000000000
   2.7710753969265366E-013  -1.0000000000000000     
 F F F F F F F F F F F F F F F F F F F F F F F F F F F F F F F F F F F F F F F F F F F F F F F F F F F F F F F F F F F F F F F F F F F F F F F F F F F F F F F F F F F F F F F F F F F F F F F F F F F F F F F F F F F F F F F F F F F F F F F F F F F F F F F F F F F F F F F F F F F F F F F F F F F F F F F F F F F F F F F F F F F F F F F F F F F F F F F F F F F F F F F F F F F F F F F F F F F F F F F F F F F F F F F F F F F F F F F F F F F F F F F F F F F F F F F F F F F F F F F F F F F F F F F F F F F F F F F F F F F F F F F F F F F F F F F F F F F F F F F F F F F F F F F F F F F F F F F F F F F F F F F F F F F F F F F F F F F F F F F F F F F F F F F F F F F F F F F F F F F F F F F F F F F F F F F F F F F F F F F F F F F F F F F F F F F F F F F F F F F F F F F F F F F F F F F F F F F F F F F F F F F F F F F F F F F F F F F F F F F F F F F F F F F F F F F F F F F F F F F F F F F F F F F F F F F F F F F F F F F F F F F F F F F F F F F F F F F F F F F F F F F F F F F F F F F F F F F F F F F F F F F F F F F F F F F F
  <DiscreteSampler_grid>
  grouped_processes
  1 # 1 for a reference and 2 for a running grid.
  10 # Attribute 'min_bin_probing_points' of the grid.
  1 # Attribute 'grid_mode' of the grid. 1=='default',2=='initialization'
  0.0000000000000000 # Attribute 'small_contrib_threshold' of the grid.
  0.5000000000000000 # Attribute 'damping_power' of the grid.
 # binID   n_entries weight   weight_sqr   abs_weight
    10   10   2.484508756601622E-004   4.245212203507814E-007   2.484508756601622E-004
  </DiscreteSampler_grid>
