  0.00155756756639837  0.01500251903576980  0.02739223808969705  0.03805407909627982
  0.04773581001344597  0.05802006336161627  0.06814322483004923  0.07858716940129327
  0.08888636082901691  0.09866967917727817  0.10747627917438807  0.11580226622305219
  0.12436627686859456  0.13442583104449671  0.14597580621954609  0.15867417606093301
  0.17334249553349040  0.18514958606829607  0.19280285620738624  0.19907517750164261
  0.20506952796186168  0.21343414830776686  0.22255178662697200  0.23168562685456698
  0.24379983130817059  0.25817311616921412  0.27282091619056309  0.28648228336882381
  0.29867989088607388  0.31191169612706909  0.32601270504785634  0.33998544725462060
  0.35274850154811255  0.36429408685579190  0.37509319905468658  0.38475953689863651
  0.39475413946780230  0.40408345730031769  0.41079968862924260  0.41691992330246203
  0.42455138028315931  0.43155273544634953  0.43914749859634206  0.44809090281240516
  0.45763153700381870  0.46887584544197153  0.48201679616649268  0.49518269869363823
  0.50857260717168218  0.51978409331326436  0.52954740459091232  0.54019187803478441
  0.55009939107466876  0.55873082804703256  0.56599867189989883  0.57351710174453974
  0.58349654965924458  0.59628546850622544  0.60726013446983118  0.61684385080407922
  0.62734752888727108  0.63900963977971148  0.65356328100062067  0.66737955009439254
  0.67847187884781712  0.68740196108764984  0.69570622661870918  0.70215274267093397
  0.70730389470734534  0.71381314959559472  0.72045713277214019  0.72747134502821031
  0.73531496747841441  0.74465152541989121  0.75387391327038622  0.76245877655860339
  0.77107019694201362  0.78080000070375877  0.79170335692987981  0.80103389459536922
  0.81150273291516195  0.82454265415423800  0.83910909170378012  0.85364046102912072
  0.86661343823912673  0.88290889425666141  0.90021250507166883  0.91186447882628996
  0.92154748605487680  0.93222699460168490  0.94174158720190859  0.95392199595148697
  0.96617454021663329  0.97630556696818627  0.98626146581056995  1.00000000000000000
  0.00839542127486035  0.00929433763993074  0.01031331491171053  0.01143879699202501
  0.01263225960192058  0.01387084977164247  0.01525919208810903  0.01700274104297207
  0.01904292733463530  0.02101639208476259  0.02352914221650630  0.02729947735552604
  0.03310673064890585  0.04119468559188100  0.04992748732910588  0.05922657778442673
  0.07211553691029879  0.08680218088682019  0.10043257312651846  0.11119672810220559
  0.12054901928280379  0.13089823033653020  0.14216421276507843  0.15587189799154874
  0.17087409364306605  0.18766588101658158  0.20367880442593536  0.21784561672003200
  0.22982472810517693  0.24160837941516727  0.25691957667975041  0.27551210852674785
  0.29370922949162076  0.31053963670519585  0.32792229499171005  0.34548424421407276
  0.36095735130959772  0.37698191853705898  0.39283350064037820  0.40834265905195577
  0.42574973329899002  0.44511332297879014  0.46446685631961709  0.47941493964966891
  0.49168618985813417  0.50582093421695362  0.51950463925313728  0.53355659683807222
  0.54693718554275628  0.55899061013697193  0.57252820579209573  0.58594198329747016
  0.59969175386696583  0.61443808431602098  0.62945718644015813  0.64318399174206842
  0.65847552430753498  0.67480339000503509  0.68998193970045574  0.70446674240501572
  0.72349638667477800  0.74701705320967504  0.76527762226321550  0.77621864689276643
  0.78629855139173732  0.79599960561898464  0.80738000321779424  0.82431496663880544
  0.84253632754165908  0.85923541094072409  0.87381626549966929  0.88600385831676098
  0.89707411734064801  0.90704960981983096  0.91637197639493961  0.92623807961342575
  0.93367729501483776  0.94306132743871773  0.95183675272620383  0.95936376788300481
  0.96526575446633378  0.97012129331592190  0.97387240553031140  0.97636991033389131
  0.97879464938683980  0.98106716826466911  0.98299127827523336  0.98450783357341043
  0.98585106641870379  0.98710160505989131  0.98829480321767693  0.98893190599644543
  0.98953521860995430  0.98987146590190267  0.99018913014867382  1.00000000000000000
  0.00431546166642374  0.00948574621970172  0.01628678867031480  0.02395050749766011
  0.03142399712339867  0.04384344902281227  0.05786986200654969  0.06874170447521911
  0.07818945550054611  0.08726095750471967  0.09694523148165649  0.10753626987886020
  0.11883329727745377  0.13216032782761483  0.14581256107077964  0.15730625020800373
  0.16866718506445649  0.18197925973039103  0.19531206859238262  0.20794220234140262
  0.22018528326162101  0.23190939887553558  0.24441612506593113  0.25593735094982523
  0.26680522306363874  0.27703821986203897  0.28693729913693827  0.29538923016499763
  0.30327480037743099  0.31183667067181914  0.32121501597176949  0.33157625225787313
  0.34137709151445017  0.35128738203947812  0.36078815455186508  0.36983097887472149
  0.38063491719174641  0.39010677692513634  0.39814933177025963  0.40741921587669533
  0.41632955899944457  0.42477549213543320  0.43423358891300912  0.44377559958236090
  0.45339611453771100  0.46438770949062735  0.47534436585621326  0.48682420952940492
  0.49915182817238979  0.51388743427111250  0.52882339596230121  0.53975744945516591
  0.54946989918536926  0.55880859751418765  0.56930323368219626  0.58076654429410923
  0.59239062571375523  0.60292634909078446  0.61231767562643757  0.62244921490251093
  0.63274131176304382  0.64275861919116251  0.64812746384171704  0.65298278882249072
  0.65878868731508378  0.66535938680918782  0.67860444739918058  0.69214100982127746
  0.70600375670500937  0.71785018187787386  0.72993043870123642  0.74127817209153990
  0.75246116341653402  0.76212815876476292  0.77218029094254836  0.78282242700164939
  0.79386181602928307  0.80440841123143825  0.81479896384827710  0.82652444921635082
  0.83855846723684802  0.84987525362740735  0.86030190888306846  0.86888385787917222
  0.87585704090046901  0.88339350613736667  0.89237657873003129  0.90406673984107710
  0.92062436358126987  0.93956858092068130  0.95726074756481305  0.96813962627042216
  0.97632953916762932  0.98471963960038689  0.99196085426154290  1.00000000000000000
  0.00841042020585265  0.00917410895153556  0.01054206965529893  0.01173431211847539
  0.01294672421809662  0.01454704501454360  0.01620469562370485  0.01785524478108087
  0.01988424760872639  0.02243655490400766  0.02542563476445739  0.02887673979987566
  0.03318223421569510  0.03945949964117973  0.04777473467712118  0.05739738253313130
  0.06749197700731785  0.07618008956142738  0.08439346818289455  0.09154182663174168
  0.10451425523101104  0.11928480418581509  0.13154212337799437  0.14961212474405758
  0.17148946262956413  0.19040618028166209  0.20810217779314422  0.22387981600907661
  0.23881375267187913  0.25289683164720322  0.26838570953017477  0.28710235904139925
  0.31264404990845923  0.33912699152817127  0.36261649431396331  0.38738706538293166
  0.41333672493364537  0.43616574687835546  0.45649608171962069  0.47729312736839014
  0.49630305648423978  0.51512392335087998  0.54050564465411732  0.56721169765766355
  0.59507377130581840  0.62002426488903017  0.64350707490409387  0.66670955477322369
  0.68535056874333555  0.70398962103841212  0.72416263123494384  0.73754768403459825
  0.74707346894625337  0.75905719251594495  0.77475011538236738  0.79439862412070184
  0.81548405609748420  0.83618453954962280  0.85279586247140915  0.86454147062125331
  0.87649000675391009  0.89031522701303734  0.90201271487098122  0.91177826484056412
  0.92064892742568227  0.92899812171099616  0.93658722982830245  0.94319345164368285
  0.94885445707041915  0.95370561941011156  0.95784802644630795  0.96158325661724542
  0.96511205792021704  0.96825567023084924  0.97115270074694404  0.97363990233423181
  0.97562433632775514  0.97722762418950959  0.97844526192130155  0.97953010038420008
  0.98055405668754736  0.98158635297954444  0.98266236004807628  0.98362989468343431
  0.98440087439402313  0.98503753295722019  0.98563004335678694  0.98621594640704857
  0.98680218400611419  0.98732450941446426  0.98786319774116471  0.98845513386767214
  0.98910087681067438  0.98972540395614217  0.99013474500279175  1.00000000000000000
  0.00000000093896325  0.00000000098704642  0.00000000101536284  0.00000000103875828
  0.00000000106006726  0.00000000108209596  0.00000000110529336  0.00000000112491273
  0.00000000114094664  0.00000000115735494  0.00000000117862585  0.00000000120264413
  0.00000000122957580  0.00000000125798090  0.00000000128546574  0.00000000131272692
  0.00000000133897416  0.00000000136415678  0.00000000138897443  0.00000000140964357
  0.00000000142689982  0.00000000144858938  0.00000000147129253  0.00000000149335227
  0.00000000151920375  0.00000000155224608  0.00000000158981655  0.00000000162781318
  0.00000000165927632  0.00000000169462854  0.00000000173105481  0.00000000177111184
  0.00000000181344479  0.00000000185308382  0.00000000189295778  0.00000000193359452
  0.00000000197405577  0.00000000201152589  0.00000000204786919  0.00000000209052656
  0.00000000213566216  0.00000000218901003  0.00000000224154518  0.00000000229433455
  0.00000000233989637  0.00000000238727679  0.00000000243809121  0.00000000249804563
  0.00000000256771616  0.00000000263260499  0.00000000270325040  0.00000000276866590
  0.00000000284669744  0.00000000294729815  0.00000000306182130  0.00000000317771446
  0.00000000329632813  0.00000000341637120  0.00000000355541284  0.00000000369028000
  0.00000000381813468  0.00000000395115042  0.00000000409023383  0.00000000424604626
  0.00000000444329630  0.00000000468371985  0.00000000495349518  0.00000000525238027
  0.00000000557770002  0.00000000592693331  0.00000000630846828  0.00000000679584200
  0.00000000734597890  0.00000000806599394  0.00000000874279215  0.00000000933448992
  0.00000000985540460  0.00000001048962896  0.00000001129228560  0.00000001262323086
  0.00000001440586433  0.00000001647012651  0.00000001805029737  0.00000002027281221
  0.00000002497680611  0.00000003437881333  0.00000005191111224  0.00000008226714018
  0.00000016690348619  0.00000078109249548  0.00001389854524453  0.00021322162693716
  0.00146151227022718  0.01571383902709317  0.33228515830951866  1.00000000000000000
  0.00005082051855262  0.00029108454888105  0.00046319604168857  0.00057135843120712
  0.00063209019631885  0.00068385425071464  0.00073915060828073  0.00081024077347969
  0.00090120897270281  0.00099302011081654  0.00106388250493234  0.00114763933375185
  0.00124763801259302  0.00136147005971730  0.00148602312202313  0.00161129527268501
  0.00173599032283358  0.00185963921058847  0.00200316611290792  0.00215062887900449
  0.00230178422749992  0.00244861031352232  0.00259019904547670  0.00273497883491593
  0.00288056319644655  0.00301745980316998  0.00315806846664359  0.00330868723012088
  0.00346328071513732  0.00362039851464223  0.00377768171614862  0.00390550057521027
  0.00405048573997732  0.00418163370687884  0.00433074889240764  0.00450185897453154
  0.00473713617454553  0.00506280412589309  0.00541654572273432  0.00572152151712218
  0.00601017939735474  0.00631611779766668  0.00660585751333604  0.00679510620246440
  0.00699067783707170  0.00723931589236297  0.00749983684540723  0.00780883918585897
  0.00813470892842210  0.00852310603194202  0.00889965786245552  0.00934733380960220
  0.00980071897891380  0.01022827444252930  0.01074577239499641  0.01125862371094689
  0.01164604111754054  0.01207242254285794  0.01253788246551454  0.01303500527926930
  0.01358432505274480  0.01413977848330718  0.01466335660089077  0.01518565567453604
  0.01565414025314896  0.01598138076258910  0.01630817114526880  0.01682108555234083
  0.01763953207392015  0.01882338120066216  0.01981171921245025  0.02075622853328951
  0.02164964348866753  0.02248632058823365  0.02336575486403880  0.02433102130306410
  0.02540578958095888  0.02673576738740465  0.02850586595607534  0.03074239556470341
  0.03299801481844916  0.03537931684403623  0.03804372985325535  0.04084635564129564
  0.04321194161624914  0.04422922600440684  0.04524651039256454  0.04645177648911852
  0.04772126647936724  0.04924832642706314  0.05137849073275221  0.05350865503844129
  0.06335982789573191  0.08338384787603779  0.13842222382192182  1.00000000000000000
 -0.00245575740057272  0.01160833289297913  0.02338194795605192  0.03202545884274892
  0.04357544801259305  0.05811307752700655  0.07650048352618948  0.09172657189584024
  0.10039431842560106  0.10631659698914213  0.11025990382719844  0.11330658547359465
  0.11737113010828544  0.12154580384645577  0.12752581836349969  0.13954437672658451
  0.14891768835579683  0.15764291498152153  0.16662811527229660  0.17653168235152122
  0.18685270676901750  0.19873401906864060  0.21118785151635647  0.22245896297968584
  0.23187404194069011  0.24118081686077367  0.25090727949264435  0.26087765873377944
  0.27084414813281882  0.28094853611870818  0.29070048167453488  0.30148940324829510
  0.31359157698067808  0.32612131843474029  0.33913711602930574  0.35134280265177242
  0.36140901875083842  0.36918654273727786  0.37734912063535592  0.38712619925562275
  0.39762004348428348  0.40821153627631496  0.41689780810343346  0.42386473753145071
  0.43048256545067742  0.43955560639569252  0.44924524088437201  0.45852470442777288
  0.46872398323225750  0.47945016883764680  0.49024370821228658  0.50131088788981315
  0.51157789392951381  0.52234417948970069  0.53336268959351985  0.54384444987079694
  0.55479492137405440  0.56810018923941785  0.58254113862701273  0.59530497524631998
  0.60616487577118006  0.61638815422806115  0.62697272375837054  0.63709891277852315
  0.64991349477647908  0.66230030144532415  0.67384039163519471  0.68505982733509208
  0.69779030271594678  0.71135854287350875  0.72469941012775119  0.73699800512187730
  0.74963640703766987  0.76292452495217600  0.77708094098670644  0.79265933390930909
  0.80777137534216836  0.82081326330260673  0.83202907728193498  0.83825765471633840
  0.84531722284987365  0.85467461172220693  0.86625602689763459  0.87633530551388827
  0.88504460345566838  0.89497325053638288  0.90788310424585927  0.92157427949546677
  0.93422174892340148  0.94477875619476182  0.95236769067603455  0.95908664571696078
  0.96675869919593249  0.97575563430623358  0.98742249444504537  1.00000000000000000
 -0.00429993333586368  0.01309407290383308  0.02935812157610390  0.04280258324834595
  0.05308731289809853  0.06253137497022919  0.07257929683088447  0.08163261635094854
  0.09098680990494175  0.09866188198902201  0.10635233193098888  0.11457728239156356
  0.12405598362253936  0.13343678806820736  0.14542000064368768  0.16088621311092052
  0.17597805303142211  0.18818731288697282  0.19701445857030975  0.20592676804342774
  0.21524223882467708  0.22514747444817651  0.23733018988535851  0.25152175026432266
  0.26146683848447361  0.26948144362241500  0.27647445626943512  0.28294711163804853
  0.29127892957815310  0.30000115674408301  0.30924086625412939  0.31923052591085871
  0.32971793702346380  0.34304466949035284  0.35525791489683162  0.36441579863222012
  0.37233851532174078  0.38040935221573940  0.38818481692657780  0.39717212241209704
  0.40547618773527733  0.41281185861536801  0.41973242372080360  0.42886877712013161
  0.43767437884331067  0.44754025140366660  0.45864012579908697  0.46942114053490869
  0.47992322642338542  0.49299388755759316  0.50707450451874625  0.51838245464217692
  0.52971475896810816  0.54155080432552594  0.55320507385133355  0.56609023122724955
  0.58164848522233759  0.59593698507912463  0.61014598220339400  0.62383407979864958
  0.63555853570744003  0.64653168344873946  0.65861563440470827  0.67298734053613396
  0.68701496461311051  0.69620870852838035  0.70408181860810193  0.71264503827155457
  0.72246794151051319  0.73130630313263367  0.73886475164386123  0.74701896334124807
  0.75585128572791693  0.76509684816066170  0.77496119750641745  0.78577230860875602
  0.79770082348033955  0.81005489875310421  0.82027695538980638  0.82832850223256438
  0.83485903061997324  0.84097310654182267  0.84808012735697658  0.85748201759818765
  0.86939894570847298  0.88302481701016156  0.89568835916514633  0.90804545361531841
  0.91898398814137361  0.92718285034680670  0.93494150003663323  0.94491371015004677
  0.95908727509896952  0.97313873027439857  0.98696949499384656  1.00000000000000000
 -0.00254988338173159  0.00793307582980138  0.01913792599790241  0.02954962083340967
  0.04288090472006036  0.05976376211687568  0.07175339891516103  0.07919500032243304
  0.08673768076423669  0.09618333266441219  0.10627839138456946  0.11676664733088200
  0.12900658488485764  0.14099364790143812  0.15300162956686147  0.16707172868683937
  0.18061662278350449  0.19353705450377293  0.20744700445093206  0.22114043957757726
  0.23467214879671494  0.24328404998824713  0.25114842038900709  0.25941640344996342
  0.26987372978765073  0.28226071906258865  0.29386918435946047  0.30410325669755756
  0.31331285847968987  0.32081182007900311  0.32738863299096127  0.33401198350005823
  0.34155925053284858  0.34948801175496358  0.35825121538457522  0.36724714487106813
  0.37725404697098980  0.38927731533921495  0.40146648281315050  0.41169055326473353
  0.42103906334320496  0.43004085047700791  0.43885967946548560  0.44919878867999241
  0.46164386416920217  0.47360847075045270  0.48435724921641332  0.49412793461272436
  0.50336354918521864  0.51383201418018443  0.52375141240951895  0.53376803247836346
  0.54670551163590997  0.55943518379924240  0.56960893072580143  0.57940660669233535
  0.59089342390075128  0.60121941109097410  0.61313414262088350  0.62496479247468595
  0.63543542853183277  0.64555266297781622  0.65642918255672267  0.66785634069167532
  0.67939342973267003  0.69026486960853994  0.70084957495952638  0.71171232225258474
  0.72243025885620460  0.73303238577818497  0.74347580823131276  0.75296339800486189
  0.76043909386668618  0.76893879551601452  0.77805440299361228  0.78655051704949397
  0.79706284192388277  0.80806174142017484  0.81803431468716614  0.82883515253342810
  0.84149218285635041  0.85332788430895756  0.86430146967976240  0.87704523928485290
  0.88944611143697450  0.90130092786110194  0.91198191543248330  0.91956572969659556
  0.92627347841480068  0.93386126090469357  0.94503899091966548  0.95829639711616099
  0.96888600060923491  0.97696620501698161  0.98929786829377642  1.00000000000000000
 -0.00133388817261573  0.00678523495826669  0.01426863924407883  0.02212686296169306
  0.03180196680309957  0.04508989795605932  0.05867703378533956  0.06997633339628810
  0.07938493678532099  0.08871717394853594  0.09903664683750062  0.10786058224100785
  0.11614809060146161  0.12424938111710690  0.13374238018540582  0.14552472588489385
  0.15940877949339066  0.17615892469986247  0.19142543839810569  0.20447227054448733
  0.21590507423513483  0.22662724089160985  0.23771343319548294  0.25033918952500939
  0.26398439159081533  0.27729959460720915  0.28962478737304281  0.30188043587114866
  0.31584687118197791  0.32993976284660254  0.34441036637445688  0.35638771627617188
  0.36476699173494831  0.37223558442554633  0.38055932600649867  0.38892491842702964
  0.40033790395097441  0.41471002085752245  0.42950350083709593  0.44348462805721073
  0.45587001271510569  0.46660032454515693  0.47565067380587733  0.48460113988731007
  0.49337971868525082  0.50502238113197795  0.52038126162726417  0.53609122982463620
  0.54757690770589862  0.55630286848300403  0.56438122818378433  0.57234416515481656
  0.58236022220612360  0.59163031272504574  0.59977733801399002  0.60868976502992711
  0.61943912271727330  0.63076214907690364  0.64200439893626882  0.65299230142341091
  0.66274960741682842  0.67094128431513989  0.67889287409062804  0.68666837124527091
  0.69431840945712364  0.70573046852169785  0.72090452942152572  0.73305531907508403
  0.73910578097067903  0.74336640613030480  0.74838514179608395  0.75355358415405294
  0.75835916746959775  0.76590328867290725  0.77751480797495631  0.78861607363761643
  0.80161048897013876  0.81369081961164746  0.82229232237366656  0.83152007451705268
  0.84123097101105404  0.85034081095681646  0.85995872548542529  0.87078490756731242
  0.88264778691755463  0.89471354966881500  0.90487880317669156  0.91402632173046272
  0.92394260193826827  0.93283043861974080  0.94385889001201262  0.95665133538337133
  0.96942202775794417  0.98030510452686537  0.98936066311705784  1.00000000000000000
 -0.00573595136891631  0.02371265786685070  0.04263162397067984  0.06002367080853320
  0.07499214098028845  0.09026951224720564  0.10461581842811851  0.11788735909509997
  0.13052548219404006  0.14382167117992034  0.15884743947061020  0.17432970888548760
  0.19038631442343837  0.20694021913321731  0.22261028585211920  0.23496046275983842
  0.24279759084746122  0.24848676701854677  0.25251372536652827  0.25754587737572787
  0.26123753251300524  0.26706195150888556  0.27480915674852474  0.28571105412218456
  0.29490703832869009  0.30376455789765255  0.31409217709456838  0.32668415366412079
  0.34229820752315071  0.35204216251012982  0.36070151807938267  0.36873028461317953
  0.37626942345149050  0.38609837722743406  0.39578426038682507  0.40613229340292578
  0.41729445733560633  0.42866605174845451  0.44018393416106827  0.45379919215668674
  0.46696307665842846  0.47636633168606179  0.48473825278123600  0.49166657120813267
  0.49794622357579266  0.50412189142029895  0.51043817688872484  0.51810754891134581
  0.52750647197757483  0.53751894287191926  0.54695348573591218  0.55396130176802172
  0.56096063334321000  0.56766951043079472  0.57481491870070489  0.58272599080978882
  0.59036426500272587  0.59814187365551696  0.60670521378426190  0.61688647054112022
  0.62651069040179364  0.63404223776176771  0.64455690230246798  0.65484306045908414
  0.66588926105198221  0.67628762376167428  0.68540120500747681  0.69576216379605893
  0.70557196942548017  0.71471899097930847  0.72328759528614872  0.73227728004507875
  0.74056257011876780  0.75074137203577795  0.76181326866977939  0.77272133544875110
  0.78366995361788416  0.79487671600647392  0.80668571983097836  0.81961724250363466
  0.83286684004386224  0.84459780331632972  0.85389796397356776  0.86197932141823275
  0.87027963509326567  0.87865795788019996  0.88753485941308508  0.89740522391890531
  0.90951772644931717  0.92297786974390450  0.93754655483515803  0.95010790074044593
  0.96087599068540508  0.97014715234722482  0.98086559794911177  1.00000000000000000
 -0.00333010883974122  0.01099811528668437  0.02378031517640226  0.03600345045564678
  0.04812545780522309  0.06021995248929429  0.07203297777104778  0.08317576995966322
  0.09407663700267875  0.10444016782319121  0.11277772728249784  0.11933763986504578
  0.12537741039600481  0.13294805077770866  0.14722337174592337  0.15749066857152155
  0.16811360364501932  0.17586122082236272  0.18119064170586713  0.18654308342825918
  0.19391885445565968  0.20701848444233265  0.21924694240360271  0.22802891623380792
  0.23699219065758811  0.24586071840585208  0.25479020573283900  0.26343650008423491
  0.27301334455765880  0.28594399362394679  0.29694377440317804  0.30560995335904684
  0.31409868337079638  0.32415996884779824  0.33622961928564754  0.35114848324418224
  0.36471369427621997  0.37845361631790775  0.39168023050502693  0.40375872858251621
  0.41636516602947987  0.42988262868491017  0.44428310574059704  0.45902747324613541
  0.47344238674094974  0.48841975528356074  0.50156995101780300  0.51164262749560674
  0.52086905467160183  0.52932910622984641  0.53743604668411593  0.54639552316596929
  0.55626087038513938  0.56622707271594663  0.57901672735302079  0.59006777372678454
  0.60121186827648221  0.61093762220830783  0.62061127364733737  0.63133934234216227
  0.64346326425722788  0.65616025119823962  0.66698993374336535  0.67742686893665427
  0.68968001170920468  0.70010708123012733  0.70972008048140844  0.72183964227037745
  0.73211446506474864  0.74416870776319266  0.75525002883946812  0.76500006219972405
  0.77413794713367090  0.78443077701872688  0.79523320378730689  0.80583325623962709
  0.81496592757053055  0.82257029964740058  0.83023101058386972  0.83798016658721752
  0.84634007740907824  0.85667643713895869  0.86680830234604533  0.87624058077569500
  0.88415728494963719  0.89008275813455751  0.89548039460629369  0.90147289038308753
  0.90964150867184557  0.91998684313115375  0.93088894731580352  0.94481098410006048
  0.95625916319468651  0.97072675807542796  0.98563001206143508  1.00000000000000000
 -0.00206558488051558  0.00864439170326665  0.01896033203279640  0.02995562492893233
  0.04100381031430247  0.05150507340180181  0.06178499669769254  0.07149694918470698
  0.07975224511428317  0.08799219907383615  0.09698917470704246  0.10600291924887280
  0.11607467915202921  0.12368341269919650  0.13015771415347241  0.13581292819591120
  0.14396416771249076  0.15234053858352187  0.15981842986798908  0.16782887900179422
  0.17634044752472292  0.18539998503674418  0.19599618167643001  0.20797673109894854
  0.21881482760445611  0.22550291537062758  0.23357726845360424  0.24329830525918802
  0.25151432756681225  0.25965417341392150  0.26930429373912024  0.27908045034301032
  0.28897518157083779  0.30069074218735714  0.31154695119560671  0.32220781318553632
  0.33351628744232586  0.34597195088181054  0.35680087656930115  0.36688078452315637
  0.38046185004195565  0.39379371746696523  0.40700770897314775  0.42036158673708190
  0.43156835319632547  0.44363778096960799  0.45399270495305449  0.46419541344346338
  0.47393704427873490  0.48628141658018431  0.50121764042352490  0.51540797630580271
  0.52786807321413909  0.54159601701694948  0.55722322549380565  0.57431465212728949
  0.59071951639129017  0.60382457151768643  0.61483824841036849  0.62395076383314474
  0.63001179324016698  0.63847232039801227  0.64598117968946778  0.65350995079978647
  0.66191399558263153  0.67170648310247261  0.68243079164301068  0.69252865110112505
  0.70201244881485725  0.71178512775337932  0.72146566745010410  0.72975330782243719
  0.73783489470359609  0.74645497266092842  0.75579194068216593  0.76819455139662929
  0.78468003075080228  0.79980982732844663  0.81154090940105217  0.82065595891156706
  0.82857795032761827  0.83747914606614404  0.84780323135834434  0.85913541437650431
  0.86861044041500513  0.87942921220539050  0.89127362149455991  0.90229127176315960
  0.91374501104630934  0.92502394778312280  0.93658387632976536  0.94679895557417537
  0.95716306248586636  0.96830191432090318  0.98061917486719885  1.00000000000000000
 -0.00227861847368167  0.00925973304930599  0.02015719444862416  0.02967804409285405
  0.03650240864450819  0.04279835662602145  0.04862816118511879  0.05555193492443748
  0.06379957721813029  0.07422133142008458  0.08770910384129084  0.09855096856995579
  0.10956556471254179  0.11924893446991447  0.12802880863573882  0.13638078622797625
  0.14538509040402883  0.15614646183372666  0.17011674044563216  0.18220789221732062
  0.19726228398493287  0.21101210646574001  0.22387438279968339  0.23574923199110887
  0.24897389289142005  0.26251066241608967  0.27334189748050480  0.28033879805729339
  0.28680673614575658  0.29361634013757215  0.30171416833484327  0.31174226018105672
  0.32199389493223385  0.33258595684644904  0.34474082095155167  0.35537130592069638
  0.36451995784228486  0.37275080128223437  0.37981089018500896  0.38805743163030615
  0.39880807467511392  0.41367038600065192  0.43023029038342592  0.44591329910819894
  0.46066729616828256  0.47537977445831386  0.49001790249698951  0.50354499417059151
  0.51409595965503696  0.52329579449742014  0.53408361390337555  0.54425628659293523
  0.55392901667872885  0.56437370167147161  0.57450777219942561  0.58324078919805111
  0.59137104171013766  0.59881250578347900  0.60683263588065195  0.61568241441752825
  0.62475908488837417  0.63289093231105842  0.64060851093186244  0.64803112269308449
  0.65557557651698850  0.66314804697532992  0.67228272686049129  0.68263021643240396
  0.69511910518714359  0.70882471362281951  0.72361914941746075  0.73820385095768759
  0.74965896266105347  0.75962961392298589  0.76633955532448361  0.77246163602407303
  0.77920891514766721  0.78719080861537827  0.79951039327310802  0.81303720574582228
  0.82488140977173519  0.83608932015209636  0.84823040554703222  0.86352272587794809
  0.88031976215175722  0.89526453368342473  0.90858909941821020  0.92041195317517033
  0.93007325617136194  0.93867119998163906  0.94636080899149910  0.95495363533030631
  0.96564655482448758  0.97719024437222102  0.98759012425333970  1.00000000000000000
 -0.00231473189055188  0.00867387569944161  0.02019914928929278  0.03239511871546488
  0.04508385745550859  0.05877151761316488  0.07094810397314649  0.07988596735355491
  0.08769165620925383  0.09474548375552329  0.10361676223656703  0.11530012381161596
  0.12955170695965998  0.14252905307997474  0.15488687471237023  0.16584798791152294
  0.17538753485135600  0.18322991731712959  0.18776053768971382  0.19168373523591298
  0.19733386509471088  0.20525612111189648  0.21354782157807148  0.22230798969693225
  0.23038865278279089  0.24032728411436663  0.25173643123276829  0.26507550046905565
  0.27970506897266939  0.29266395474939205  0.30422655593870684  0.31355614173411667
  0.32325212844109907  0.33486230577443304  0.34916204324143213  0.36377616163944981
  0.37621919685701372  0.38628468673334737  0.39422823886561553  0.40521977267776865
  0.41545464660359577  0.42553836208036933  0.43567682081538667  0.44516178927000427
  0.45454437469172276  0.46419071942461648  0.47470902169316537  0.48679572904023954
  0.49792763743468288  0.50714888336858399  0.51603699342461262  0.52540510415507902
  0.53591710236128076  0.54576022594314200  0.55642454510610262  0.56785493616298111
  0.58110782418174289  0.59470736306576044  0.60776260903226442  0.62021980382768160
  0.63164707595034530  0.64329016026834362  0.65607757379226561  0.66775474523712508
  0.67484856322158637  0.68049438509023463  0.68578971231583685  0.69220561816965409
  0.69874674288160477  0.70686429058304656  0.71834592477503723  0.73219925671722330
  0.74711428087312803  0.76200306313684041  0.77590048634669406  0.78850978649321868
  0.80093170914161849  0.81473547924441836  0.82845255772678272  0.83945997143351192
  0.84772397518346365  0.85559011670401219  0.86388612169098222  0.87258808545889888
  0.88330458643772303  0.89476466965394230  0.90398377688117393  0.91285462882144797
  0.92120436734165445  0.92837052984480894  0.93546137289227582  0.94598639068165502
  0.96096813585736707  0.97512572240650996  0.98768463855760402  1.00000000000000000
  0.00660164874650505  0.00779116014635945  0.00846500923107799  0.00887258383155615
  0.00918870047130591  0.00947017192057712  0.00973479078581788  0.00998246309237663
  0.01022181886983284  0.01044078420218541  0.01065532871003450  0.01086161553309561
  0.01106027915805617  0.01125317358061167  0.01145873059542855  0.01164994780979144
  0.01186661012311512  0.01210915336833867  0.01239763129873746  0.01269598461957797
  0.01296321151628105  0.01319597457306223  0.01342985464389115  0.01367763509186496
  0.01395957941446144  0.01423608212849736  0.01451070362645276  0.01481000448319993
  0.01505875168611030  0.01531265464439478  0.01559057966191330  0.01585443111695516
  0.01617572903719305  0.01646805131665299  0.01669148962403014  0.01691486678558555
  0.01714020171794766  0.01738952022243788  0.01762458475648407  0.01788633620207435
  0.01823162219803952  0.01861713602371515  0.01906437797056063  0.01954840220341331
  0.01997592880876520  0.02034643942268205  0.02070908466499497  0.02102425165563683
  0.02134220968099067  0.02166690608139725  0.02200768388072496  0.02241307849331426
  0.02274343223071451  0.02302454296791302  0.02334905786263855  0.02379409020327512
  0.02440837695694721  0.02504154208296675  0.02576351178920215  0.02656900413440529
  0.02742907863548697  0.02817521960195684  0.02873451970672800  0.02910929181681765
  0.02951894894393946  0.02997864848063965  0.03059470347923521  0.03108697443429885
  0.03155593135895893  0.03207593023357400  0.03307863296910429  0.03467855811917737
  0.03633668421296557  0.03811581133102904  0.03966115916441255  0.04114515217510600
  0.04266068679323716  0.04430429138024922  0.04592491558632297  0.04737551388773107
  0.04928259108795365  0.05090957997021788  0.05251147950608528  0.05420671356113823
  0.05615891502451351  0.05941323824058794  0.06286232719987524  0.06866997057708277
  0.07531296817910281  0.08140362223374596  0.09187171575483002  0.10836507581969961
  0.13190759045321412  0.19409925567018635  0.64427013017944357  1.00000000000000000
 -0.00325460927344912  0.01278048793397744  0.02707543688624933  0.04197180345064237
  0.05766994330667996  0.07142136801801306  0.08388379451314572  0.09682200730916335
  0.11070222931735516  0.12612033067162051  0.13945681968420329  0.15064930901978982
  0.16112292377390858  0.17119722867578052  0.18061907025619414  0.19248940323248104
  0.20388719378959858  0.21236707797257123  0.21874587123323333  0.22523875351919390
  0.23143751916805080  0.24019922265121155  0.25206988800762914  0.26515932914622470
  0.27719265959086936  0.28716873840110246  0.29653711023426549  0.30668161167776975
  0.31932811106023018  0.33333448172042479  0.34716754065588828  0.36338325349167383
  0.37750674188617661  0.38995059617058281  0.39975133265578039  0.41002601721967602
  0.42067297740734039  0.43171681963847325  0.44441859341674922  0.45533835772250714
  0.46352309833016075  0.47040258594853079  0.47686002853650500  0.48389835821539012
  0.49327009821124485  0.50173292678247561  0.51039502949652615  0.52088606830622519
  0.53189680725153921  0.54308828439128087  0.55472558102241643  0.56706945016033272
  0.57818152596046368  0.58877020415600090  0.59918580885941830  0.60921335759000994
  0.61914702728181636  0.62905559913050924  0.63772418489833527  0.64660124537292774
  0.65512691647061216  0.66330227803328823  0.67176339583608646  0.68275045747115848
  0.68996618921720509  0.69683949231673192  0.70585219990886072  0.71381010542890022
  0.72189090847581239  0.73247922423226142  0.74268601806771883  0.75226247462464269
  0.76203852789644067  0.77179403915075173  0.78281552439073376  0.79378552218349352
  0.80368943572196416  0.81313767538695758  0.82226081758347946  0.83286973752611260
  0.84455989646653407  0.85547246323012582  0.86518845202621986  0.87498824707849576
  0.88470923450585426  0.89344615847999365  0.90249856904531678  0.91125135492003451
  0.91839339413381893  0.92678836499516482  0.93530207962546807  0.94815239666656992
  0.96202816709806727  0.97464751878045408  0.98695756706974214  1.00000000000000000
 -0.00542460286196614  0.47705047305945303  0.55670338794287377  0.60269258189050368
  0.63371491012562664  0.65392583490256284  0.66524152124784441  0.67474895678049396
  0.68341674715199474  0.69206645643014342  0.70103322123400114  0.71007693241684322
  0.72096564909940497  0.72713542172458412  0.73242011028786091  0.73725444170368670
  0.74179592386022186  0.74761884006133128  0.75599162981893342  0.76342925796914252
  0.77082120832323997  0.77763883934172073  0.78308409428505033  0.78793098774966563
  0.79291287961154311  0.79839560485842143  0.80477111513505339  0.81002617771325325
  0.81503502944245021  0.81960629193537204  0.82378608825141553  0.82741069676081291
  0.83107565647323833  0.83485587810755435  0.83857789891913037  0.84245319086980119
  0.84659883469163033  0.85066376505781438  0.85480470582263912  0.85830147323800032
  0.86152944734169212  0.86445381009459465  0.86734556703300114  0.87030098108902543
  0.87326003067508562  0.87568853426146509  0.87783170865257976  0.87990362856660786
  0.88196701159289770  0.88418699685814350  0.88772325768922855  0.89112139396737777
  0.89506775406033734  0.89811266617992302  0.90073803546544640  0.90313601240556163
  0.90534811499708834  0.90742338643201892  0.90925494679738761  0.91092234692714913
  0.91236871120423335  0.91375534985147067  0.91513902472834519  0.91671638356511143
  0.91864134197900260  0.92062078541129888  0.92300936569132541  0.92514063392697399
  0.92758399705241668  0.93023779997676836  0.93270738871457848  0.93506305449602445
  0.93733867231805246  0.93935974477143402  0.94120779675804533  0.94313449542170391
  0.94499083734381084  0.94699997487390231  0.94906016113758596  0.95138786246780682
  0.95379539799963520  0.95619420415166079  0.95864312543348684  0.96116880697463458
  0.96398578146452651  0.96612929691447580  0.96797923568565380  0.96992886577473980
  0.97194866604401087  0.97407776727481099  0.97628990748119171  0.97879823868439464
  0.98120276893405278  0.98366637092254128  0.98716793267547309  1.00000000000000000
   2.4231432274432655E-011  -1.0000000000000000     
 F F F F F F F F F F F F F F F F F F F F F F F F F F F F F F F F F F F F F F F F F F F F F F F F F F F F F F F F F F F F F F F F F F F F F F F F F F F F F F F F F F F F F F F F F F F F F F F F F F F F F F F F F F F F F F F F F F F F F F F F F F F F F F F F F F F F F F F F F F F F F F F F F F F F F F F F F F F F F F F F F F F F F F F F F F F F F F F F F F F F F F F F F F F F F F F F F F F F F F F F F F F F F F F F F F F F F F F F F F F F F F F F F F F F F F F F F F F F F F F F F F F F F F F F F F F F F F F F F F F F F F F F F F F F F F F F F F F F F F F F F F F F F F F F F F F F F F F F F F F F F F F F F F F F F F F F F F F F F F F F F F F F F F F F F F F F F F F F F F F F F F F F F F F F F F F F F F F F F F F F F F F F F F F F F F F F F F F F F F F F F F F F F F F F F F F F F F F F F F F F F F F F F F F F F F F F F F F F F F F F F F F F F F F F F F F F F F F F F F F F F F F F F F F F F F F F F F F F F F F F F F F F F F F F F F F F F F F F F F F F F F F F F F F F F F F F F F F F F F F F F F F F F F F F F F F F
  <DiscreteSampler_grid>
  grouped_processes
  1 # 1 for a reference and 2 for a running grid.
  10 # Attribute 'min_bin_probing_points' of the grid.
  1 # Attribute 'grid_mode' of the grid. 1=='default',2=='initialization'
  0.0000000000000000 # Attribute 'small_contrib_threshold' of the grid.
  0.5000000000000000 # Attribute 'damping_power' of the grid.
 # binID   n_entries weight   weight_sqr   abs_weight
    10   10   4.355723901637127E-004   1.080336131815035E-006   4.355723901637127E-004
  </DiscreteSampler_grid>
