 -0.00000091567604104  0.00000260994604513  0.00000826149569033  0.00001466425145732
  0.00002150170462174  0.00002829545353745  0.00003475877300699  0.00004131469449224
  0.00004785537827236  0.00005443788067799  0.00006090497149364  0.00006734794484454
  0.00007382577709234  0.00008053410236731  0.00008744431321062  0.00009438487839650
  0.00010142047419134  0.00010855862887083  0.00011591547642934  0.00012356128617158
  0.00013131958277547  0.00013925488174194  0.00014781505587184  0.00015662554907881
  0.00016567786641697  0.00017500045997209  0.00018458058331187  0.00019442410367148
  0.00020457672235970  0.00021519367614650  0.00022631930994797  0.00023754639310113
  0.00024958728127298  0.00026189619371313  0.00027456956485521  0.00028760119595508
  0.00030095753533298  0.00031484653102622  0.00032921841657355  0.00034424552218167
  0.00036024599051886  0.00037711312039693  0.00039461037527261  0.00041314434654114
  0.00043262150571244  0.00045209328230957  0.00047368136641588  0.00049618693288245
  0.00051948106693084  0.00054369265282426  0.00056857614814035  0.00059445213226500
  0.00062215672941484  0.00065152502789707  0.00068244108452022  0.00071601349201915
  0.00075098964667595  0.00078844804654689  0.00082714820087633  0.00086737387235394
  0.00091088709357722  0.00095623749382049  0.00100737611042054  0.00105986542723738
  0.00111890069588121  0.00118358324029709  0.00125359769293537  0.00132833433246263
  0.00140930954935274  0.00149598457247486  0.00158762023156271  0.00169634904160065
  0.00181038670950782  0.00194501316143727  0.00209152738017493  0.00224784765494254
  0.00243425978655480  0.00262852370417107  0.00285030997895180  0.00310700218002365
  0.00340413403324924  0.00372936884601350  0.00408447769736243  0.00450139440004164
  0.00501341857833585  0.00562503356651485  0.00639263652350344  0.00734779344593059
  0.00857733817773205  0.01016432730920744  0.01239972435231973  0.01701060407366203
  0.02241014734836455  0.03485430546073799  0.08203776978032483  1.00000000000000000
 -0.00188578297126824  0.00974860838598379  0.01975567767870361  0.03099499009766735
  0.04250302736900973  0.05339241784197347  0.06395639968435234  0.07465776109499771
  0.08549109277315928  0.09612422152046786  0.10662711295858822  0.11710511677630417
  0.12777216825817261  0.13856828131001353  0.14912715566941248  0.15926193512503958
  0.16939641143694775  0.17980608397501222  0.19053208391569570  0.20123313815078289
  0.21210583329762567  0.22272754940557596  0.23407396808893555  0.24551617319009167
  0.25676592452555319  0.26739551438434100  0.27771617972956836  0.28767674722241515
  0.29766384811380442  0.30775466235711640  0.31851743995674858  0.32939241105606992
  0.34025556364750775  0.35113367176168170  0.36163359696271530  0.37197894519485691
  0.38230511541622586  0.39278461975179063  0.40379126271620697  0.41468949878629402
  0.42555697673788218  0.43648263431681372  0.44751227336671895  0.45829923234016268
  0.46848366016700105  0.47845654588112368  0.48849817627924602  0.49864634648389855
  0.50885739441677125  0.51924648149124830  0.52980848691767279  0.54049446307269122
  0.55116418828711800  0.56185849451425451  0.57251276904169701  0.58276662347996011
  0.59322833899181304  0.60392391441392257  0.61494755851927385  0.62597509215077052
  0.63670981934324700  0.64722680771604302  0.65759791297726911  0.66806631970628449
  0.67874332889650546  0.68968719280766022  0.70086096117485652  0.71210030113259226
  0.72335362354478283  0.73442295885533826  0.74550016479820580  0.75613397504304924
  0.76655402178402432  0.77686662496327585  0.78684811772700169  0.79686197152879878
  0.80682566509933074  0.81747169346827953  0.82827797918831636  0.83892979307938098
  0.84971703289313760  0.86034157647932186  0.87114248708004116  0.88140892406555416
  0.89164221064175897  0.90157762032214506  0.91121937319549817  0.92098620663530317
  0.93074247447263103  0.94070217335005868  0.95051140456156225  0.96024579119633380
  0.97035313943163581  0.98026432604795399  0.99012093963785608  1.00000000000000000
 -0.01395261657688738  0.11095320011344827  0.16587388773008482  0.20663703995217034
  0.24005079887204256  0.26867062808153408  0.29396568793396144  0.31658796991520299
  0.33758368284051676  0.35778580029898599  0.37657514708894302  0.39433466857434252
  0.41100389023159467  0.42694626565735061  0.44244306814818130  0.45703406392667861
  0.47082806872156097  0.48415180058440693  0.49740209557753823  0.51044006243698303
  0.52274945369183545  0.53453739008802359  0.54590961014890615  0.55707228424756638
  0.56781348469610815  0.57845785807210537  0.58872448858742310  0.59870250726087437
  0.60825415280460193  0.61743627303709947  0.62660425152260635  0.63571225338551940
  0.64479318483867532  0.65344188541376524  0.66193778553540217  0.67023107750629174
  0.67826397315773790  0.68621401679832950  0.69385200664566071  0.70137024126218994
  0.70878476692924886  0.71617415031790688  0.72348924556381855  0.73052973088885631
  0.73721741255850437  0.74369422981286093  0.75011562248658825  0.75656222559264208
  0.76304290495312765  0.76942512680992092  0.77559360886159201  0.78145480279095347
  0.78731897133429196  0.79311002383022622  0.79887079182813958  0.80466814496127326
  0.81040283112355505  0.81605285650797721  0.82159611628413809  0.82707444629316151
  0.83244970854248368  0.83765005269959747  0.84272006586874881  0.84781650017856336
  0.85296718574158703  0.85799322312318560  0.86292642719282786  0.86776443933150083
  0.87256233011509177  0.87729161842417791  0.88190999150336991  0.88641380199515785
  0.89079635898783660  0.89510404066507332  0.89948554647393275  0.90389529019424231
  0.90830430231067627  0.91269721715920527  0.91694192906226257  0.92115600677779330
  0.92534465920750342  0.92949417472457863  0.93362550080579620  0.93779237951132999
  0.94205557739404344  0.94637126518237724  0.95066217440381284  0.95492233673567584
  0.95926315126441997  0.96373141958063746  0.96832546636896299  0.97308477343107247
  0.97805196844634912  0.98379938003602241  0.99098020848061485  1.00000000000000000
   5.3102881816798682E-004  -1.0000000000000000     
 F F F F F F F F F F F F F F F F
  <DiscreteSampler_grid>
  grouped_processes
  1 # 1 for a reference and 2 for a running grid.
  10 # Attribute 'min_bin_probing_points' of the grid.
  1 # Attribute 'grid_mode' of the grid. 1=='default',2=='initialization'
  0.0000000000000000 # Attribute 'small_contrib_threshold' of the grid.
  0.5000000000000000 # Attribute 'damping_power' of the grid.
 # binID   n_entries weight   weight_sqr   abs_weight
    10   10   2.147947498792076E+009   2.072498993958799E+019   2.147947498792076E+009
  </DiscreteSampler_grid>
