0.21170E+02 0.95100E-02 0.00000E+01 2994000 0 0 164197 0.77543E+04 0.00000E+01 0.21170E+02 0.00000E+01 0.00000E+01 0
1 20.038 0.51864 1.3057 194.88 20.038
2 21.123 0.24346 0.8223 95.471 21.123
3 21.148 0.11862 0.56591 64.965 21.148
4 21.106 0.23724 0.80193 107.22 21.106
5 21.162 0.1202 0.57309 54.503 21.162
6 21.239 0.061227 0.41134 39.339 21.239
7 21.225 0.55714 1.3242 169.03 21.225
8 21.2 0.23201 0.78076 96.453 21.2
9 20.976 0.11583 0.55716 57.088 20.976
10 20.787 0.54922 1.3329 168.07 20.787
11 21.165 0.23191 0.78175 88.617 21.165
12 21.086 0.11664 0.55813 63.173 21.086
13 21.204 0.23741 0.79878 89.478 21.204
14 21.106 0.11552 0.55225 66.836 21.106
15 21.281 0.059766 0.40073 43.905 21.281
16 21.813 0.56814 1.314 198.57 21.813
17 21.023 0.23541 0.79887 89.502 21.023
18 21.102 0.11619 0.55552 55.088 21.102
19 21.437 0.23332 0.77652 85.526 21.437
20 21.124 0.11542 0.55126 54.737 21.124
21 21.207 0.060414 0.40649 38.426 21.207
22 21.043 0.54193 1.2992 209.08 21.043
23 20.615 0.23253 0.80474 93.459 20.615
24 21.283 0.11796 0.55923 57.899 21.283
25 21.182 0.23752 0.80002 89.547 21.182
26 21.256 0.11764 0.55841 55.394 21.256
27 21.239 0.060968 0.40959 42.046 21.239
28 20.979 0.52879 1.2716 190.19 20.979
29 21.037 0.23969 0.81289 94.496 21.037
30 21.161 0.11967 0.57061 57.337 21.161
31 21.953 0.55623 1.2782 203.82 21.953
32 21.341 0.23208 0.77586 85.178 21.341
33 21.213 0.11748 0.55874 66.344 21.213
34 20.63 0.53465 1.3074 176.85 20.63
35 20.94 0.24059 0.81973 97.372 20.94
36 21.054 0.11925 0.57148 61.079 21.054
37 20.53 0.54623 1.3422 202.98 20.53
38 21.247 0.23711 0.7962 105.05 21.247
39 21.226 0.1166 0.55427 52.637 21.226
40 21.386 0.23532 0.78503 86.933 21.386
41 21.278 0.11521 0.54633 54.586 21.278
42 21.118 0.060774 0.41063 42.263 21.118
43 20.661 0.54672 1.3349 171.36 20.661
44 21.261 0.24035 0.80652 103.23 21.261
45 21.346 0.11931 0.56396 63.646 21.346
46 20.824 0.54691 1.3249 179.55 20.824
47 21.284 0.24013 0.80492 96.396 21.284
48 21.408 0.11889 0.56035 55.788 21.408
49 21.338 0.24751 0.82756 91.49 21.338
50 21.148 0.11919 0.56866 59.967 21.148
51 21.128 0.061974 0.41855 43.57 21.128
52 21.389 0.24181 0.80657 93.284 21.389
53 20.988 0.11945 0.57421 58.715 20.988
54 21.201 0.062367 0.41974 43.634 21.201
55 21.026 0.55035 1.3205 207.86 21.025
56 21.115 0.23705 0.80095 87.217 21.115
57 21.177 0.11693 0.55711 55.978 21.177
58 21.349 0.24067 0.80427 91.089 21.349
59 21.118 0.1171 0.55944 59.309 21.118
60 21.182 0.061079 0.41145 40.398 21.182
61 21.295 0.23708 0.79429 85.566 21.295
62 21.221 0.11939 0.56764 63.505 21.221
63 21.212 0.062535 0.42066 43.038 21.212
64 21.797 0.23441 0.76723 87.215 21.797
65 21.137 0.11518 0.54982 59.762 21.137
66 21.155 0.060701 0.40942 45.344 21.155
67 21.37 0.54863 1.2951 179.06 21.37
68 21.253 0.23632 0.7933 94.014 21.253
69 21.175 0.11558 0.55073 57.65 21.175
70 22.278 0.55948 1.2669 177.46 22.278
71 20.945 0.23825 0.81153 114.41 20.945
72 21.178 0.1185 0.56455 61.681 21.178
73 20.842 0.55076 1.3331 198.89 20.842
74 20.845 0.23476 0.8035 97.855 20.845
75 21.094 0.11815 0.56514 58.085 21.093
76 22.533 0.57241 1.2816 194.56 22.533
77 21.131 0.23018 0.77716 91.761 21.131
78 21.026 0.11386 0.54638 61.094 21.026
79 21.478 0.53724 1.2619 158.85 21.478
80 21.387 0.23665 0.78944 100.84 21.387
81 21.213 0.11943 0.56805 59.783 21.213
82 22.016 0.57358 1.3143 204.68 22.016
83 21.054 0.23608 0.79997 102.42 21.054
84 21.204 0.11607 0.55228 55.207 21.204
85 21.374 0.23592 0.78748 90.687 21.374
86 20.979 0.11845 0.56966 58.837 20.979
87 21.281 0.06227 0.41751 41.198 21.281
88 20.191 0.54673 1.366 202.75 20.191
89 20.875 0.23691 0.80968 86.703 20.875
90 21.032 0.11722 0.56233 60.449 21.032
91 20.833 0.53797 1.3027 203.71 20.833
92 20.92 0.23846 0.81325 95.09 20.92
93 21.21 0.1186 0.56418 64.812 21.21
94 21.779 0.56816 1.3161 205.37 21.779
95 20.568 0.22957 0.79632 86.418 20.568
96 21.091 0.11728 0.56105 56.499 21.091
97 20.801 0.53834 1.3056 173.24 20.801
98 21.03 0.23308 0.79071 91.188 21.03
99 21.132 0.11601 0.55388 55.504 21.132
100 21.208 0.53724 1.278 195.11 21.207
101 21.15 0.2404 0.81092 88.69 21.15
102 21.248 0.11839 0.56219 58.912 21.248
103 21.184 0.23831 0.8026 90.506 21.184
104 21.078 0.11788 0.56425 59.211 21.078
105 21.105 0.061833 0.41805 41.895 21.105
106 19.979 0.5349 1.3506 205.94 19.979
107 21.03 0.2398 0.81352 98.581 21.03
108 21.237 0.11809 0.56103 60.203 21.237
109 20.782 0.54692 1.3276 208.7 20.782
110 20.878 0.23598 0.80636 86.792 20.878
111 21.176 0.11765 0.56054 63.241 21.176
112 21.635 0.54972 1.2818 179.45 21.635
113 20.775 0.23492 0.80677 92.235 20.775
114 21.123 0.11693 0.55854 57.67 21.123
115 20.557 0.53324 1.3086 174.85 20.557
116 21.0 0.23961 0.81404 92.629 21.0
117 21.371 0.11725 0.55354 59.801 21.371
118 22.063 0.56384 1.2893 204.91 22.063
119 21.224 0.23674 0.79579 89.177 21.224
120 21.173 0.11788 0.56174 60.234 21.173
121 20.511 0.54079 1.3301 209.12 20.511
122 21.354 0.24264 0.81068 91.103 21.354
123 21.12 0.11729 0.56034 56.097 21.12
124 21.297 0.23669 0.79289 89.625 21.297
125 21.11 0.11479 0.54867 54.346 21.11
126 21.146 0.06112 0.41242 42.325 21.146
127 22.076 0.57094 1.3047 201.0 22.076
128 21.124 0.23866 0.80608 116.33 21.123
129 21.355 0.11713 0.55339 54.377 21.355
130 21.187 0.54445 1.2964 189.27 21.187
131 21.09 0.23829 0.80609 91.579 21.09
132 21.062 0.11831 0.56679 56.742 21.062
133 21.286 0.23502 0.7877 112.07 21.286
134 21.238 0.11799 0.56055 60.765 21.238
135 21.211 0.061688 0.41497 41.681 21.211
136 20.214 0.51742 1.2913 192.98 20.214
137 21.188 0.24163 0.81361 130.72 21.188
138 21.305 0.1198 0.56735 61.531 21.305
139 20.198 0.52657 1.3152 199.34 20.198
140 21.185 0.24098 0.81153 99.862 21.185
141 21.176 0.12119 0.57744 63.981 21.176
142 21.293 0.24059 0.80613 91.913 21.293
143 21.108 0.11633 0.55606 65.149 21.108
144 21.115 0.060805 0.4109 43.25 21.115
145 21.948 0.5557 1.2773 200.92 21.948
146 21.059 0.23696 0.80276 83.688 21.059
147 21.309 0.11901 0.56351 55.359 21.309
148 20.669 0.53505 1.3059 184.76 20.669
149 20.765 0.23715 0.81483 102.36 20.764
150 21.078 0.12038 0.57625 62.775 21.078
151 20.471 0.5361 1.3211 195.69 20.471
152 21.169 0.24142 0.81364 89.74 21.169
153 21.267 0.11758 0.55784 56.138 21.267
154 21.841 0.56764 1.3111 204.5 21.841
155 21.026 0.23305 0.79079 84.21 21.026
156 21.134 0.11668 0.55704 57.391 21.134
157 21.568 0.55677 1.3023 168.62 21.568
158 21.019 0.23504 0.79781 95.425 21.019
159 21.345 0.11772 0.55643 61.425 21.345
160 21.825 0.55717 1.2879 207.64 21.825
161 21.331 0.24123 0.80683 94.873 21.331
162 21.167 0.11618 0.5538 55.201 21.167
163 21.571 0.56138 1.3129 202.04 21.57
164 21.114 0.2399 0.81061 111.83 21.114
165 21.223 0.11646 0.55365 56.594 21.223
166 21.284 0.53463 1.2672 175.35 21.284
167 21.268 0.23919 0.80237 90.453 21.268
168 21.222 0.11781 0.56012 62.582 21.222
169 21.671 0.24402 0.80336 92.52 21.67
170 21.268 0.11724 0.55621 67.513 21.268
171 21.135 0.06253 0.42216 43.35 21.135
172 21.395 0.23505 0.78381 107.08 21.395
173 21.079 0.11593 0.55493 56.443 21.079
174 21.11 0.060401 0.40828 39.327 21.109
175 21.438 0.54621 1.2854 184.99 21.438
176 21.202 0.23361 0.7861 82.654 21.202
177 21.373 0.11732 0.55385 60.562 21.373
178 20.943 0.22957 0.78205 90.079 20.943
179 21.188 0.11752 0.55963 53.19 21.188
180 21.213 0.061529 0.41388 40.555 21.213
181 19.669 0.51713 1.3264 198.1 19.669
182 21.041 0.24304 0.82406 91.743 21.041
183 21.307 0.11899 0.56345 61.185 21.307
184 21.544 0.24589 0.81427 128.67 21.544
185 21.04 0.118 0.56586 57.523 21.04
186 21.236 0.061868 0.4157 40.337 21.236
187 21.528 0.24295 0.80516 97.813 21.528
188 21.079 0.11699 0.55995 62.653 21.079
189 21.138 0.061066 0.41222 42.682 21.138
190 20.341 0.53913 1.3371 192.16 20.341
191 21.385 0.23938 0.79864 81.969 21.385
192 21.298 0.11598 0.54942 53.667 21.298
193 21.722 0.56292 1.3073 197.14 21.722
194 21.142 0.23198 0.78283 90.784 21.142
195 21.178 0.11574 0.55141 55.103 21.178
196 22.01 0.55081 1.2625 203.5 22.01
197 21.098 0.2333 0.78892 86.91 21.098
198 21.165 0.11686 0.55707 57.531 21.165
199 22.113 0.56923 1.2986 192.13 22.113
200 21.134 0.23242 0.7846 87.413 21.134
201 21.092 0.11738 0.56148 61.76 21.092
202 21.083 0.23626 0.79953 108.63 21.082
203 21.122 0.11633 0.55569 55.731 21.122
204 21.153 0.061389 0.4141 41.423 21.153
205 21.545 0.54522 1.2766 172.99 21.545
206 21.395 0.23747 0.79188 90.417 21.395
207 21.023 0.1168 0.56054 59.276 21.023
208 21.285 0.23203 0.77774 105.4 21.285
209 21.493 0.11763 0.55218 56.912 21.493
210 21.231 0.061463 0.41309 42.676 21.231
211 21.969 0.5475 1.2572 200.35 21.969
212 20.817 0.23914 0.81957 93.694 20.817
213 21.316 0.1189 0.5628 56.637 21.316
214 21.42 0.24457 0.81461 99.142 21.42
215 21.125 0.11906 0.56864 58.348 21.124
216 21.215 0.062211 0.41843 46.044 21.214
217 21.083 0.24226 0.8198 95.581 21.083
218 21.076 0.11863 0.56792 57.217 21.076
219 21.188 0.062139 0.41846 45.712 21.188
220 21.503 0.23313 0.77349 91.042 21.503
221 21.233 0.1162 0.55218 63.93 21.233
222 21.257 0.060221 0.40424 41.391 21.257
223 21.056 0.54113 1.2965 205.18 21.056
224 21.267 0.24124 0.80926 90.104 21.267
225 21.024 0.11879 0.57008 59.752 21.024
226 21.451 0.23987 0.79777 89.883 21.451
227 21.21 0.11864 0.56439 64.618 21.209
228 21.206 0.062645 0.42152 42.788 21.206
229 21.348 0.23714 0.7925 85.387 21.348
230 21.382 0.1191 0.56198 59.144 21.382
231 21.242 0.061883 0.41569 41.703 21.242
232 21.336 0.55649 1.3158 202.64 21.336
233 20.913 0.23534 0.80287 87.295 20.913
234 21.156 0.11781 0.56184 59.227 21.156
235 20.568 0.52841 1.296 180.24 20.568
236 21.073 0.25098 0.84973 101.96 21.073
237 21.112 0.11948 0.57101 72.864 21.112
238 21.7 0.56542 1.3145 203.29 21.7
239 21.081 0.23525 0.79616 90.772 21.081
240 20.989 0.11601 0.55765 60.801 20.989
241 21.595 0.23628 0.78063 95.725 21.595
242 21.144 0.11803 0.56324 64.605 21.144
243 21.227 0.061152 0.41106 45.454 21.227
244 21.248 0.23819 0.79978 91.939 21.247
245 21.066 0.11627 0.5569 56.484 21.066
246 21.271 0.060705 0.40721 43.999 21.271
247 21.221 0.55033 1.3082 203.44 21.221
248 21.187 0.23927 0.80572 94.023 21.187
249 21.019 0.11875 0.57 58.361 21.019
250 21.004 0.54448 1.3078 196.08 21.004
251 20.923 0.23767 0.81044 94.745 20.923
252 21.049 0.12022 0.57626 60.078 21.049
253 21.305 0.55891 1.3234 207.67 21.305
254 21.167 0.23782 0.80161 86.823 21.166
255 21.106 0.11471 0.54834 54.647 21.106
256 20.469 0.54865 1.3522 202.11 20.469
257 21.061 0.23437 0.79393 88.765 21.061
258 21.335 0.11883 0.56195 55.653 21.335
259 21.396 0.551 1.2992 203.78 21.396
260 21.002 0.24024 0.8161 88.871 21.002
261 21.15 0.1181 0.5634 53.875 21.15
262 20.834 0.55193 1.3365 204.6 20.834
263 20.694 0.23662 0.81579 95.074 20.694
264 21.212 0.11927 0.56731 67.041 21.212
265 20.483 0.53215 1.3106 206.66 20.483
266 21.171 0.24495 0.82546 111.65 21.171
267 21.173 0.11815 0.563 58.16 21.173
268 21.156 0.53815 1.2833 174.18 21.156
269 21.278 0.24175 0.81059 100.65 21.278
270 21.379 0.11646 0.54963 58.595 21.379
271 20.408 0.52475 1.2972 202.74 20.408
272 21.442 0.24294 0.80832 88.558 21.442
273 21.295 0.11881 0.56295 59.277 21.295
274 21.631 0.55076 1.2845 180.71 21.631
275 21.354 0.2387 0.79753 95.942 21.354
276 21.418 0.11684 0.5504 56.389 21.418
277 20.893 0.52649 1.2713 197.61 20.893
278 20.833 0.23939 0.81983 93.246 20.833
279 21.131 0.12075 0.57654 57.731 21.131
280 20.007 0.52824 1.3319 189.75 20.007
281 21.201 0.24132 0.81208 90.857 21.201
282 21.124 0.11796 0.56343 69.201 21.124
283 21.206 0.24057 0.80936 92.561 21.206
284 21.171 0.11628 0.55417 62.818 21.171
285 21.131 0.061315 0.41403 40.588 21.131
286 21.826 0.55532 1.2836 201.5 21.826
287 21.077 0.23493 0.79519 106.78 21.077
288 21.245 0.11625 0.55209 55.779 21.245
289 21.281 0.23455 0.78633 90.922 21.281
290 21.195 0.11733 0.55852 63.876 21.195
291 21.181 0.060832 0.40981 41.131 21.18
292 20.753 0.52739 1.282 184.94 20.753
293 20.983 0.23624 0.80322 90.703 20.983
294 21.059 0.11905 0.5704 59.713 21.059
295 21.339 0.23585 0.78852 87.241 21.339
296 21.108 0.11727 0.56053 55.461 21.108
297 21.229 0.061241 0.41163 42.616 21.229
298 21.429 0.56473 1.3295 204.12 21.429
299 21.035 0.22933 0.77784 86.633 21.035
300 21.207 0.1171 0.55711 53.623 21.207
301 21.684 0.54401 1.2657 205.53 21.683
302 21.415 0.24309 0.80986 90.786 21.415
303 21.154 0.11881 0.5667 66.273 21.153
304 21.05 0.24055 0.81531 102.95 21.049
305 21.301 0.1184 0.56085 57.65 21.301
306 21.131 0.062347 0.42099 42.181 21.131
307 21.37 0.53286 1.2579 196.71 21.37
308 21.031 0.23863 0.8095 92.923 21.031
309 21.121 0.1168 0.55797 58.676 21.121
310 20.605 0.5454 1.3353 192.62 20.605
311 21.125 0.23155 0.782 87.467 21.125
312 21.074 0.11711 0.5607 65.405 21.074
313 21.35 0.54572 1.2895 205.1 21.35
314 21.154 0.2398 0.80876 92.462 21.153
315 21.015 0.11775 0.56533 56.719 21.015
316 21.796 0.56644 1.311 204.97 21.796
317 21.28 0.23571 0.79026 82.57 21.28
318 21.079 0.115 0.55047 53.608 21.079
319 21.532 0.23881 0.79131 98.791 21.532
320 21.317 0.11741 0.55573 57.17 21.317
321 21.185 0.061015 0.41095 42.124 21.185
322 21.509 0.24656 0.81784 103.65 21.509
323 21.235 0.11923 0.56653 57.234 21.234
324 21.222 0.061852 0.41586 42.231 21.222
325 21.239 0.24043 0.80762 90.56 21.239
326 21.18 0.11679 0.55635 62.359 21.18
327 21.242 0.061634 0.414 43.317 21.242
328 21.328 0.54815 1.2966 184.49 21.328
329 21.055 0.2385 0.80814 92.482 21.055
330 21.031 0.11811 0.56662 55.164 21.031
331 21.501 0.2373 0.78741 92.564 21.501
332 21.036 0.11753 0.56371 59.356 21.036
333 21.233 0.061091 0.41054 42.967 21.233
334 21.357 0.24141 0.80644 92.655 21.357
335 21.173 0.11898 0.567 65.973 21.173
336 21.131 0.062026 0.41883 42.671 21.131
337 21.485 0.55715 1.3082 197.58 21.485
338 21.454 0.23908 0.79505 91.714 21.454
339 21.138 0.1163 0.55513 59.141 21.138
340 21.375 0.23388 0.78062 90.185 21.375
341 21.096 0.11646 0.557 58.826 21.096
342 21.169 0.062091 0.41852 45.47 21.169
343 20.98 0.54133 1.3017 170.87 20.98
344 21.137 0.24091 0.81317 90.697 21.137
345 20.995 0.11729 0.56367 64.923 20.995
346 22.486 0.56631 1.2705 193.98 22.486
347 21.043 0.23677 0.80273 91.607 21.043
348 20.94 0.11735 0.56544 60.971 20.94
349 21.504 0.23773 0.78872 87.57 21.504
350 21.238 0.11791 0.56016 58.148 21.238
351 21.086 0.0619 0.41887 41.618 21.086
352 21.524 0.55296 1.296 194.68 21.524
353 21.268 0.23862 0.80044 82.417 21.268
354 21.319 0.11782 0.55763 57.201 21.318
355 21.507 0.23278 0.77219 80.461 21.507
356 21.205 0.11538 0.54899 55.17 21.205
357 21.16 0.060555 0.40835 40.364 21.159
358 21.568 0.24462 0.80919 101.73 21.568
359 21.016 0.11813 0.56715 59.719 21.016
360 21.047 0.061792 0.41892 44.19 21.047
<lo_statistics>
<cumulated_time> 103.54648499999999 </cumulated_time>
</lo_statistics>