0.48895E+00 0.47390E-03 0.00000E+01 26325711 0 0 173130 0.35411E+06 0.00000E+01 0.48894E+00 0.00000E+01 0.00000E+01 0
1 0.48763 0.01208 4.9547 106.55 0.48762
2 0.47504 0.0061225 3.6454 101.45 0.47502
3 0.49761 0.0046931 3.7725 333.68 0.4976
4 0.50694 0.024903 9.8248 690.88 0.50693
5 0.50744 0.0122 6.8 599.08 0.50743
6 0.48498 0.0044486 3.6691 226.23 0.48497
7 0.47983 0.011663 4.8614 218.98 0.47982
8 0.49316 0.0062123 3.5629 100.82 0.49313
9 0.48733 0.0038714 3.1776 101.85 0.48732
10 0.50013 0.016249 6.4981 284.62 0.50012
11 0.49383 0.0081387 4.6614 263.99 0.49382
12 0.48873 0.0041984 3.4362 104.29 0.48871
13 0.46223 0.013351 5.7769 170.75 0.46223
14 0.48867 0.0077404 4.4802 182.66 0.48866
15 0.48197 0.0042022 3.4875 84.849 0.48195
16 0.48443 0.025728 10.622 591.3 0.48442
17 0.48301 0.011544 6.7598 670.9 0.483
18 0.48246 0.0046966 3.8938 276.86 0.48245
19 0.48775 0.010299 5.9724 524.58 0.48774
20 0.49583 0.005509 4.4442 277.81 0.49582
21 0.48696 0.0030492 3.5421 330.74 0.48694
22 0.49649 0.01527 6.1511 216.72 0.49648
23 0.4864 0.0067383 3.9183 213.48 0.48638
24 0.4947 0.0054615 4.416 576.78 0.49469
25 0.4851 0.015558 6.4146 299.39 0.48509
26 0.50929 0.009941 5.5209 323.58 0.50928
27 0.48306 0.0039995 3.3118 125.7 0.48305
28 0.53564 0.039448 14.729 1437.1 0.53563
29 0.47459 0.0066185 3.9445 118.25 0.47458
30 0.48946 0.0047783 3.905 324.06 0.48945
31 0.5022 0.020399 8.1239 304.41 0.50217
32 0.50125 0.0088991 5.0215 231.24 0.50124
33 0.49599 0.0043859 3.5371 112.13 0.49598
34 0.52618 0.028337 7.616 254.33 0.52618
35 0.47681 0.011228 4.7097 216.52 0.4768
36 0.48161 0.0057014 3.3483 66.861 0.4816
37 0.50271 0.019502 7.7587 419.51 0.5027
38 0.50596 0.0085822 4.7976 210.54 0.50595
39 0.48951 0.0046376 3.7896 204.92 0.48951
40 0.46786 0.010818 4.6246 119.91 0.46784
41 0.48491 0.0063512 3.7046 133.73 0.4849
42 0.48222 0.0041434 3.4369 202.36 0.48221
43 0.49293 0.019649 7.9726 287.06 0.49292
44 0.47912 0.0078026 4.6061 240.69 0.47911
45 0.48754 0.0046077 3.7804 201.84 0.48753
46 0.47799 0.010431 4.3647 113.24 0.47798
47 0.48193 0.0062563 3.6718 96.168 0.48192
48 0.4871 0.0038047 3.1244 98.774 0.48709
49 0.49002 0.012149 4.9586 137.7 0.49001
50 0.49683 0.0075226 4.2825 338.42 0.49682
51 0.49092 0.003743 3.0498 109.39 0.49091
52 0.48811 0.012535 5.1359 160.66 0.48811
53 0.48727 0.0070506 4.0926 126.04 0.48726
54 0.49168 0.0045124 3.671 250.56 0.49167
55 0.51386 0.016503 6.4233 263.82 0.51385
56 0.49358 0.0074586 4.2741 253.63 0.49357
57 0.49159 0.004268 3.4729 130.69 0.49157
58 0.49104 0.013215 5.3827 202.38 0.49103
59 0.49419 0.0069094 3.9545 121.31 0.49418
60 0.48618 0.0041016 3.3746 203.11 0.48617
61 0.49519 0.018429 7.443 313.44 0.49517
62 0.50011 0.0082207 4.6493 209.34 0.5001
63 0.48742 0.0041999 3.4467 163.52 0.48741
64 0.4965 0.0078399 4.4662 242.11 0.49649
65 0.4953 0.0058367 4.7137 697.29 0.49529
66 0.48768 0.0026492 3.0729 171.62 0.48768
67 0.54976 0.034462 12.537 761.55 0.54975
68 0.49006 0.0077268 4.4595 124.74 0.49005
69 0.48894 0.0046207 3.7802 232.98 0.48893
70 0.49182 0.018872 7.6744 472.88 0.49181
71 0.48871 0.007131 4.1271 182.99 0.48869
72 0.48579 0.0042865 3.5295 226.51 0.48578
73 0.47971 0.014022 5.8461 164.91 0.4797
74 0.49008 0.0068325 3.9433 86.095 0.49006
75 0.48755 0.0049661 4.0743 408.47 0.48754
76 0.46877 0.014379 6.1347 280.1 0.46875
77 0.48865 0.0072121 4.1745 209.61 0.48864
78 0.48659 0.0038433 3.1594 96.917 0.48658
79 0.50736 0.017963 7.0808 388.19 0.50735
80 0.48202 0.0061806 3.6267 99.622 0.48201
81 0.48802 0.0039531 3.2401 113.38 0.48801
82 0.47929 0.01452 6.0592 230.09 0.47928
83 0.49244 0.015094 8.6694 964.87 0.49242
84 0.48309 0.0044624 3.6948 245.17 0.48309
85 0.4858 0.012878 5.3018 193.59 0.48579
86 0.49497 0.0067449 3.8543 115.8 0.49496
87 0.49198 0.004295 3.4919 129.51 0.49197
88 0.48348 0.014791 6.1187 159.65 0.48348
89 0.49841 0.0086164 4.8897 373.16 0.4984
90 0.487 0.0045917 3.7714 221.53 0.48699
91 0.47929 0.011637 4.856 124.16 0.47928
92 0.49634 0.0065338 3.7233 128.41 0.49633
93 0.49192 0.0039222 3.1893 195.68 0.49191
94 0.47074 0.013166 5.5939 241.45 0.47073
95 0.49389 0.0073354 4.2009 148.61 0.49387
96 0.49389 0.0048298 3.9116 363.33 0.49388
97 0.49477 0.013654 5.5193 201.22 0.49476
98 0.4939 0.006965 3.9887 156.56 0.49389
99 0.48666 0.0039022 3.2073 114.11 0.48665
100 0.48232 0.012779 5.2991 192.86 0.48231
101 0.47766 0.0065032 3.8508 95.104 0.47764
102 0.49087 0.004222 3.4404 121.54 0.49086
103 0.48801 0.011258 4.6139 112.87 0.488
104 0.49369 0.0065092 3.7293 129.76 0.49367
105 0.49184 0.0041209 3.3514 155.36 0.49183
106 0.47115 0.011544 4.9001 163.89 0.47115
107 0.49502 0.0072739 4.1561 144.85 0.49501
108 0.49054 0.0046409 3.7843 372.65 0.49053
109 0.4869 0.01915 7.8661 590.74 0.4869
110 0.49749 0.0067312 3.8269 100.88 0.49748
111 0.49471 0.0043827 3.5437 147.42 0.4947
112 0.53003 0.022986 12.266 1110.1 0.53002
113 0.48452 0.0052366 4.3231 388.27 0.48451
114 0.48896 0.0030465 3.5246 230.46 0.48894
115 0.4826 0.014818 6.141 292.31 0.48259
116 0.48788 0.0070528 4.0888 161.85 0.48787
117 0.49777 0.0047573 3.8229 286.42 0.49775
118 0.50234 0.0084542 4.7601 366.81 0.50233
119 0.50249 0.0074693 5.9459 933.16 0.50247
120 0.48909 0.0026729 3.0916 195.97 0.48908
121 0.50846 0.02251 8.8542 563.24 0.50845
122 0.4826 0.0079203 4.6419 304.56 0.48258
123 0.49224 0.0043185 3.5093 138.31 0.49223
124 0.49252 0.018348 7.4504 363.58 0.49252
125 0.48686 0.0068956 4.006 132.02 0.48685
126 0.48488 0.0039179 3.2321 146.09 0.48487
127 0.48466 0.012616 5.2063 179.13 0.48465
128 0.48402 0.0069988 4.0898 173.32 0.48401
129 0.49254 0.0044361 3.6027 250.68 0.49253
130 0.49709 0.027087 10.898 837.58 0.49707
131 0.48341 0.0073916 4.3248 193.09 0.4834
132 0.49358 0.0045065 3.6522 160.92 0.49357
133 0.48345 0.012538 5.1868 185.34 0.48344
134 0.4916 0.0070302 4.0449 190.46 0.49158
135 0.4952 0.0043623 3.5237 140.85 0.49519
136 0.48935 0.014449 5.9052 367.43 0.48935
137 0.49516 0.011255 6.4289 693.97 0.49515
138 0.49452 0.0048189 3.8978 379.88 0.49451
139 0.4915 0.011614 6.6837 703.29 0.4915
140 0.49312 0.0057187 4.6389 448.05 0.49311
141 0.48466 0.0032762 3.8238 598.5 0.48465
142 0.4837 0.013892 5.7439 185.38 0.4837
143 0.49544 0.007673 4.3804 205.89 0.49543
144 0.4984 0.0043561 3.4961 135.78 0.49838
145 0.4741 0.014041 5.9232 164.79 0.47409
146 0.49084 0.0072967 4.2047 178.43 0.49082
147 0.49676 0.0047874 3.8549 312.75 0.49675
148 0.49418 0.039561 11.321 409.3 0.49418
149 0.50237 0.018483 7.3581 354.33 0.50236
150 0.46249 0.0056815 3.4746 92.023 0.46248
151 0.49187 0.014907 6.0615 309.01 0.49185
152 0.48769 0.0075748 4.3931 197.47 0.48767
153 0.49789 0.0043114 3.4638 189.42 0.49788
154 0.48098 0.016508 6.8642 364.39 0.48096
155 0.49347 0.0087818 5.0335 279.74 0.49337
156 0.4847 0.0044332 3.6585 144.48 0.48468
157 0.49267 0.029586 8.4925 285.17 0.49267
158 0.48323 0.0134 5.5458 285.21 0.48322
159 0.48372 0.0062866 3.676 155.65 0.48371
160 0.50143 0.012359 4.9296 182.41 0.50141
161 0.49682 0.0063149 3.5951 95.801 0.49681
162 0.4865 0.0037179 3.0568 79.518 0.48649
163 0.47948 0.012464 5.1989 123.23 0.47947
164 0.49161 0.0071118 4.0917 152.84 0.4916
165 0.4935 0.0043988 3.5654 201.76 0.49349
166 0.48914 0.01203 4.9189 119.65 0.48912
167 0.48086 0.0062307 3.6649 150.9 0.48084
168 0.48738 0.0038656 3.1725 96.802 0.48737
169 0.5242 0.020031 7.6424 347.5 0.5242
170 0.47937 0.0066431 3.9197 108.78 0.47936
171 0.49016 0.0045274 3.6946 172.05 0.49015
172 0.47835 0.010614 4.4376 117.82 0.47834
173 0.48739 0.0068495 3.9749 131.09 0.48737
174 0.48456 0.0040548 3.3472 209.73 0.48455
175 0.46271 0.011681 5.0491 161.91 0.46269
176 0.49459 0.0074772 4.276 278.97 0.49458
177 0.49205 0.0039854 3.2398 147.79 0.49204
178 0.48882 0.01493 6.1084 298.67 0.48881
179 0.49596 0.0073295 4.18 197.14 0.49594
180 0.48856 0.0043613 3.5707 204.12 0.48855
181 0.47919 0.012225 5.1024 184.11 0.47918
182 0.49608 0.0063734 3.6338 90.625 0.49607
183 0.49686 0.004001 3.221 96.147 0.49685
184 0.4698 0.014843 6.3187 287.22 0.46979
185 0.49667 0.013048 7.4304 678.51 0.49666
186 0.494 0.0049496 4.0078 323.09 0.49398
187 0.47402 0.012942 5.4604 158.68 0.47401
188 0.49093 0.0066768 3.8468 131.83 0.49092
189 0.488 0.0039875 3.2684 102.79 0.48799
190 0.45215 0.013773 6.0923 151.32 0.45214
191 0.49367 0.0085348 4.8899 223.92 0.49367
192 0.48144 0.0045184 3.7541 192.09 0.48143
193 0.50189 0.012919 5.1483 109.15 0.50188
194 0.48242 0.006763 3.9651 128.88 0.48242
195 0.48593 0.0043695 3.5968 252.79 0.48592
196 0.48691 0.011402 4.6835 99.132 0.4869
197 0.48928 0.0064761 3.7437 199.99 0.48927
198 0.49057 0.0042154 3.4372 208.29 0.49056
199 0.47891 0.011088 4.6305 134.91 0.4789
200 0.4951 0.0064986 3.7126 250.89 0.49509
201 0.48882 0.0037235 3.0469 107.26 0.48881
202 0.49958 0.017691 7.0825 397.32 0.49957
203 0.48342 0.0079837 4.6712 263.34 0.48341
204 0.49088 0.0045653 3.7201 144.84 0.49087
205 0.49611 0.013776 5.5537 193.35 0.49609
206 0.48285 0.006525 3.8222 141.95 0.48284
207 0.48747 0.0039653 3.2538 96.569 0.48746
208 0.53684 0.029589 11.023 882.69 0.53683
209 0.5007 0.0071803 4.0561 137.23 0.50069
210 0.48451 0.004308 3.5565 339.29 0.4845
211 0.48724 0.0064299 3.7326 143.93 0.48723
212 0.49143 0.0050694 4.1263 315.96 0.49142
213 0.48693 0.0028468 3.3072 178.2 0.48692
214 0.4758 0.013669 5.7457 258.52 0.47579
215 0.49311 0.0066088 3.7908 120.88 0.49309
216 0.4965 0.0042048 3.3876 150.85 0.4965
217 0.48567 0.013534 5.5734 255.6 0.48566
218 0.48891 0.009328 5.3964 533.07 0.48889
219 0.49093 0.0041285 3.3638 134.67 0.49092
220 0.51144 0.02391 9.3502 609.9 0.51143
221 0.48216 0.007905 4.6372 155.14 0.48215
222 0.48543 0.0043958 3.6222 129.4 0.48542
223 0.48663 0.011877 4.8815 138.83 0.48662
224 0.72328 0.22774 89.058 18212.0 0.72327
225 0.49931 0.0056208 4.5028 177.21 0.4993
226 0.47229 0.010791 4.5697 107.44 0.47228
227 0.50115 0.0086024 4.8551 355.86 0.50114
228 0.48237 0.0036569 3.0325 100.93 0.48235
229 0.48492 0.01316 5.4279 182.82 0.48491
230 0.48768 0.0071566 4.1507 173.85 0.48767
231 0.49424 0.0047989 3.8839 324.72 0.49423
232 0.50113 0.030886 12.327 1092.9 0.50112
233 0.48994 0.0072273 4.1724 179.03 0.48993
234 0.48629 0.0039592 3.2567 157.68 0.48627
235 0.47979 0.013548 5.6473 212.22 0.47978
236 0.48621 0.0070048 4.0749 123.35 0.48618
237 0.48451 0.0040751 3.3643 134.11 0.4845
<lo_statistics>
<cumulated_time> 2473.742328 </cumulated_time>
</lo_statistics>