  0.00239798628238486  0.01385610387986487  0.02403961398889076  0.03324166838937975
  0.04265039578507620  0.05282988936702752  0.06387694057063799  0.07587960308341186
  0.08871037354718551  0.10198530259778135  0.11421277360053425  0.12497544452293030
  0.13495063308877353  0.14510170540776635  0.15626497051377788  0.16618065103664290
  0.17323909820072891  0.17995673577103352  0.18803905292735867  0.19660166650026725
  0.20497959966069920  0.21415468530939077  0.22261730898556892  0.23195174346539332
  0.24198323566525917  0.25180717132987990  0.26214475786511265  0.27261515831877986
  0.28497863211238073  0.29933903555383845  0.31337471800829564  0.32616110951708271
  0.33728285550670234  0.34685454657303805  0.35665635955420938  0.36580459049213626
  0.37549345721156868  0.38555866919222925  0.39657924659565225  0.40892791319106264
  0.42140074223110674  0.43271873999011162  0.44322672298053617  0.45350485345005720
  0.46373674106951324  0.47432018115749403  0.48489193318948925  0.49624761884968477
  0.50771263171025727  0.51773412374262762  0.52681696253568067  0.53567667648092077
  0.54533299297855864  0.55517063294331026  0.56485342854042397  0.57557112436906721
  0.58770408882437741  0.59966189936058245  0.61100362702203481  0.62166861014929764
  0.63235112308027897  0.64402102515035564  0.65615861477358484  0.66809207403187043
  0.68065112563818408  0.69365614894227234  0.70651165750839240  0.71812613897978583
  0.72746248110893208  0.73629398479996544  0.74502088041736847  0.75533234603720034
  0.76475642231469620  0.77667001583443518  0.78798920406084783  0.79971101572419734
  0.81247175790486770  0.82603212372157298  0.83890738176382296  0.84953722453615466
  0.85835383358631911  0.86681553911371401  0.87626397997341599  0.88666228227342214
  0.89642115182775295  0.90507872775731291  0.91342469810811588  0.92002560825139101
  0.92723687898494200  0.93539396624115445  0.94444806025830830  0.95140172623517671
  0.95754152089987654  0.96726224385887449  0.98143887002404251  1.00000000000000000
  0.00849399777805442  0.00887453380805152  0.00944415865421777  0.01015194644627150
  0.01100004318170227  0.01199572465717880  0.01307510834037622  0.01419667291787904
  0.01546163323750126  0.01697719688812466  0.01874788492171486  0.02087523957767904
  0.02341103612233270  0.02640447958385588  0.03000494222332382  0.03420865982470447
  0.03943609670308533  0.04617358064013419  0.05367012762053222  0.06233283553978691
  0.07183437715143602  0.08286750453603206  0.09668142170202046  0.11360300085138134
  0.13359142202091273  0.15274344806367110  0.16812997836533058  0.18191906969814001
  0.19636187184205200  0.21213961204496279  0.22845398762913766  0.24578629535602428
  0.26277993316691217  0.27591980465977967  0.29271984188258737  0.31083377043217525
  0.32917431099557592  0.34798459348466554  0.36639271944437757  0.38616074672505490
  0.40919350326714965  0.43408741736356948  0.45542647696180416  0.47269799881250124
  0.48862219115717975  0.50661589541961050  0.52553492918372680  0.54620626097195590
  0.56652212851371220  0.58581116228518038  0.60459223820216279  0.62343992945583615
  0.64461874383665996  0.66433416449090221  0.67847806780818787  0.69108979299086049
  0.70608583296454230  0.72319295417351137  0.74041639668280923  0.75785292000286897
  0.77656197433665608  0.79281727619139841  0.80507701083217020  0.81908120212227609
  0.83151891803137745  0.84257426130804303  0.85360524820406303  0.86718670253651431
  0.88128131111827201  0.89265459354274013  0.90377454344903463  0.91339243867443887
  0.92327707737242426  0.93449608117953098  0.94495837524666726  0.95380420940636834
  0.96089961991215567  0.96626958242023220  0.97044180313755446  0.97363806631176553
  0.97613619413521346  0.97828382876450171  0.97976559895460458  0.98099538784814699
  0.98223729187304021  0.98328654946082239  0.98421259338119804  0.98516180191201419
  0.98617785634314692  0.98716304417666789  0.98796426825989481  0.98868433928452992
  0.98930381257215050  0.98981909469279394  0.99014993040201504  1.00000000000000000
  0.00255934132204018  0.01458967470738310  0.02469287372986931  0.03596259964836744
  0.04715301142845645  0.05734285915776993  0.06678222910525868  0.07569082885866080
  0.08544362735800591  0.09542283024511308  0.10437731875793427  0.11392410732535424
  0.12273998491802862  0.13179408232023346  0.14100760193279913  0.14950694308003748
  0.15734435178542236  0.16610317596075441  0.17575168462811919  0.18534217229228903
  0.19473376362405276  0.20359189455184390  0.21256197731881860  0.22199494421062455
  0.22959493998760025  0.23654141542764123  0.24476327070785234  0.24972537950381504
  0.25470923418246577  0.26275287017553567  0.27217320111627130  0.27975154435635713
  0.28818843288377721  0.29567748431878099  0.30182224942555008  0.30873372322803661
  0.31800672720608181  0.33038468420687667  0.34465444160473413  0.36009858506557357
  0.37592372532066221  0.38960004198104342  0.40187121294634054  0.41373920838416056
  0.42571207774918340  0.43712019212567949  0.44736308203554148  0.45657392437236605
  0.46591898008157506  0.47666112993444520  0.48887672324496012  0.50178771991482818
  0.51424190174240691  0.52568410288959888  0.53663677956628353  0.54666364609908125
  0.55670850542746309  0.56565436167174954  0.57437924008640107  0.58388979097806759
  0.59365460768695388  0.60440350334517712  0.61628827370918482  0.62843910472791609
  0.64080239014310281  0.65302024588257157  0.66483155563718899  0.67653096734102791
  0.68824170735914214  0.69978635184334315  0.71105055441772802  0.72198190275835772
  0.73269640657833579  0.74311926972500697  0.75315269901045023  0.76338597135982800
  0.77531111696668065  0.78855922061102823  0.79806993222249856  0.81168603298395259
  0.82472419808575625  0.83725345512845328  0.84959108055860511  0.86110501400472761
  0.87099691023270587  0.88128646571012215  0.89173089871160560  0.90280814877644022
  0.91436246273195820  0.92628651479161561  0.93816842300553926  0.95024707753642679
  0.96244090518928205  0.97438471957262152  0.98668292736274332  1.00000000000000000
  0.00847661137911583  0.00903397605833284  0.00960731930717175  0.01021395697659762
  0.01089359308579833  0.01166172613473723  0.01248910288202175  0.01342810833584051
  0.01450715217541484  0.01566971188923097  0.01689431551496246  0.01822099981551923
  0.01962114000897152  0.02122397635652802  0.02324670550529041  0.02547389087039407
  0.02774964218994259  0.03048935016181756  0.03398522959334363  0.03815201311464141
  0.04264814286795698  0.04762844696867303  0.05378817438667512  0.06059207790823615
  0.06919796102557366  0.08378116136136496  0.09953187003962188  0.11090075685403143
  0.12360983461043933  0.13737622760476004  0.15270408052803239  0.17023470360106038
  0.18969519110209213  0.20896768686853340  0.22777279654713090  0.24712847531935986
  0.26754823718305654  0.28737437679378591  0.30650900911007950  0.32600379114949396
  0.34636641445322186  0.36884280086773991  0.39555290548768807  0.42438141352050007
  0.45377496865001832  0.47972791655000008  0.49861442199874906  0.51249858738026399
  0.52798070665881991  0.54672352695337634  0.56647955224852242  0.58509665816921597
  0.60186451627238491  0.61608736907495998  0.63000389690635805  0.64651231885993998
  0.66624995024403233  0.68611588000837431  0.70668469507101717  0.72853217291384875
  0.74894290099282124  0.77025086136023768  0.79080059787433077  0.80788139045575769
  0.81874766213084982  0.82552178440399837  0.83385876077529697  0.84108542303561551
  0.85728415331647490  0.87240325636049987  0.88478241735590091  0.89714276178756192
  0.91030833147259260  0.92294730524142976  0.93408104063088093  0.94385280736230404
  0.95218925766974027  0.95913216683759217  0.96484492959004642  0.96935278964107563
  0.97261795614189261  0.97489785041768684  0.97706203908311329  0.97892519810237333
  0.98065064881585573  0.98221552189422001  0.98360768632617901  0.98484022474762467
  0.98601505027966052  0.98705381764397593  0.98791807212910177  0.98871005855438565
  0.98941129990199939  0.98988187119732030  0.99014223691682257  1.00000000000000000
  0.00000000911934515  0.00000000989006301  0.00000001041034607  0.00000001073259606
  0.00000001108512733  0.00000001143209254  0.00000001174893422  0.00000001204556939
  0.00000001231960113  0.00000001258931974  0.00000001286984867  0.00000001313859202
  0.00000001342233111  0.00000001374082585  0.00000001409935200  0.00000001450035822
  0.00000001492272795  0.00000001533076648  0.00000001571858878  0.00000001607268007
  0.00000001640036111  0.00000001674062834  0.00000001709954749  0.00000001745015098
  0.00000001774285121  0.00000001800591259  0.00000001827712785  0.00000001859479475
  0.00000001894348579  0.00000001933954832  0.00000001975801313  0.00000002016605888
  0.00000002054013162  0.00000002090335766  0.00000002129207650  0.00000002171298651
  0.00000002212013148  0.00000002251946620  0.00000002296479069  0.00000002347710787
  0.00000002402421235  0.00000002455020180  0.00000002510526310  0.00000002569234660
  0.00000002624632688  0.00000002684889555  0.00000002754560463  0.00000002827675874
  0.00000002892302726  0.00000002958272855  0.00000003031175847  0.00000003112833406
  0.00000003201646188  0.00000003276746165  0.00000003346003962  0.00000003428651099
  0.00000003530885086  0.00000003653099639  0.00000003788322166  0.00000003943488705
  0.00000004117024987  0.00000004294766738  0.00000004464136140  0.00000004628826415
  0.00000004798758852  0.00000004967544197  0.00000005123846554  0.00000005319643403
  0.00000005594179936  0.00000005910753191  0.00000006256193690  0.00000006626110048
  0.00000007015300540  0.00000007412957843  0.00000007886070693  0.00000008507346983
  0.00000009235731361  0.00000010108547368  0.00000011030518571  0.00000011986027610
  0.00000013183765604  0.00000014797045595  0.00000017065988695  0.00000020418056431
  0.00000025386199296  0.00000032808064925  0.00000044889040740  0.00000069047771256
  0.00000116632341164  0.00000262937422218  0.00001518042893976  0.00016977446685296
  0.00157580857104122  0.01018555018729493  0.42758093155113752  1.00000000000000000
  0.00074593114103595  0.00363459451992485  0.00428373155204291  0.00507578200294312
  0.00607737343220865  0.00694010773735161  0.00767242859763173  0.00851216893084713
  0.00925190909896472  0.00989629316554451  0.01069061546494145  0.01159195290122532
  0.01248760791349440  0.01342861909548747  0.01446087835766127  0.01550079533966889
  0.01638664308256989  0.01739101384131216  0.01850222498513379  0.01969414660460130
  0.02078408868251113  0.02175769438643012  0.02276352520626249  0.02385536926239965
  0.02527418932940516  0.02692425750711557  0.02864378197787969  0.03012205547639498
  0.03148714798079224  0.03289208149996320  0.03428475768412174  0.03558428883993824
  0.03663644953463846  0.03777258220347494  0.03913349702205950  0.04083822646916454
  0.04259494299386204  0.04414570159300989  0.04553007255582914  0.04689339842556187
  0.04826490874532413  0.04967861365195381  0.05144897370179881  0.05407638503717376
  0.05649946787241577  0.05854809068937365  0.06047858609057986  0.06241057973773489
  0.06430434050933959  0.06602893668332724  0.06764314746724527  0.06923105021315110
  0.07070211220424898  0.07212115203473482  0.07358579481246620  0.07517369231540608
  0.07716440976180730  0.07910030426651353  0.08103323445176495  0.08290117952767023
  0.08528645644607198  0.08780908218397020  0.09035492591255447  0.09278003154355481
  0.09510080144261586  0.09713741120962351  0.09916239129171750  0.10094480227313443
  0.10255713541588343  0.10407323316647840  0.10543757650135976  0.10757846634337243
  0.11086998207347327  0.11386905546310561  0.11648718328766497  0.11892981115447632
  0.12164263913207700  0.12443987891697463  0.12765111591316011  0.13096332270432612
  0.13444693997647583  0.13830387262502231  0.14237752110247748  0.14602255136119341
  0.14972315442590484  0.15402857755052227  0.15774727155777196  0.16066662734632214
  0.16358598313487233  0.18103322757647941  0.20785997603878612  0.23995732815983889
  0.38147472801709659  0.52299212787435445  0.65939488384050182  1.00000000000000000
 -0.00279724445001226  0.01056748217343388  0.02152247006758368  0.03360214956289316
  0.04587570456009920  0.05737353005536727  0.06803946695115259  0.07755503531878112
  0.08651721445745533  0.09517187539262838  0.10306844944751545  0.11163245353526934
  0.12117272913840042  0.13245169263941928  0.14333465675471410  0.15226526379965705
  0.15831499085629200  0.16440441230676994  0.17217313793971922  0.18084824668567981
  0.18863614096808262  0.19713439241850278  0.20554611666645367  0.21489099502849224
  0.22783726817127131  0.24019815871332797  0.25060003121987157  0.26201707619828851
  0.27315018725035589  0.28328158039100138  0.29387835751784530  0.30514773299508197
  0.31650193042689240  0.32805371819578588  0.33966115466696228  0.35147117750761608
  0.36350804154493382  0.37609579087290212  0.38908638047372279  0.40230163974311234
  0.41601272826557778  0.43018940135063455  0.44429840976158425  0.45835574341001534
  0.47250406488143837  0.48701461042818700  0.50119613274785813  0.51347751035084777
  0.52297130035181016  0.53106534095554181  0.53985175566007182  0.54936482980886736
  0.55802959270756780  0.56702195190628035  0.57856959837827049  0.58791427183980616
  0.59687879780232678  0.60637204016773216  0.61485844771854159  0.62309303072811673
  0.63065847937355635  0.63782123247537892  0.64601756038290825  0.65467347349273652
  0.66363660607452457  0.67422439490037445  0.68512654196237610  0.69502717294730265
  0.70482545051570022  0.71541058495284593  0.72379321481032621  0.73097040909056188
  0.73903227057077459  0.74759733806815287  0.75668347461582941  0.76584839428525231
  0.77567147741998277  0.78680793981740071  0.79861103406107681  0.80935035505736208
  0.81907392668068812  0.82896523741555683  0.83964957044742705  0.85136258212485416
  0.86256724167503518  0.87430932298884778  0.88622329347519180  0.89875429151539965
  0.91151739229893380  0.92492168167405286  0.93840690870165422  0.95100410661232848
  0.96231109368851453  0.97291155858293554  0.98410551888249020  1.00000000000000000
 -0.00280434118795847  0.01019728916069814  0.02079845619266080  0.03104030791038255
  0.04089144541051460  0.05066555353323131  0.06083019639254557  0.07083901639839732
  0.08136843815921234  0.09326211423495745  0.10424777956176588  0.11586362125018067
  0.12849668010056814  0.14190756457900089  0.15540049833411163  0.16820526314634346
  0.17995670911576522  0.19067461523492885  0.20113378078204133  0.21334771606150982
  0.22464483651052058  0.23448311722979434  0.24401553009870477  0.25405344967841359
  0.26435164664428168  0.27344617530152743  0.28234584481165720  0.29219702023926108
  0.30284076030600482  0.31311881627156568  0.32533883295191612  0.33886098995765618
  0.34993148929808954  0.36124435723938830  0.37268698130438932  0.38453992448466046
  0.39604634984013798  0.40568980287787293  0.41314669992168529  0.42018192960263134
  0.42805144883506613  0.43651659543665344  0.44508851526137477  0.45524380797891650
  0.46841774658224916  0.48376921737068562  0.49547675838477179  0.50476319875759712
  0.51232507823167805  0.52047322977091104  0.52886740735808158  0.53649798955702777
  0.54473883080995333  0.55280156913664757  0.56125451446495067  0.57049782037609886
  0.58232991897260666  0.59626534436836420  0.61012366289632025  0.62373936302804178
  0.63626721208094184  0.64795335051279757  0.65794453430616573  0.66646976196794971
  0.67502221061446532  0.68580297505562104  0.69815683432835784  0.70958094401191096
  0.72058202939711913  0.73175677017864715  0.74287367906606949  0.75379098225004226
  0.76494238302699546  0.77670221426229691  0.78869464279002399  0.80053119045672816
  0.81348599952760614  0.82643313327199797  0.83701620025134493  0.84557571752045846
  0.85378939087935057  0.86091992787080129  0.86775357015920496  0.87402479396464527
  0.88131785806455987  0.88912167849167623  0.89704950710998521  0.90781979846395056
  0.92036118749858264  0.93227320999477370  0.94338849049636675  0.95406481514608443
  0.96508220124429500  0.97621105673699060  0.98832242972395945  1.00000000000000000
 -0.00130989633359366  0.00634462610049786  0.01266253374347506  0.02051916469703334
  0.02848150537284471  0.03583526325901376  0.04315684037596346  0.05074672101679203
  0.05670158844507358  0.06321633463764617  0.07302016961498263  0.08572211377900590
  0.09877704995800314  0.11139767952742423  0.12518317539208060  0.14006558702038208
  0.15340814759352353  0.16704128615742558  0.18035628201502807  0.19202525523869290
  0.20013840104029218  0.20576606194025046  0.21173617446730475  0.22080472265902348
  0.23167953542029204  0.24203562433906803  0.25222415204919901  0.26304683402441281
  0.27467680904928249  0.28672333490230362  0.29867075521533071  0.31156920647657271
  0.32253867545796977  0.33260677613680756  0.34248029056509638  0.35319589129911083
  0.36326388234398310  0.37291837355699708  0.38289680743823429  0.39473213521494360
  0.40483739965578325  0.41417030157589879  0.42231081120453218  0.42990477992487747
  0.43686216197169436  0.44551680980568137  0.45626261578768101  0.46722780599694091
  0.47798666009795820  0.48808625607332856  0.49794893892597281  0.50792663575672692
  0.51782736893783121  0.52765311900019263  0.53709924655953090  0.54629584635298389
  0.55550745048769923  0.56537096885875393  0.57583811082753888  0.58595515373503526
  0.59576665896727166  0.60569963824864737  0.61715612441050671  0.62923769116425043
  0.64051645597592666  0.65319668429885347  0.66780001972511316  0.68099751620516047
  0.69176775818564751  0.70157822185203700  0.71070869234197032  0.71986762994662001
  0.72985478014964789  0.74048814751859648  0.75113465260599610  0.76164226126817591
  0.77301815416011854  0.78614001855550597  0.80105815942151826  0.81598156225783680
  0.82987464993152715  0.84313230577662934  0.85594868766126930  0.86874409166913402
  0.88174038648263897  0.89386685092028972  0.90460821631577315  0.91439905946854916
  0.92275753609052902  0.93234992404293315  0.94297839625849822  0.95541882159017200
  0.96591331537502390  0.97774029336471424  0.98901292351972692  1.00000000000000000
 -0.00261826405246075  0.00902022478273621  0.01980128359761153  0.03022299507068919
  0.04183901963368393  0.05394418680144893  0.06552490733970451  0.07545292090789903
  0.08459848624739366  0.09332921904448557  0.10376393492698505  0.11563791923688234
  0.12873211901658430  0.14194729623704891  0.15438508350974178  0.16579264119651102
  0.17584498924684033  0.18421203579772874  0.19363747760143579  0.20436594728557045
  0.21489337806002631  0.22594783483120906  0.23795328770142279  0.25110049473581775
  0.26344056826150775  0.27372234301174136  0.28362285422534750  0.29379515556537361
  0.30379267865724158  0.31455256993296349  0.32660546870194079  0.33931393983815983
  0.35123263361328461  0.36361573827578414  0.37564557265997406  0.38472758397169926
  0.39218424100039390  0.39938315661759166  0.40720350585558646  0.41534776183089772
  0.42573331979757961  0.43860723769718102  0.45155044768921793  0.46235668536039748
  0.47182213214566837  0.48125045877048001  0.49195986949284493  0.50405176658176920
  0.51647992645197138  0.52902609942016821  0.54123051188499105  0.55230810593858437
  0.56227942583558477  0.57173439385747793  0.58152473278397154  0.59279248311815713
  0.60635538607173001  0.61993445923239954  0.63236120455279932  0.64454397421767884
  0.65612142650710037  0.66803173689713835  0.67948163936129424  0.68989002632540108
  0.70033806195364856  0.71181847665770703  0.72419436916822599  0.73452681184072466
  0.74280533619296318  0.75008226344602635  0.75768037305303781  0.76633835329918687
  0.77642072081673907  0.78785435846861229  0.80057905242940253  0.81393001802664866
  0.82734441377520607  0.83969401327054749  0.85094597908128933  0.86165161749655450
  0.87149336919999476  0.87930955632653751  0.88782575079115811  0.89633889881015816
  0.90390419106054043  0.91036812309787141  0.91688816667577577  0.92396326134273010
  0.93429468675159899  0.94514916976871466  0.95551952097715853  0.96548792453957577
  0.97522313497161384  0.98335263825425179  0.99079399497615284  1.00000000000000000
 -0.00257712417835936  0.01045451806755547  0.01807781514606407  0.02660119067091565
  0.03552317706638775  0.04416147074699388  0.05275736008950141  0.06173060419474475
  0.07117756738791119  0.08093929496977222  0.09109334866121646  0.10031512470992049
  0.10860668888103767  0.11929517507621126  0.13019535856238573  0.14015109505182496
  0.15017722300471598  0.16122169774895675  0.17255830024745425  0.18234068015226002
  0.19004178147777584  0.19712043829120310  0.20365974552762756  0.21183973478004992
  0.22084926595396062  0.22859307701019860  0.23729347338061654  0.24532918250931271
  0.25363234128472384  0.26330446347763897  0.27397310288083548  0.28468001595297299
  0.29580339700853842  0.30761892166193022  0.31901577307726692  0.32947941404476422
  0.34068408463000044  0.35213780819417989  0.36357772773606289  0.37805209510988408
  0.39252146597442705  0.40655125506607642  0.41936352116271819  0.43024477446044362
  0.44007555338352905  0.45125699608299541  0.46190224314651840  0.46867932558277026
  0.47558892613031811  0.48285487023212692  0.48971030688672795  0.49817569733651451
  0.50848090837305482  0.51829929946368791  0.52777053971099319  0.53712762203076436
  0.54427176939473931  0.55200766299982074  0.55870214644605443  0.56529617157438894
  0.57393778705225840  0.58448049293362270  0.59480546191204076  0.60401569869124982
  0.61269453006605112  0.62185949526039197  0.63192216295320125  0.64303055253706620
  0.65401996205138380  0.66525285842267379  0.67686360019390346  0.68915704832842040
  0.70155501053984881  0.71390232909429419  0.72544972164022625  0.73681182767223441
  0.74855867236748441  0.76130563367413928  0.77521259339574788  0.78983048018134006
  0.80424101022094818  0.81713073281502857  0.82986541971302907  0.84243688610662226
  0.85563076627327128  0.87017044816610001  0.88555339066087768  0.90033410001836978
  0.91652841684879438  0.93131307848763378  0.94401197874136911  0.95504217317854490
  0.96521961074181117  0.97381064954885843  0.98572817818788194  1.00000000000000000
 -0.00130859927085145  0.00559788877504564  0.01637349551692390  0.02661711771040786
  0.03496982763662644  0.04379174798018701  0.05378981668542523  0.06348595312859390
  0.07260589074944054  0.08219603366852049  0.09116881943129820  0.10184244761442193
  0.11413376554385085  0.12855522303138064  0.14295465599696880  0.15632732269550204
  0.16811772078917211  0.17796259253477589  0.18674570939666668  0.19598771570642054
  0.20536717300151736  0.21430769063691843  0.22337220675290753  0.23392170979473728
  0.24704227516947119  0.25982125762337310  0.27139785675766176  0.28268487262098135
  0.29469051584622868  0.30654293197101173  0.31628957502902938  0.32367175162531409
  0.33082057691717481  0.33821604938295607  0.34551015565654819  0.35375060536636993
  0.36230344116990171  0.36857786887490585  0.37492511236961029  0.38695194397095223
  0.40217438172151065  0.41522590369017820  0.42686401034189225  0.43828956862931756
  0.44922712661454284  0.45849149984983006  0.46671487355296293  0.47625545354581500
  0.48588754792940003  0.49586377204763549  0.50645398414355358  0.51735051899587725
  0.52732994366449970  0.53607565776618016  0.54440135789514121  0.55404737963109696
  0.56427117683062078  0.57570151608301601  0.58668550663252339  0.59701375003840362
  0.60778229317837751  0.61870732341730394  0.63069187990212283  0.64326541933604453
  0.65793148016962644  0.67205950059129316  0.68542547236686169  0.69744806697684347
  0.70752943717818739  0.71569984036370193  0.72259996764187151  0.73050958996164839
  0.74039123160765075  0.75088334632818443  0.76310682081197723  0.77605079244631558
  0.78851502945783514  0.79857979577809091  0.80717745085381876  0.81613547213999016
  0.82568143473958433  0.83501354000572159  0.84475568000037315  0.85581617119999520
  0.86826304491914708  0.88116599359420922  0.89404221905096737  0.90601412048245955
  0.91737150384584287  0.92919756063703263  0.93988445089688166  0.95312760462549451
  0.96429688253882906  0.97643279767694724  0.98741574282317379  1.00000000000000000
 -0.00260273112411744  0.00930298972602324  0.02268742813153283  0.03464951657900248
  0.04563489734963417  0.05660380887499823  0.06856325990387828  0.08146061788370380
  0.09423282926350245  0.10617530557939753  0.11712086661547323  0.12761700202306522
  0.13794188283515815  0.14824678902464403  0.15916894225077799  0.16906242107357997
  0.17666548195532297  0.18399165311640797  0.19112705685343567  0.19866772739608418
  0.20686774579252598  0.21446586944148213  0.22171989249050938  0.22943352465577799
  0.23855480351797587  0.24993096737581444  0.26194150449154857  0.27387663898743453
  0.28711582396190882  0.30074432699950709  0.31471738966749052  0.32942382158952443
  0.34401903326926470  0.35621251355339961  0.36846730116797716  0.38056052960871906
  0.39164483203808648  0.40234131490389585  0.41374971614985634  0.42753368523463064
  0.43887659123840750  0.44894501951666005  0.45787038319959156  0.46741100954688142
  0.47650147375833468  0.48563005354437822  0.49846443377186384  0.51354556259251072
  0.52563859759373366  0.53574171069156040  0.54520231505350913  0.55516225389865292
  0.56467716181344851  0.57373223003476892  0.58365333616637238  0.59323034201069136
  0.60357862134548979  0.61631629688172562  0.62991838472130179  0.64344364789254971
  0.65551488185541296  0.66699651039244534  0.67873043998540272  0.68840788871162684
  0.69545473960064363  0.70146231156319883  0.70747231344720396  0.71337352628307205
  0.72099992903444565  0.73002380310566939  0.74095697998469456  0.75121679054671087
  0.76040159820124797  0.76882961079127943  0.77616166710690082  0.78327838248806381
  0.79158605389784487  0.80016035237134042  0.80927547726126614  0.81949151066563919
  0.83114033857087433  0.84225118234558882  0.85454849127711485  0.86634468707653522
  0.87715823169021112  0.88612219841876438  0.89399907274772938  0.90184550670002284
  0.91137132784029140  0.92377006805070172  0.93839341506856655  0.95264898655282104
  0.96594794678972062  0.97824573538159021  0.98910235582948969  1.00000000000000000
 -0.00370243488329147  0.01168041483198633  0.02633921248976260  0.04000554129950115
  0.05234637564975601  0.06424105302020568  0.07545960245717245  0.08388373511516892
  0.09151633311052790  0.09832195773973064  0.10517964767599060  0.11308326247079786
  0.12172864451038051  0.12923072030357496  0.13607163026436883  0.14174320159901801
  0.14766284163154841  0.15783919593251836  0.16942590661385287  0.17935449489013677
  0.18955031101334685  0.19957111527691868  0.20935021546484398  0.21836729313356271
  0.22719835988402892  0.23663646288116250  0.24667851064956023  0.25837843988032660
  0.27132148069891299  0.28515736264004926  0.29677607770322628  0.30776213930174690
  0.31889893165843525  0.33022287838466580  0.34152050007559459  0.35255572473128177
  0.36375412199450924  0.37708832663841063  0.39044002362127767  0.40292838825062322
  0.41477320629793440  0.42664147549765297  0.43870355849322418  0.44996566599246812
  0.46038834032025228  0.47167466260228158  0.48271877159781068  0.49340128099822961
  0.50358404959451852  0.51380245080044151  0.52445851277027544  0.53593103726638824
  0.54716809338361383  0.55705085133158128  0.56667688785585768  0.57685053328648472
  0.58707935865295235  0.59647236971785711  0.60472583265290913  0.61227691166946896
  0.61906328559790458  0.62647584197423156  0.63580621809321380  0.64475028400418644
  0.65515713915984597  0.66669856224267743  0.67838563865386903  0.68947660221905716
  0.69975198934549687  0.70959614217483302  0.71939728991006191  0.72949277886109665
  0.73981921845351284  0.75079377861904562  0.76216241570452092  0.77302081363243846
  0.78371028527740683  0.79449414277338481  0.80602774273732991  0.81838860464248231
  0.83099860420729266  0.84274673359112040  0.85288701504963882  0.86215841737316767
  0.87185738242303479  0.88304266994571101  0.89573990120455571  0.90835409980576831
  0.92037376331787757  0.93122427605525571  0.94214040314652381  0.95289184126986815
  0.96505121176015207  0.97781317230144160  0.98983548965457813  1.00000000000000000
 -0.00336477946847083  0.01185664454528880  0.02486904103814352  0.03561008958147991
  0.04606717863062586  0.05748768440171903  0.06876255130302028  0.08019746307097270
  0.08944620655754741  0.09824543689299414  0.10698141190707644  0.11697052741680060
  0.12790417352201139  0.13690943694543706  0.14629122055126254  0.15664986986286289
  0.16690754436965752  0.17803955371807151  0.18919826452716865  0.19954728045089903
  0.20961243991306977  0.21769246480524979  0.22658583504177487  0.23307031582393117
  0.23961045714741663  0.24805513723140243  0.25561035524004277  0.26395097200891959
  0.27237726712775578  0.28099678741757994  0.28794463673800752  0.29675472805997988
  0.31021273211845540  0.32425534220126384  0.33748652846910937  0.34976046769745084
  0.36131249342659866  0.37280607899757079  0.38486829988533755  0.39725526598368471
  0.40965515341307968  0.42184153878549357  0.43209463361678224  0.44161940947289507
  0.45134706275587477  0.46125120879779163  0.47180530531450970  0.48242946392300035
  0.49351930984804332  0.50446504847015239  0.51583958450093836  0.52794385651518294
  0.54189463203969479  0.55496005868855514  0.56726697965704653  0.57934014051148897
  0.59074696856463904  0.60220342320585563  0.61448819648603414  0.62676766107277249
  0.63748112503498477  0.64688571526906469  0.65586745355156673  0.66477915392404296
  0.67410177669921278  0.68366438569646670  0.69389470271654230  0.70395488391705408
  0.71453722305064249  0.72633026433710102  0.73782465866481839  0.74786621969293088
  0.75779982997686823  0.76815398035515614  0.77747364226582139  0.78615088100195851
  0.79565792226424492  0.80483660385064260  0.81326905816182826  0.82395954513211001
  0.83572136896818217  0.84543520162445673  0.85511636178358164  0.86513314608919767
  0.87641726666157937  0.88886873885508588  0.90126482229417149  0.91321975673567857
  0.92395512274846314  0.93337799123794751  0.94288943143777992  0.95322618618228960
  0.96423016770334002  0.97535173715619750  0.98769464914359484  1.00000000000000000
  0.06744830710035435  0.07283359048230237  0.07557881555301703  0.07747692242928238
  0.07907240528413902  0.08039949675753520  0.08154410126242857  0.08277674091898227
  0.08386086243687021  0.08471799026356724  0.08565793909081437  0.08689570473781449
  0.08786598371154640  0.08878595001044809  0.08969096626685980  0.09049504987022408
  0.09138131318643333  0.09243299222149330  0.09334551749444389  0.09421608538523270
  0.09508176838611623  0.09594972923488999  0.09677875206453301  0.09752488629100410
  0.09826409207032068  0.09904216934391555  0.09993801101101107  0.10088900349099014
  0.10186058900767954  0.10277257482426726  0.10358201937030453  0.10435271637692867
  0.10513176566990666  0.10605631921269044  0.10708707961856233  0.10805331246310186
  0.10898322748418861  0.10987940222041626  0.11072714203970706  0.11164776007092056
  0.11262264875620041  0.11356994695062797  0.11453257200545573  0.11560528044242209
  0.11669744708440828  0.11773006714535236  0.11870860453926957  0.11980224382364345
  0.12089569393675098  0.12180765581453459  0.12278613026557000  0.12386708603952436
  0.12502417161206572  0.12617338516800519  0.12737763713564054  0.12876337745470834
  0.13015170068768026  0.13150333518929289  0.13294360773133612  0.13452864674939990
  0.13599820782470654  0.13732048166195257  0.13865111691965565  0.14002179436616871
  0.14122796526731152  0.14231025774800402  0.14350516983670558  0.14492919031224710
  0.14657859077527699  0.14832173211272989  0.15061539737626356  0.15299752000398492
  0.15549565430461726  0.15825180581352027  0.16129840211037461  0.16448761308614140
  0.16794948724479403  0.17158067534773813  0.17506313041240076  0.17833910583303753
  0.18168296385634256  0.18563651923590180  0.19044600841388246  0.19612214166981440
  0.20248535718094438  0.20935764715513761  0.21650902295211363  0.22295394734888305
  0.23437287727784981  0.24499149693763655  0.25678529746226864  0.27541690711138050
  0.30795591829987412  0.46103861329111812  0.89830701993708162  1.00000000000000000
 -0.00220795826460680  0.00904328440458420  0.01933062802790144  0.03048562420701325
  0.04174007526412665  0.05332156632322203  0.06445514188026201  0.07428508595809294
  0.08361224764636066  0.09341251922833257  0.10616596424116242  0.12089969680636585
  0.13373449830757131  0.14510908648241272  0.15613218936365991  0.16626024321888935
  0.17709005786004131  0.18789225714444865  0.19829179839506467  0.20851145736784710
  0.21975072261090345  0.23162965098224150  0.24333756035762097  0.25397450607831945
  0.26389794981102277  0.27329562302825422  0.28349747595114472  0.29360903451556608
  0.30412161658957992  0.31435619955652039  0.32403059951647301  0.33384224352522035
  0.34456828823303931  0.35582058356209950  0.36717145185637667  0.37900822254220806
  0.39112019913407503  0.40321623214873509  0.41567044895509020  0.42856603545660682
  0.44076157785283959  0.45142374753079950  0.46130806947651315  0.47101504566512575
  0.48100515033093028  0.49179363975945650  0.50313932065098410  0.51544114584376277
  0.52800320486684149  0.53922315894312534  0.54957213375428393  0.55998176432049784
  0.57122661593312940  0.58311467899499780  0.59505371469723822  0.60728128625562061
  0.61984444878587608  0.63184716367795868  0.64361846678449675  0.65541133416961728
  0.66592216480406130  0.67570767126877385  0.68436396978993552  0.69276547415434409
  0.70066143701619943  0.70843336302703575  0.71617934452707155  0.72641596225501015
  0.73911487928632191  0.75198356509873288  0.76328264821969749  0.77309396796957686
  0.78203753468819348  0.78962647751169313  0.79674966794904378  0.80557723875401721
  0.81420328409659504  0.82267669093759699  0.83210224775022001  0.84233090133124877
  0.85223854018144918  0.85961179856580705  0.86751792019842378  0.87668133321992825
  0.88336283488510314  0.89153691975639704  0.89993445791725202  0.90803366679485942
  0.91669847033093965  0.92627099377043087  0.93766478842711887  0.94897704056478016
  0.96027706734338092  0.97210795455069055  0.98512139038173940  1.00000000000000000
  0.11231918540854605  0.32553888078929238  0.43351137151505847  0.45985069805840822
  0.47979758982665982  0.49473122612911330  0.50766885006059281  0.52180458473514080
  0.53551890846745032  0.54583217536975592  0.55467456441835428  0.56283678481977850
  0.57052626555158037  0.57843339384390735  0.58616107552944341  0.59409625057238102
  0.60145777839601311  0.60820674111296225  0.61482785592332523  0.62107777999675562
  0.62723094785301647  0.63293892562730680  0.63766545666556729  0.64119138821294197
  0.64436357310933823  0.64789079416467410  0.65189499937039375  0.65644201044838246
  0.66193249138148402  0.66835362934799181  0.67467266965694694  0.68036943953891948
  0.68524937812355924  0.68960452391216587  0.69387028271899753  0.69839545545006709
  0.70294424518603804  0.70753563270815911  0.71251869397899337  0.71718525772283270
  0.72156549337934284  0.72579094114957676  0.73001676254615866  0.73405740404759412
  0.73810032924594937  0.74176531343992391  0.74524220520469919  0.74897053441699035
  0.75305813338095173  0.75729930676733592  0.76135662192554310  0.76511392177101467
  0.76889874883366394  0.77278703297174001  0.77654607534510001  0.78041187368557807
  0.78439952418767644  0.78825216019200062  0.79214382571067576  0.79615713697329427
  0.80017574774645295  0.80413429632265854  0.80807864198258517  0.81204926969130953
  0.81598938340693539  0.81961232133814588  0.82282998767637727  0.82610516709074377
  0.82966946742199310  0.83352969244715791  0.83744600510298650  0.84125544954710219
  0.84496168811737427  0.84862399498766417  0.85230963643032942  0.85588342463988876
  0.85934269975150768  0.86309401196862912  0.86687080775000447  0.87169194362384805
  0.87598256674872021  0.87902502304730545  0.88134956707839485  0.88431446217349541
  0.88806272687015064  0.89124340210908226  0.89430547038121011  0.89744428233315143
  0.90115074055796529  0.90540539242423157  0.91119340137378457  0.91699883759520984
  0.92323241636664599  0.93081711365493913  0.94489179607354568  1.00000000000000000
   7.4125034190319301E-014  -1.0000000000000000     
 F F F F F F F F F F F F F F F F F F F F F F F F F F F F F F F F F F F F F F F F F F F F F F F F F F F F F F F F F F F F F F F F F F F F F F F F F F F F F F F F F F F F F F F F F F F F F F F F F F F F F F F F F F F F F F F F F F F F F F F F F F F F F F F F F F F F F F F F F F F F F F F F F F F F F F F F F F F F F F F F F F F F F F F F F F F F F F F F F F F F F F F F F F F F F F F F F F F F F F F F F F F F F F F F F F F F F F F F F F F F F F F F F F F F F F F F F F F F F F F F F F F F F F F F F F F F F F F F F F F F F F F F F F F F F F F F F F F F F F F F F F F F F F F F F F F F F F F F F F F F F F F F F F F F F F F F F F F F F F F F F F F F F F F F F F F F F F F F F F F F F F F F F F F F F F F F F F F F F F F F F F F F F F F F F F F F F F F F F F F F F F F F F F F F F F F F F F F F F F F F F F F F F F F F F F F F F F F F F F F F F F F F F F F F F F F F F F F F F F F F F F F F F F F F F F F F F F F F F F F F F F F F F F F F F F F F F F F F F F F F F F F F F F F F F F F F F F F F F F F F F F F F F F F F F F F F
  <DiscreteSampler_grid>
  grouped_processes
  1 # 1 for a reference and 2 for a running grid.
  10 # Attribute 'min_bin_probing_points' of the grid.
  1 # Attribute 'grid_mode' of the grid. 1=='default',2=='initialization'
  0.0000000000000000 # Attribute 'small_contrib_threshold' of the grid.
  0.5000000000000000 # Attribute 'damping_power' of the grid.
 # binID   n_entries weight   weight_sqr   abs_weight
    10   10   3.946159028933154E-002   1.530959258085304E-002   3.946159028933154E-002
  </DiscreteSampler_grid>
