  0.00000000075592700  0.00000000094022906  0.00000000101458787  0.00000000111397591
  0.00000000121206799  0.00000000133603306  0.00000000148826758  0.00000000166389233
  0.00000000190104725  0.00000000216922978  0.00000000249191877  0.00000000288153416
  0.00000000339521839  0.00000000400898667  0.00000000474688107  0.00000000557926702
  0.00000000662409482  0.00000000790118633  0.00000000959746526  0.00000001181110554
  0.00000001468361386  0.00000001837391801  0.00000002287776456  0.00000002810167855
  0.00000003433991363  0.00000004238260679  0.00000005294393991  0.00000006618005261
  0.00000008244801928  0.00000010287244129  0.00000012868638904  0.00000016088959768
  0.00000020035099318  0.00000025270177576  0.00000032355865059  0.00000041614816127
  0.00000053274838171  0.00000067562354450  0.00000084454230027  0.00000104690990022
  0.00000129427320087  0.00000161779120823  0.00000205385504727  0.00000262581893126
  0.00000334344222045  0.00000424333856070  0.00000533851200076  0.00000671927855800
  0.00000838228621444  0.00001040235856746  0.00001290946514898  0.00001617398917255
  0.00002087244025254  0.00002696230729899  0.00003388993009703  0.00004127652181581
  0.00004990174599246  0.00006009465773075  0.00007222153802340  0.00008697462612030
  0.00010480446396514  0.00012585236505024  0.00014964064532792  0.00017493982053118
  0.00020153714906802  0.00023022021702723  0.00026278049805608  0.00030141934263204
  0.00034446680480624  0.00039680842279413  0.00045866925573450  0.00053080962160168
  0.00061367962611681  0.00070439944730332  0.00079845819575146  0.00090964324421055
  0.00104543152802158  0.00120899211155342  0.00141683075237277  0.00167018503139722
  0.00196887659844667  0.00231618059614895  0.00275652372079489  0.00331974765495980
  0.00399318099611767  0.00477540718885149  0.00579088803210309  0.00709989805767864
  0.00913679131613108  0.01203260368947297  0.01592236591055256  0.02208483475209097
  0.03418292382219787  0.07136727551835126  0.54644008039022296  1.00000000000000000
  0.00004909036337554  0.00025570006918418  0.00045272890471006  0.00061979346136259
  0.00076660619562540  0.00091222505592404  0.00105393177248121  0.00119771519559363
  0.00135270539837100  0.00151478636028629  0.00168414544391047  0.00185606881078065
  0.00203069707192057  0.00221902906591999  0.00242197168636867  0.00262453715698753
  0.00281501518704147  0.00299135009361352  0.00316775955365337  0.00334865533795691
  0.00353172642107193  0.00373001442663853  0.00393146796644638  0.00414302617960003
  0.00436097610297373  0.00457550040366613  0.00479052922807875  0.00500365912880079
  0.00521870032733153  0.00543908543443682  0.00566731370356993  0.00589375482273211
  0.00613546469282431  0.00638215979294100  0.00664828628322882  0.00692458791265324
  0.00720461830227654  0.00748585076123499  0.00777383457879967  0.00807849322293772
  0.00839668002552585  0.00873704328900302  0.00909661626342248  0.00946164903677141
  0.00983084779463987  0.01021241637383485  0.01063020215455439  0.01105791949015207
  0.01149315370682986  0.01192875018584919  0.01234827762480084  0.01278738923236174
  0.01326181341787491  0.01375844781444133  0.01426337682755267  0.01481837091063121
  0.01538229674319466  0.01593257287207526  0.01648172581982564  0.01706243569784719
  0.01769103280572001  0.01832872587382442  0.01905565475842026  0.01978120108889822
  0.02051752137854716  0.02127432045636611  0.02210217467184155  0.02311830029171953
  0.02421213825187134  0.02515305263805349  0.02595724274558916  0.02671323677910711
  0.02754565268465595  0.02852139190605545  0.02939748984338712  0.03040033073025795
  0.03167690416434450  0.03318474269895463  0.03530432623300143  0.03752828572906427
  0.03942962158567902  0.04109126105981980  0.04271926298268944  0.04438510679632451
  0.04675029823272354  0.04980309960356404  0.05324064202270062  0.05658474942706380
  0.05922547131800467  0.06153744723033137  0.06457403069853543  0.06780968323913346
  0.07429712297028938  0.08155808865889143  0.32441617513350890  1.00000000000000000
 -0.00200964769477836  0.00893798461906888  0.01802275549238381  0.02800128351278413
  0.03847018805512447  0.04859466638169614  0.05803408363438957  0.06766654576099641
  0.07751922072781585  0.08801500510999799  0.09823222325109955  0.10936922473712808
  0.12126599402797839  0.13358432721883004  0.14537115101092618  0.15644642612762197
  0.16713611326101147  0.17810216309602037  0.18944420818977528  0.20094273320544281
  0.21186834061456769  0.22205152500652839  0.23211834071216211  0.24252469223791207
  0.25303932613467423  0.26318255123245626  0.27312479922839661  0.28344945212779915
  0.29428445239883544  0.30478455624379197  0.31551487890657409  0.32680520922199929
  0.33774888839824779  0.34799465076840747  0.35814536248253465  0.36847344501824730
  0.37869892284929918  0.38871501043577222  0.39873471644386160  0.40882874718317619
  0.41881532445273251  0.42836008281000715  0.43779986198831294  0.44726739179745012
  0.45684281729332948  0.46703252250260130  0.47733425584615313  0.48803522012934392
  0.49847794670570317  0.50838076470376869  0.51836387547753238  0.52842984202668841
  0.53931675987628114  0.55065034223757603  0.56223844016889835  0.57398387940196283
  0.58526367524876977  0.59645754498249415  0.60793954045054588  0.61949642466734300
  0.63039495836686499  0.64120253068952549  0.65167510299815412  0.66228504031995861
  0.67194393531213015  0.68231605316614297  0.69248327415928168  0.70302142915974297
  0.71395580413211468  0.72488480795458476  0.73644183940112462  0.74778705864608985
  0.75856102827134753  0.76851101751321671  0.77825063632987357  0.78798879922080411
  0.79762639649354916  0.80732528067045306  0.81777997620789677  0.82873805130009459
  0.83980296589765946  0.85068461402611451  0.86166320394432327  0.87275821067452897
  0.88419101376238274  0.89573379460204694  0.90680847469073500  0.91795770508628305
  0.92946633498126219  0.94086527563919742  0.95204666009015393  0.96225911341388770
  0.97177107144425123  0.98113505978892035  0.99029016906325973  1.00000000000000000
  0.00838942026284410  0.00858272173027176  0.00933183439045165  0.01006208549868578
  0.01067510401037962  0.01124494804684934  0.01179468298171667  0.01231406878936527
  0.01283088757135657  0.01334445009606606  0.01385093534223378  0.01435805640435983
  0.01486687019030824  0.01537888296693586  0.01589292302319949  0.01640838191786709
  0.01692569377437672  0.01744637935545939  0.01797124486618167  0.01849913478759632
  0.01902963449621253  0.01956250795981151  0.02009913116696415  0.02067801851433505
  0.02124984079254174  0.02183920802179362  0.02251288450182602  0.02316554573953073
  0.02382845623613044  0.02449956591699003  0.02515588486511689  0.02584184434678832
  0.02655065502393358  0.02728517006887147  0.02804471951211679  0.02883463790493389
  0.02965981910740615  0.03052076434332458  0.03141147265682940  0.03229799515141882
  0.03319418717074859  0.03410499488340631  0.03501275094670402  0.03591658675825521
  0.03683705220579592  0.03781648135851789  0.03886787446238973  0.03999753003253333
  0.04116698024112135  0.04238818246485195  0.04361479188077843  0.04486212822404802
  0.04605403700897788  0.04724258981508288  0.04846071393857344  0.04970574037266395
  0.05103326077267763  0.05237655363761751  0.05374414963271094  0.05499362940936265
  0.05633130996149991  0.05770060600958878  0.05929207881602609  0.06093411512888507
  0.06267904176674696  0.06463826464453502  0.06696188831614411  0.06945812971166269
  0.07131401828709852  0.07312008164494552  0.07495192446772740  0.07682535479336111
  0.07951136742062639  0.08242935740694868  0.08596529638289763  0.08987111891753322
  0.09368166959390872  0.09746746890620225  0.10143178720261947  0.10565204502634454
  0.11034339916720647  0.11559699581050602  0.12176475781382018  0.12825973363797979
  0.13512963729787936  0.14230591947359628  0.14966720904828479  0.15854374646385477
  0.16774757649210847  0.17976548626403235  0.19561919991764337  0.21410106948947655
  0.24409603715579964  0.27110939519135430  0.36455195077072289  1.00000000000000000
 -0.00233181524431211  0.00872554676123731  0.01885106370341703  0.02918765991692635
  0.04072607524349115  0.05236124524909127  0.06463992136148894  0.07696065879167305
  0.08872397679549060  0.10062673591479231  0.11220380682956614  0.12395354937435234
  0.13516658170643064  0.14709457494778685  0.15966340335426929  0.17276526161034206
  0.18616440548188648  0.19937436668183711  0.21186291009838668  0.22331234883548456
  0.23534745792254411  0.24730750167157811  0.25893541744042659  0.26986451772705256
  0.28170467478301808  0.29353962151729318  0.30530625445507020  0.31695318766768626
  0.32892829293791054  0.34042782074328615  0.35179677310458346  0.36192302932102044
  0.37170114506974083  0.38156933808171922  0.39089564769479046  0.40041121059726198
  0.40928336069312982  0.41858719239016839  0.42840648154588956  0.43820627587843330
  0.44788712260548780  0.45731869984712453  0.46614099821549354  0.47450978610410965
  0.48281683173312384  0.49131748119641466  0.50003375130293193  0.50868798348385824
  0.51687348255748622  0.52495779938713094  0.53297269672818204  0.54143412006250335
  0.54958654572995080  0.55786487300063037  0.56633728053218535  0.57504488308322010
  0.58394994490434782  0.59338164847293784  0.60331642852985390  0.61349281346227036
  0.62329490805312537  0.63255092651451905  0.64134032014230524  0.65014879881307641
  0.65939053971921846  0.66878164492647141  0.67833093800490474  0.68809241912874586
  0.69802624514129319  0.70805961472238310  0.71796752890875448  0.72800251011526718
  0.73885133874315301  0.75026647254407408  0.76215741827255901  0.77404340276054329
  0.78535977315845462  0.79604436282987290  0.80681464054049135  0.81833608081944575
  0.82969973461666668  0.84026528968815850  0.85049157620935845  0.86140579345004475
  0.87285299429915675  0.88372639056563662  0.89470147256734078  0.90580270928355733
  0.91742090439179791  0.92869501757333628  0.94024089867838589  0.95188008973592031
  0.96400365065215621  0.97629625075913606  0.98838461513959475  1.00000000000000000
 -0.00621071227086622  0.13246875774087122  0.19327263133089045  0.23759223596241644
  0.27289350443200094  0.30340366395060331  0.33020260839657078  0.35383523049456417
  0.37524277833296421  0.39497404185983059  0.41319530896249995  0.43014894549524896
  0.44604581551596095  0.46149596107466268  0.47627438642806647  0.49011087671328546
  0.50324652120281488  0.51587476511376362  0.52775701841558531  0.53901311988801681
  0.55015280187312565  0.56089545582275990  0.57123114543133247  0.58112056430434111
  0.59083296028850096  0.60035854809992717  0.60955918213593174  0.61860459649095090
  0.62740978289241855  0.63611863060188101  0.64484959109702367  0.65333071123493369
  0.66109127110304133  0.66828524394303301  0.67507573311411229  0.68203542728465427
  0.68916309370568885  0.69619933017290803  0.70321607740024239  0.70996294112730629
  0.71657701310062838  0.72292867984456888  0.72915460074166416  0.73533193070560876
  0.74158108918010335  0.74762783428888702  0.75359947811996397  0.75943663976044085
  0.76529845726982559  0.77111875038775979  0.77676681982776685  0.78229139117728608
  0.78772926500023888  0.79309620077026477  0.79851665658883431  0.80379009291222747
  0.80908084993009588  0.81401943285454614  0.81877616376272166  0.82334556457213004
  0.82807395158141162  0.83304232978269688  0.83808803033716983  0.84320906215947267
  0.84828073070375876  0.85338207220766427  0.85821491454543009  0.86312164627695498
  0.86789828978291805  0.87267101663493063  0.87739930414758327  0.88196020844611656
  0.88629520079650970  0.89046038632022984  0.89457983702805077  0.89876844774714937
  0.90314113444406285  0.90768584094813021  0.91224038202993041  0.91656597981389865
  0.92077642083068922  0.92472445644945522  0.92841378463593849  0.93215147031826995
  0.93602313791377478  0.94002548012481235  0.94419919183708889  0.94865212803191790
  0.95277048184965962  0.95696612503390943  0.96162470610035511  0.96653372269440230
  0.97162746410054257  0.97739135377585318  0.98561863433256514  1.00000000000000000
   1.6932762221261981E-005  -1.0000000000000000     
 F F F F F F F F F F F F F F F F F F F F F F F F F F F F F F F F
  <DiscreteSampler_grid>
  grouped_processes
  1 # 1 for a reference and 2 for a running grid.
  10 # Attribute 'min_bin_probing_points' of the grid.
  1 # Attribute 'grid_mode' of the grid. 1=='default',2=='initialization'
  0.0000000000000000 # Attribute 'small_contrib_threshold' of the grid.
  0.5000000000000000 # Attribute 'damping_power' of the grid.
 # binID   n_entries weight   weight_sqr   abs_weight
    10   10   4.848813258888396E+006   2.176158765344021E+014   4.848813258888396E+006
    16   10   4.839774580243864E+006   2.175851642485722E+014   4.839774580243864E+006
  </DiscreteSampler_grid>
