  0.03409592275689419  0.03702073145229276  0.03994554014769133  0.04535269617681759
  0.05430932224801305  0.07256097045510970  0.08538605009582395  0.08764566707978497
  0.08990528406374597  0.09216490104770697  0.09442451803166799  0.09668413501562899
  0.09894375199958999  0.10120336898355099  0.10346298596751201  0.10572260295147298
  0.10798221993543397  0.11024183691939496  0.11250145390335595  0.11476107088731692
  0.11702068787127791  0.11928030485523888  0.12153992183919987  0.12379953882316085
  0.12605915580712182  0.12831877279108281  0.13057838977504380  0.13283800675900478
  0.13509762374296577  0.13735724072692673  0.13961685771088772  0.14187647469484871
  0.14413609167880970  0.17511368440985250  0.29276176590558689  0.41040984740132119
  0.43919859393401400  0.44140531751979967  0.44361204110558539  0.44581876469137111
  0.44802548827715677  0.45023221186294249  0.45243893544872821  0.45464565903451393
  0.45685238262029959  0.45905910620608531  0.46126582979187103  0.46347255337765675
  0.46567927696344247  0.46788600054922824  0.47009272413501396  0.47229944772079968
  0.47450617130658540  0.47671289489237112  0.47891961847815684  0.48112634206394256
  0.48333306564972828  0.48553978923551394  0.48774651282129966  0.48995323640708538
  0.49215995999287104  0.49436668357865676  0.49657340716444248  0.49878013075022820
  0.55261262447894743  0.58762527995376956  0.59343402891780117  0.59924277788183289
  0.60505152684586450  0.61086027580989610  0.61666902477392771  0.62247777373795932
  0.62788031675185252  0.63297111893565350  0.63806192111945437  0.64315272330325524
  0.64930087982200391  0.65662502333881390  0.66394916685562388  0.67127331037243387
  0.67859745388924375  0.68592159740605363  0.77979412214479082  0.89744220364052507
  0.96024612204909865  0.96421102706193051  0.96817593207476249  0.97214083708759447
  0.97610574210042644  0.97992933677060690  0.98327444730883906  0.98661955784707123
  0.98996466838530339  0.99330977892353567  0.99665488946176783  1.00000000000000000
  0.15349494659596805  0.23254648374679168  0.23592630082691662  0.23930611790704159
  0.24268593498716654  0.24606575206729148  0.24944556914741642  0.25334907836006648
  0.25735535266468773  0.26136162696930892  0.26536790127393012  0.26937417557855137
  0.29437072145807669  0.30024081316957041  0.30611090488106407  0.31198099659255779
  0.31785108830405151  0.32372118001554517  0.32959127172703889  0.33546136343853261
  0.34133145515002639  0.34720154686152016  0.35307163857301394  0.45093351949011706
  0.54219560150696866  0.54442490072027638  0.54665419993358400  0.54888349914689172
  0.55111279836019944  0.55334209757350716  0.55557139678681489  0.55780069600012261
  0.56002999521343033  0.56225929442673805  0.56448859364004578  0.56671789285335350
  0.56894719206666122  0.57117649127996895  0.57340579049327667  0.57563508970658428
  0.57786438891989200  0.58009368813319973  0.58232298734650745  0.58455228655981517
  0.58678158577312289  0.58901088498643073  0.59124018419973845  0.59346948341304617
  0.59569878262635390  0.59792808183966162  0.60015738105296934  0.60238668026627706
  0.62814244869904379  0.64777660424667183  0.65005935657504499  0.65234210890341826
  0.65462486123179153  0.65690761356016480  0.65919036588853797  0.66147311821691124
  0.66375587054528451  0.66603862287365767  0.66832137520203094  0.67060412753040410
  0.67288687985877738  0.67516963218715054  0.67745238451552381  0.67973513684389697
  0.68201788917227024  0.68430064150064340  0.68658339382901667  0.68886614615738984
  0.69114889848576311  0.69343165081413627  0.69571440314250943  0.69799715547088270
  0.70027990779925586  0.70256266012762913  0.70484541245600230  0.70712816478437557
  0.76448783688244037  0.77940282248659942  0.78845518729700448  0.79750755210740953
  0.80655991691781459  0.81561228172821953  0.82466464653862448  0.83837526794091244
  0.88012307719418570  0.88752508918311257  0.89492710117203944  0.90158796579028966
  0.90814543226368472  0.91470289873707977  0.92318452874766566  1.00000000000000000
  0.01992526803161624  0.04733065729878046  0.05299464793089417  0.05865863856300789
  0.06455952940664778  0.07095970959526669  0.07735988978388561  0.09028996716269355
  0.19462530171614159  0.29896063626958969  0.31549747994456218  0.31894193975922386
  0.32238639957388554  0.32583085938854722  0.32927531920320890  0.33271977901787059
  0.33582921026167756  0.33886602932344267  0.34190284838520779  0.34493966744697291
  0.34797648650873808  0.35101330557050320  0.35405012463226831  0.35570742130242394
  0.35730966417305654  0.35891190704368919  0.36051414991432179  0.36211639278495439
  0.36371863565558704  0.36532087852621964  0.36692312139685224  0.36852536426748483
  0.37012760713811749  0.37172985000875008  0.37333209287938268  0.37493433575001534
  0.37673926882863529  0.37855286368369023  0.38036645853874512  0.38218005339380007
  0.38399364824885496  0.38580724310390990  0.38762083795896479  0.38943443281401974
  0.39124802766907463  0.39306162252412957  0.39487521737918446  0.39673218712874719
  0.39863773572507455  0.40054328432140185  0.40244883291772920  0.40435438151405650
  0.40625993011038386  0.40816547870671116  0.41007102730303852  0.41197657589936587
  0.41388212449569317  0.41578767309202053  0.47287408212227366  0.57720941667572156
  0.68154475122916969  0.69489255357419355  0.70273260112275993  0.71057264867132641
  0.71841269621989301  0.72625274376845950  0.73409279131702598  0.74193283886559247
  0.74977288641415885  0.83366965949182759  0.83562135767875090  0.83757305586567432
  0.83952475405259774  0.84147645223952106  0.84342815042644448  0.84537984861336779
  0.84733154680029121  0.84928324498721453  0.85123494317413795  0.85318664136106126
  0.85479637116438278  0.85606119305055406  0.85732601493672522  0.85859083682289650
  0.85985565870906766  0.86112048059523882  0.86238530248141010  0.86365012436758126
  0.86491494625375254  0.86617976813992370  0.86744459002609497  0.86870941191226614
  0.86997423379843730  0.87098854495170042  0.87098854495171041  1.00000000000000000
  0.00649407019588976  0.03103234071925585  0.04123134810517844  0.05236143952668955
  0.07309239975744204  0.08659649771373866  0.09018003865366124  0.09376357959358382
  0.09734712053350639  0.10093066147342897  0.10451420241335155  0.10809774335327409
  0.11168128429319663  0.11526482523311916  0.11884836617304170  0.12243190711296424
  0.12601544805288678  0.12959898899280933  0.13318252993273186  0.13676607087265441
  0.14034961181257694  0.14393315275249949  0.14947600828988225  0.15723054211096499
  0.16498507593204773  0.17273960975313038  0.18049414357421303  0.18824867739529569
  0.19600321121637834  0.20375774503746100  0.25529230498631478  0.36984127444756559
  0.44135464601305102  0.45077122591593127  0.46018780581881152  0.46960438572169189
  0.47902096562457225  0.48843754552745250  0.49785412543033275  0.50271435048748636
  0.50622981385430410  0.50974527722112195  0.51326074058793969  0.51677620395475754
  0.52029166732157539  0.52350768547868465  0.52666916081625481  0.52983063615382509
  0.53299211149139525  0.53615358682896552  0.53931506216653569  0.54247653750410585
  0.54563801284167612  0.54879948817924629  0.55196096351681645  0.55512243885438661
  0.55828391419195678  0.56144538952952694  0.56627178856596261  0.57193158038082614
  0.57759137219568968  0.58325116401055321  0.69621927144048634  0.81076824090173716
  0.92531721036298797  0.95943419107467842  0.96098083301374770  0.96252747495281699
  0.96407411689188627  0.96562075883095555  0.96716740077002483  0.96871404270909400
  0.97026068464816329  0.97180732658723257  0.97335396852630185  0.97490061046537113
  0.97644725240444041  0.97799389434350970  0.97945875103447944  0.98066705979715707
  0.98187536855983482  0.98308367732251245  0.98429198608519020  0.98550029484786783
  0.98670860361054546  0.98791691237322321  0.98912522113590085  0.99033352989857859
  0.99154183866125623  0.99275014742393397  0.99395845618661161  0.99516676494928924
  0.99637507371196699  0.99758338247464462  0.99879169123732237  1.00000000000000000
  0.00000007066426649  0.00000007206346065  0.00000007346265482  0.00000007486184898
  0.00000007626104314  0.00000007766023730  0.00000007977221619  0.00000008374337637
  0.00000008771453655  0.00000009168569673  0.00000009565685692  0.00000017933230877
  0.00000023949006555  0.00000024622497187  0.00000025295987819  0.00000025969478451
  0.00000026642969083  0.00000027316459715  0.00000027989950346  0.00000028663440978
  0.00000029390431194  0.00000030228064585  0.00000031065697975  0.00000031903331366
  0.00000032740964757  0.00000033578598147  0.00000034416231538  0.00000035253864928
  0.00000036091498319  0.00000037103447694  0.00000038145228624  0.00000039187009555
  0.00000040228790485  0.00000041270571415  0.00000042312352346  0.00000043354133276
  0.00000044395914206  0.00000075552049229  0.00000288775279003  0.00000426926833428
  0.00000464118450588  0.00000502586785843  0.00000548842723061  0.00000595098660279
  0.00000647296651465  0.00000704826059736  0.00000762355468008  0.00002624559277299
  0.00010013649917848  0.00038171474806590  0.00145724858150204  0.00434650584686562
  0.00466338110791286  0.00498025636896011  0.00529713163000735  0.00568342031919056
  0.00607752424098735  0.00647162816278414  0.00692366535557015  0.00741382006396327
  0.00790397477235639  0.00831462076139159  0.00854621136239497  0.00877780196339835
  0.00900939256440173  0.00924098316540511  0.00947257376640849  0.00970416436741187
  0.00993575496841525  0.01016734556941863  0.01043462921429985  0.01072266294658007
  0.01101069667886029  0.01129873041114051  0.01158676414342073  0.01187479787570095
  0.01216283160798116  0.01245086534026138  0.01273889907254160  0.01309413067870843
  0.01345236383053682  0.01381059698236521  0.01416883013419361  0.01452706328602200
  0.01488529643785039  0.01524352958967879  0.01560176274150718  0.02325126624201411
  0.08864565256421428  0.18447426485878343  0.20439160529648781  0.22514023090036850
  0.24740032508074442  0.26966041926112033  0.28685635971574325  1.00000000000000000
  0.01268068297087431  0.01451461881685849  0.01470186557289106  0.01488911232892363
  0.01507635908495620  0.01527543964467658  0.01548252972810526  0.01568961981153394
  0.01589670989496262  0.01617639107714338  0.01647401926795402  0.01753000828754851
  0.02236102187162983  0.02258709833545522  0.02281317479928062  0.02303925126310602
  0.02326532772693141  0.02349477465814775  0.02373199796724423  0.02396922127634071
  0.02420644458543720  0.02444366789453368  0.02468596758248131  0.02493488733921524
  0.02518380709594917  0.02543272685268310  0.02568164660941704  0.03042084284036593
  0.03795447695594367  0.03816852280145184  0.03838256864696001  0.03859661449246817
  0.03881066033797634  0.03902470618348450  0.03923875202899267  0.03945279787450084
  0.03966684372000901  0.03988631252014723  0.04011091203356238  0.04033551154697753
  0.04056011106039268  0.04078471057380784  0.04100931008722299  0.04123390960063814
  0.04145850911405329  0.04168310862746843  0.04191637977783125  0.04215205331452878
  0.04238772685122631  0.04262340038792384  0.04285907392462136  0.04309474746131889
  0.04333042099801641  0.04356609453471394  0.04447297333415882  0.05952311702035168
  0.07966581098301311  0.09480485128074924  0.09535173992571315  0.09589862857067705
  0.09644551721564094  0.09699240586060486  0.09753929450556875  0.09808618315053266
  0.09863307179549656  0.09917996044046046  0.09975066361874513  0.10032451695964761
  0.10089837030055011  0.10147222364145261  0.10204607698235511  0.10261993032325760
  0.10319378366416010  0.10376763700506260  0.10435156632745338  0.10495371387594873
  0.10555586142444409  0.10615800897293945  0.10676015652143481  0.10736230406993016
  0.10796445161842554  0.10856659916692089  0.10916874671541625  0.13914271743417891
  0.18623749322163660  0.24927026594661858  0.27697980197415356  0.28320353076279747
  0.28923932713984435  0.29510942766285830  0.30526624134513969  0.30671822476333005
  0.30671822476334004  0.30671822476335003  0.30671822476336003  1.00000000000000000
  0.03018694718678796  0.03101876948690607  0.03185059178702418  0.03268241408714229
  0.03351423638726039  0.03434605868737851  0.03517788098749661  0.03600970328761472
  0.03684152558773283  0.03767334788785094  0.03850517018796905  0.03933699248808716
  0.04016881478820527  0.04100063708832338  0.04192410666521691  0.04321574558304199
  0.04450738450086706  0.04579902341869213  0.04709066233651721  0.04838230125434228
  0.04967394017216735  0.05096557908999243  0.05225721800781750  0.05354885692564258
  0.05484049584346765  0.05613213476129272  0.05742377367911779  0.05871541259694286
  0.06000705151476794  0.06129869043259301  0.06263520255146496  0.06456849307611831
  0.06650178360077166  0.06843507412542502  0.07036836465007837  0.07230165517473172
  0.07423494569938507  0.07616823622403843  0.07810152674869178  0.08003481727334513
  0.08196810779799849  0.08390139832265184  0.08583468884730522  0.08776797937195858
  0.08970126989661197  0.09163456042126533  0.09356785094591871  0.09550114147057209
  0.09743443199522546  0.09936772251987883  0.10130101304453221  0.10323430356918557
  0.14624832586575603  0.14967267715117752  0.15309702843659898  0.15652137972202043
  0.15994573100744189  0.16337008229286337  0.16679443357828483  0.17021878486370626
  0.17364313614912769  0.17706748743454909  0.18049183871997052  0.18391619000539194
  0.18734054129081337  0.19076489257623480  0.19418924386165623  0.19761359514707766
  0.20103794643249909  0.20446229771792052  0.20788664900334194  0.27258790599935140
  0.27897419249475003  0.28536047899014866  0.29174676548554723  0.29813305198094581
  0.30451933847634438  0.31090562497174290  0.31729191146714147  0.32367819796253999
  0.33006448445793857  0.38462500693989921  0.48969954648420561  0.59477408602851189
  0.64886927282679152  0.65477500676127010  0.66068074069574878  0.66658647463022735
  0.67178847421009724  0.67698078646954341  0.68217309872898946  0.68736541098843562
  0.78985092091137055  0.89492546045567667  0.91695797840754190  1.00000000000000000
 -0.00316888491312662  0.35571621146811933  0.35726575626957191  0.35881530107102450
  0.36036484587247708  0.36191439067392966  0.36346393547538219  0.36501348027683478
  0.36656302507828736  0.36811256987973995  0.36966211468119253  0.37121165948264512
  0.37276120428409770  0.37431074908555029  0.37606741161560381  0.37799001288588746
  0.37991261415617117  0.38183521542645482  0.38375781669673853  0.38568041796702218
  0.38760301923730589  0.38952562050758954  0.39144822177787325  0.39337082304815690
  0.39529342431844061  0.39695016257028792  0.39850308752613917  0.40005601248199041
  0.40160893743784165  0.40316186239369289  0.40471478734954414  0.40626771230539538
  0.40782063726124662  0.40937356221709786  0.41092648717294911  0.41247941212880035
  0.41403233708465159  0.41558526204050283  0.41713818699635408  0.41869111195220532
  0.42024403690805656  0.42179696186390775  0.42334988681975899  0.42490281177561023
  0.42645573673146142  0.42800866168731266  0.42956158664316391  0.43111451159901515
  0.43266743655486634  0.43422036151071758  0.43577328646656882  0.43732621142242006
  0.43887913637827125  0.44043206133412249  0.44198498628997374  0.44353791124582498
  0.44509083620167617  0.44664376115752741  0.44819668611337865  0.44974961106922989
  0.45130253602508108  0.45285546098093232  0.45440838593678357  0.45596131089263481
  0.45751423584848600  0.50455288489876549  0.52648569242511467  0.53326676129429118
  0.54004783016346780  0.54682889903264420  0.55360996790182071  0.56039103677099711
  0.56717210564017362  0.57395317450935002  0.58073424337852653  0.64365396972134881
  0.71018843467104165  0.71566518730711159  0.72114193994318154  0.72661869257925138
  0.73115286177467476  0.73486700373277181  0.73858114569086875  0.74229528764896580
  0.74600942960706274  0.74972357156515979  0.75292936236474384  0.75609427636812421
  0.75925919037150458  0.76242410437488495  0.76558901837826521  0.76875393238164558
  0.80438046295537335  0.90219023147768385  0.97093373934427896  1.00000000000000000
  0.21265732844670615  0.21409769812378787  0.21553806780086959  0.21697843747795131
  0.21841880715503303  0.21985917683211476  0.22129954650919648  0.22273991618627820
  0.22418028586335992  0.22562065554044164  0.22706102521752336  0.22850139489460508
  0.23038514936744253  0.23264946400805642  0.23491377864867033  0.23717809328928421
  0.23944240792989813  0.24170672257051201  0.24397103721112592  0.24623535185173981
  0.24849966649235372  0.29076852975416040  0.41159975819048022  0.48014122646818547
  0.48235203584471187  0.48456284522123821  0.48677365459776462  0.48898446397429096
  0.49119527335081736  0.49340608272734371  0.49561689210387011  0.49782770148039646
  0.50003851085692286  0.50224932023344926  0.50446012960997555  0.50667093898650195
  0.50888174836302835  0.51109255773955475  0.51330336711608116  0.51551417649260745
  0.51772498586913385  0.51993579524566025  0.52214660462218665  0.52435741399871305
  0.52656822337523945  0.52877903275176585  0.53098984212829226  0.53320065150481866
  0.53541146088134506  0.53762227025787146  0.53983307963439786  0.56228365867611529
  0.56990619922428376  0.57732568260430894  0.58474516598433413  0.59216464936435942
  0.59958413274438471  0.60700361612441001  0.61442309950443519  0.62184258288446037
  0.64948678893246625  0.65857440685426372  0.66766202477606129  0.67674964269785864
  0.68583726061965611  0.69492487854145346  0.70401249646325093  0.77171363993537190
  0.79500164790462458  0.79899626589923189  0.80299088389383921  0.80698550188844653
  0.81098011988305385  0.81497473787766117  0.81896935587226849  0.82296397386687581
  0.82695859186148313  0.83095320985609045  0.83494782785069777  0.83894244584530508
  0.84293706383991251  0.84693168183451983  0.85092629982912726  0.87698163770546367
  0.90078985581306459  0.90666262933442487  0.91253540285578527  0.91840817637714556
  0.92428094989850584  0.93015372341986613  0.93602649694122642  0.94189927046258670
  0.94777204398394699  0.95364481750530727  0.96548043292312047  1.00000000000000000
  0.02506780227025350  0.27333861938406245  0.27584390543479165  0.27834919148552084
  0.28085447753625004  0.28335976358697923  0.28586504963770842  0.28837033568843762
  0.29087562173916681  0.29372487156702165  0.29673284515750936  0.29974081874799702
  0.30274879233848473  0.30575676592897244  0.30876473951946015  0.31177271310994781
  0.31630915170116053  0.32133300163068573  0.32635685156021094  0.33138070148973620
  0.37540642331494861  0.37733726019084673  0.37926809706674480  0.38119893394264293
  0.38312977081854105  0.38506060769443912  0.38699144457033724  0.38892228144623536
  0.39085311832213343  0.39278395519803155  0.39471479207392968  0.39663603598497849
  0.39854407026302424  0.40045210454106994  0.40236013881911570  0.40426817309716145
  0.40617620737520715  0.40808424165325291  0.40999227593129867  0.41190031020934437
  0.41380834448739012  0.41571637876543588  0.41762441304348158  0.41953244732152734
  0.42144048159957304  0.42334851587761874  0.42525655015566444  0.42716458443371019
  0.42907261871175589  0.43098065298980159  0.43288868726784735  0.43479672154589305
  0.43670475582393875  0.44203968462011139  0.44982360887612549  0.45760753313213959
  0.46409257623391342  0.47044405293819236  0.47679552964247135  0.48314700634675023
  0.48949848305102917  0.49584995975530805  0.50220143645958693  0.50855291316386586
  0.51490438986814469  0.52095873721108021  0.52284379555548588  0.52472885389989155
  0.52661391224429721  0.52849897058870299  0.53038402893310865  0.53226908727751432
  0.53415414562191998  0.53603920396632565  0.53792426231073132  0.53980932065513698
  0.54168885077007711  0.54319786588742636  0.54470688100477560  0.54621589612212496
  0.54772491123947420  0.54923392635682344  0.55074294147417269  0.55225195659152193
  0.55376097170887129  0.55526998682622053  0.55677900194356977  0.55828801706091902
  0.55979703217826837  0.56130604729561762  0.58420321819087351  0.68815241364315050
  0.79210160909542748  0.88037151495615640  0.88037151495616639  1.00000000000000000
  0.01584004958470657  0.01626165093490912  0.01668325228511166  0.01710485363531421
  0.01752645498551676  0.01794805633571930  0.01836965768592185  0.01879125903612440
  0.01921286038632694  0.01963446173652949  0.02005606308673203  0.02047766443693458
  0.02117681861683569  0.02337321585286325  0.02556961308889081  0.02776601032491836
  0.02996240756094592  0.03215880479697347  0.03435520203300103  0.03655159926902859
  0.03874799650505614  0.04094439374108370  0.12252201645396137  0.12720335430365914
  0.12945298114992970  0.13170260799620023  0.13395223484247079  0.13620186168874132
  0.13845148853501188  0.14070111538128241  0.14295074222755297  0.14520036907382350
  0.14744999592009406  0.14969962276636464  0.15194924961263520  0.15419887645890579
  0.15644850330517635  0.15869813015144690  0.16094775699771749  0.16319738384398805
  0.16544701069025863  0.16769663753652919  0.16994626438279972  0.17219589122907028
  0.17444551807534081  0.17669514492161137  0.17894477176788190  0.18119439861415246
  0.18344402546042299  0.18569365230669355  0.20855144417651247  0.21759624885260354
  0.22664105352869457  0.23568585820478555  0.24473066288087650  0.25377546755696745
  0.26282027223305843  0.28457559207126332  0.40504743120490022  0.52551927033853707
  0.60619488696506896  0.61203700734077693  0.61787912771648479  0.62372124809219276
  0.62956336846790073  0.63540548884360870  0.64124760921931656  0.64708972959502453
  0.65293184997073261  0.65877397034644058  0.66461609072214856  0.66924435378070746
  0.67321612799684427  0.67718790221298109  0.68115967642911790  0.68513145064525471
  0.68910322486139153  0.69307499907752834  0.69704677329366516  0.70101854750980208
  0.70499032172593890  0.70896209594207571  0.71293387015821252  0.71690564437434945
  0.72087741859048626  0.72484919280662319  0.72882096702276000  0.83915274562791564
  0.89974263745760352  0.90712548458850661  0.91450833171940982  0.92121731383328298
  0.92764791083389297  0.93407850783450297  0.93717295328776040  1.00000000000000000
  0.02676277955373130  0.02925792301995531  0.03175306648617932  0.03424820995240332
  0.03674335341862733  0.03923849688485134  0.04177762058081688  0.04591127302040225
  0.05004492545998762  0.05417857789957299  0.05831223033915837  0.06244588277874374
  0.16770968499944600  0.17534298705394780  0.18297628910844960  0.19060959116295140
  0.19824289321745317  0.20587619527195497  0.21350949732645683  0.22114279938095871
  0.22877610143546057  0.34540874971427482  0.37678735986685130  0.37914392625505783
  0.38150049264326436  0.38385705903147094  0.38621362541967746  0.38857019180788399
  0.39092675819609052  0.39328332458429710  0.39563989097250363  0.39799645736071021
  0.40035302374891674  0.40270959013712332  0.40506615652532990  0.40742272291353648
  0.40977928930174301  0.41213585568994959  0.41449242207815618  0.41684898846636276
  0.41920555485456928  0.42156212124277581  0.42391868763098239  0.42627525401918892
  0.42863182040739545  0.43098838679560197  0.43334495318380856  0.43570151957201508
  0.46651312741559431  0.52211432984310646  0.52441576552855007  0.52671720121399379
  0.52901863689943740  0.53132007258488112  0.53362150827032473  0.53592294395576845
  0.53822437964121206  0.54052581532665578  0.54282725101209939  0.54512868669754300
  0.54743012238298672  0.54973155806843033  0.55203299375387394  0.55433442943931754
  0.55663586512476126  0.55893730081020487  0.56123873649564848  0.56349050367591125
  0.56568204518004150  0.56787358668417176  0.57006512818830213  0.57225666969243238
  0.57444821119656275  0.57663975270069301  0.57883129420482338  0.58102283570895363
  0.58321437721308389  0.58905936071523279  0.59511403366565263  0.60116870661607236
  0.60722337956649219  0.61327805251691192  0.61933272546733154  0.63283863208056523
  0.75534907985673150  0.85597177056870677  0.86530555628739336  0.87463934200607996
  0.88397312772476644  0.89330691344345303  0.90264069916213963  0.91197448488082622
  0.96049742133089022  0.97426532461045057  0.98732767376549269  1.00000000000000000
  0.03140008052190149  0.03455623015040533  0.03771237977890918  0.04086852940741302
  0.04706643615849621  0.05429391329046039  0.06152139042242457  0.16255645431610644
  0.27828234051562839  0.31403766334055283  0.31622084729551569  0.31840403125047856
  0.32058721520544142  0.32277039916040429  0.32495358311536715  0.32713676707033001
  0.32931995102529293  0.33150313498025580  0.33368631893521866  0.33586950289018158
  0.33805268684514445  0.34023587080010737  0.34241905475507023  0.34460223871003315
  0.34678542266499601  0.34896860661995893  0.35115179057492180  0.35333497452988472
  0.35551815848484758  0.35770134243981044  0.35988452639477331  0.36206771034973617
  0.36425089430469909  0.36643407825966196  0.36861726221462482  0.37080044616958768
  0.37298363012455055  0.38384245559718622  0.49956834179670828  0.52265796806775822
  0.52489336370301354  0.52712875933826897  0.52936415497352429  0.53159955060877961
  0.53383494624403505  0.53607034187929037  0.53830573751454569  0.54054113314980112
  0.54276361767721337  0.54497300879024890  0.54718239990328443  0.54939179101631996
  0.55160118212935549  0.55381057324239102  0.55601996435542655  0.55822935546846209
  0.56043874658149762  0.56264813769453315  0.56485752880756868  0.56706691992060421
  0.56927631103363974  0.57148570214667527  0.57369509325971080  0.57590448437274633
  0.57811387548578186  0.58032326659881739  0.58253265771185292  0.58896667353015708
  0.59780185128051178  0.63652423568325822  0.66956381224194361  0.67348133039193325
  0.67739884854192278  0.68131636669191242  0.68523388484190195  0.68915140299189148
  0.69306892114188112  0.69698643929187065  0.70090395744186018  0.70482147559184982
  0.70873899374183935  0.71265651189182899  0.71657403004181863  0.72049154819180816
  0.72440906634179780  0.72832658449178744  0.82007601074791259  0.93580189694743465
  0.96295150104619420  0.96868619396253919  0.97442088687888428  0.98002769258799893
  0.98502076944099914  0.99001384629399924  0.99500692314699934  1.00000000000000000
  0.11642753680547081  0.23393985389379146  0.23871304112091615  0.24348622834804087
  0.24825941557516557  0.25344498073539884  0.25886723320825084  0.26428948568110283
  0.26971173815395483  0.34610006143839855  0.41711626547302616  0.41886991040407712
  0.42062355533512802  0.42237720026617898  0.42413084519722993  0.42588449012828083
  0.42763813505933179  0.42939177999038269  0.43114542492143365  0.43289906985248461
  0.43465271478353551  0.43640635971458647  0.43795352125001119  0.43915853586083703
  0.44036355047166292  0.44156856508248876  0.44277357969331466  0.44397859430414049
  0.44518360891496633  0.44638862352579223  0.44759363813661807  0.44879865274744396
  0.45000366735826980  0.45120868196909569  0.45241369657992153  0.45361871119074737
  0.45482372580157326  0.45602874041239910  0.45723375502322500  0.45843876963405084
  0.45964378424487673  0.46084879885570257  0.46205381346652846  0.46325882807735436
  0.46446384268818020  0.46566885729900609  0.46687387190983198  0.46807888652065782
  0.46928390113148372  0.47048891574230955  0.47169393035313545  0.47289894496396134
  0.47410395957478718  0.47530897418561308  0.47651398879643897  0.47771900340726481
  0.47892401801809070  0.48056619958768848  0.48231860738712934  0.48407101518657020
  0.48582342298601106  0.48757583078545191  0.48932823858489277  0.49108064638433363
  0.49283305418377449  0.49458546198321540  0.49633786978265626  0.49809027758209712
  0.49984268538153798  0.50533317963629343  0.51119233927781660  0.51705149891933966
  0.52291065856086283  0.52876981820238600  0.53462897784390917  0.54048813748543234
  0.61747500197152627  0.71237100849836565  0.80726701502520515  0.81548712977615656
  0.81864859680936519  0.82181006384257393  0.82497153087578257  0.82813299790899120
  0.83129446494219994  0.83407801506587886  0.83617519090365044  0.83827236674142214
  0.84036954257919372  0.84246671841696541  0.84456389425473699  0.84666107009250868
  0.84875824593028026  0.84972972075144448  0.84972972075145448  1.00000000000000000
  0.08724701007207235  0.23298207303549606  0.23679747940432536  0.24061288577315468
  0.24442829214198400  0.24824369851081329  0.25238210803094030  0.25679602120376838
  0.26120993437659645  0.26562384754942453  0.27003776072225261  0.35080573014031463
  0.44836183623511988  0.52261855941269741  0.52956145036329305  0.53650434131388869
  0.54344723226448433  0.55039012321507985  0.55733301416567538  0.56427590511627090
  0.57121879606686643  0.57816168701746196  0.60822148593930070  0.70577759203410595
  0.70992457376053697  0.71155862243258861  0.71319267110464013  0.71482671977669165
  0.71646076844874329  0.71809481712079481  0.71972886579284645  0.72136291446489798
  0.72299696313694961  0.72463101180900114  0.72626506048105277  0.72789910915310430
  0.72945279516489003  0.73072853642556723  0.73200427768624443  0.73328001894692152
  0.73455576020759872  0.73583150146827592  0.73710724272895300  0.73838298398963020
  0.73965872525030729  0.74093446651098449  0.74221020777166169  0.74348594903233878
  0.74476169029301598  0.74603743155369318  0.74731317281437026  0.74858891407504746
  0.74986465533572455  0.75114039659640175  0.75241613785707895  0.75369187911775604
  0.75496762037843324  0.75624336163911043  0.75751910289978752  0.75879484416046472
  0.76007058542114192  0.76134632668181901  0.76262206794249621  0.76389780920317329
  0.76517355046385049  0.76644929172452769  0.76772503298520478  0.76900077424588198
  0.77027651550655918  0.77208628454220651  0.77430966672644974  0.77653304891069286
  0.77875643109493609  0.78097981327917931  0.78320319546342243  0.78542657764766566
  0.78764995983190889  0.78987334201615211  0.81053644923694079  0.90809255533174615
  0.95976628524371854  0.96272078676007455  0.96567528827643057  0.96862978979278658
  0.97158429130914259  0.97453879282549860  0.97749329434185461  0.98023782451520014
  0.98270809645080015  0.98517836838640005  0.98764864032200006  0.99011891225759996
  0.99258918419319997  0.99505945612879987  0.99752972806439988  1.00000000000000000
  0.08133958870475856  0.08423621272890688  0.08513909212448052  0.08604197152005415
  0.08694485091562779  0.08784773031120141  0.08875060970677504  0.08965348910234867
  0.09055636849792230  0.09145924789349594  0.09236212728906956  0.09326500668464319
  0.09416788608021683  0.09507076547579045  0.09597364487136409  0.09687652426693771
  0.09777940366251134  0.09868228305808498  0.09958516245365860  0.10048804184923224
  0.10139092124480586  0.10229380064037949  0.10319668003595313  0.10409955943152675
  0.10522975488761925  0.10637820239019821  0.10752664989277719  0.10867509739535616
  0.10982354489793512  0.11097199240051409  0.11212043990309306  0.11326888740567204
  0.11441733490825100  0.11556578241082996  0.11671422991340893  0.11786267741598790
  0.11901112491856687  0.12015957242114583  0.12130801992372481  0.12245646742630377
  0.12360491492888274  0.12475336243146171  0.12652104253438959  0.12845807763901432
  0.13039511274363905  0.13233214784826380  0.13426918295288853  0.13620621805751326
  0.13814325316213799  0.14008028826676272  0.14201732337138745  0.14395435847601218
  0.14587755627819540  0.14735294435533924  0.14882833243248306  0.15030372050962690
  0.15177910858677074  0.15325449666391455  0.15472988474105839  0.15620527281820223
  0.15768066089534605  0.15915604897248989  0.16063143704963373  0.16210682512677754
  0.16358221320392138  0.16505760128106522  0.16653298935820907  0.16774367678286603
  0.16892799155583288  0.17011230632879973  0.17129662110176658  0.17248093587473343
  0.17366525064770028  0.17484956542066712  0.17603388019363397  0.17721819496660082
  0.17840250973956767  0.17958682451253452  0.18077113928550137  0.18195545405846822
  0.18313976883143507  0.18432408360440192  0.18550839837736877  0.18669271315033562
  0.21256798563151469  0.29131118706836384  0.37005438850521288  0.44879758994206187
  0.48876846751673264  0.48876846751674263  0.48876846751675262  0.48876846751676262
  0.48876846751677261  0.48876846751678260  0.48876846751679259  1.00000000000000000
  0.24486696322758994  0.24691204654168991  0.24895712985578991  0.25452531382791171
  0.26375952075970160  0.29909266040893429  0.41988193806271379  0.54067121571649324
  0.56585712174708913  0.56995476007746260  0.57405239840783595  0.57815003673820942
  0.58224767506858277  0.58634531339895624  0.59044295172932970  0.59454059005970317
  0.59863822839007663  0.60273586672044999  0.60683350505082345  0.61093114338119692
  0.61502878171157027  0.61912642004194374  0.62322405837231709  0.64673388414677968
  0.64901886654063112  0.65130384893448245  0.65358883132833379  0.65587381372218512
  0.65815879611603656  0.66044377850988789  0.66272876090373922  0.66501374329759066
  0.66729872569144200  0.66958370808529333  0.67186869047914466  0.67415367287299599
  0.67643865526684732  0.67872363766069865  0.68100862005454998  0.68329360244840132
  0.68557858484225265  0.68786356723610398  0.69014854962995531  0.69243353202380675
  0.69471851441765808  0.69700349681150942  0.69928847920536075  0.70157346159921208
  0.70385844399306341  0.70614342638691474  0.71335923403564161  0.75162987409393867
  0.75396944386791254  0.75630901364188641  0.75864858341586039  0.76098815318983426
  0.76332772296380813  0.76566729273778200  0.76800686251175587  0.77034643228572985
  0.77268600205970372  0.77502557183367760  0.77736514160765158  0.77970471138162545
  0.78204428115559943  0.78438385092957330  0.78672342070354728  0.78906299047752115
  0.79140256025149514  0.79374213002546901  0.79608169979944288  0.79842126957341675
  0.80076083934739062  0.80310040912136460  0.80543997889533847  0.80777954866931234
  0.81011911844328621  0.81245868821726008  0.81839017011360771  0.82438621756081421
  0.83038226500802081  0.83637831245522742  0.84237435990243403  0.84837040734964075
  0.85436645479684736  0.86036250224405397  0.86635854969126047  0.87235459713846708
  0.91828239213541663  0.92583761167036727  0.93339283120531780  0.93858639853483783
  0.94096686798016538  0.94334733742549293  0.94490665594736734  1.00000000000000000
  0.31445037921269742  0.52526171579310066  0.52969009825286795  0.53411848071263535
  0.53854686317240275  0.54316954166123899  0.54825544433936046  0.55334134701748183
  0.55842724969560331  0.58293400895379477  0.66730498816844652  0.67077972896244720
  0.67425446975644776  0.67772921055044844  0.68120395134444911  0.68467869213844967
  0.68815343293245035  0.69162817372645102  0.69510291452045159  0.69857765531445226
  0.70205239610845294  0.70552713690245350  0.70900187769645417  0.71247661849045485
  0.71595135928445552  0.71942610007845620  0.72290084087245687  0.72637558166645755
  0.74934856175247577  0.79543182642028676  0.80184118306981433  0.80825053971934191
  0.81315223240132406  0.81508769103661560  0.81702314967190715  0.81895860830719880
  0.82089406694249034  0.82282952557778199  0.82476498421307354  0.82670044284836519
  0.82863590148365673  0.83057136011894839  0.83250681875423993  0.83444227738953158
  0.83637773602482313  0.83831319466011478  0.84024865329540643  0.84218411193069798
  0.84411957056598963  0.84605502920128128  0.84799048783657283  0.84992594647186448
  0.85186140510715613  0.85379686374244768  0.85524655009290174  0.85658149856697152
  0.85791644704104120  0.85925139551511098  0.86058634398918066  0.86192129246325044
  0.86325624093732012  0.86459118941138990  0.86592613788545958  0.86726108635952937
  0.86859603483359904  0.86993098330766883  0.87126593178173850  0.87260088025580829
  0.87393582872987796  0.87539285786101939  0.87732967157520259  0.87926648528938589
  0.88120329900356908  0.88314011271775239  0.88507692643193558  0.88701374014611889
  0.88895055386030208  0.89088736757448539  0.89282418128866858  0.89476099500285189
  0.89668811065274157  0.89860319634056463  0.90051828202838768  0.90243336771621074
  0.90434845340403391  0.90626353909185697  0.90817862477968003  0.91009371046750309
  0.91200879615532615  0.91392388184314921  0.91583896753097227  0.92066503938152777
  0.92770690167587277  0.93474876397021789  0.95297974745432534  1.00000000000000000
   1.1872559507760304E-013  -1.0000000000000000     
 F F F F F F F F F F F F F F F F F F F F F F F F F F F F F F F F F F F F F F F F F F F F F F F F F F F F F F F F F F F F F F F F F F F F F F F F F F F F F F F F F F F F F F F F F F F F F F F F F F F F F F F F F F F F F F F F F F F F F F F F F F F F F F F F F F F F F F F F F F F F F F F F F F F F F F F F F F F F F F F F F F F F F F F F F F F F F F F F F F F F F F F F F F F F F F F F F F F F F F F F F F F F F F F F F F F F F F F F F F F F F F F F F F F F F F F F F F F F F F F F F F F F F F F F F F F F F F F F F F F F F F F F F F F F F F F F F F F F F F F F F F F F F F F F F F F F F F F F F F F F F F F F F F F F F F F F F F F F F F F F F F F F F F F F F F F F F F F F F F F F F F F F F F F F F F F F F F F F F F F F F F F F F F F F F F F F F F F F F F F F F F F F F F F F F F F F F F F F F F F F F F F F F F F F F F F F F F F F F F F F F F F F F F F F F F F F F F F F F F F F F F F F F F F F F F F F F F F F F F F F F F F F F F F F F F F F F F F F F F F F F F F F F F F F F F F F F F F F F F F F F F F F F F F F F F F F
  <DiscreteSampler_grid>
  grouped_processes
  1 # 1 for a reference and 2 for a running grid.
  10 # Attribute 'min_bin_probing_points' of the grid.
  1 # Attribute 'grid_mode' of the grid. 1=='default',2=='initialization'
  0.0000000000000000 # Attribute 'small_contrib_threshold' of the grid.
  0.5000000000000000 # Attribute 'damping_power' of the grid.
 # binID   n_entries weight   weight_sqr   abs_weight
    10   10   1.029890364276947E+000   4.055951314033442E+000   1.029890364276947E+000
  </DiscreteSampler_grid>
