  0.00001923648057918  0.00021820281981616  0.00022477361080999  0.00023134440180381
  0.00023790195396712  0.00024443588208046  0.00025096981019381  0.00025750373830715
  0.00026477687488051  0.00027391511377561  0.00028305335267070  0.00029223350397125
  0.00030240474943365  0.00031257599489605  0.00032274724035845  0.00040836606195653
  0.00042119359367722  0.00043402112539791  0.00044684865711860  0.00046100952519458
  0.00047528710923519  0.00048956469327579  0.00050444497904919  0.00052033653250430
  0.00053622808595942  0.00055211963941454  0.00077347570834166  0.00079885952131904
  0.00082424333429643  0.00084962714727381  0.00087765807250426  0.00090591132737410
  0.00093416458224394  0.00096406348947660  0.00099551055424387  0.00102695761901114
  0.00113267146131997  0.00118703934063551  0.00120059424934773  0.00121414915805995
  0.00122770406677217  0.00124125897548439  0.00125481388419661  0.00126836879290883
  0.00128192370162106  0.00129547861033328  0.00130926220786042  0.00132434939318302
  0.00133943657850561  0.00135452376382820  0.00136961094915079  0.00138469813447338
  0.00139978531979597  0.00141487250511857  0.00142995969044116  0.00144504687576375
  0.00146074180420483  0.00147753447804652  0.00149432715188821  0.00151111982572990
  0.00152791249957159  0.00154470517341329  0.00156149784725498  0.00157829052109667
  0.00159508319493836  0.00161187586878005  0.00163140683383098  0.00165305943167076
  0.00167471202951054  0.00169636462735031  0.00171801722519009  0.00173966982302986
  0.00176132242086964  0.00178297501870941  0.00180438209423385  0.00182380296668199
  0.00184322383913014  0.00186264471157829  0.00188206558402644  0.00190148645647459
  0.00192090732892273  0.00194032820137088  0.00195974907381903  0.00197916994626718
  0.00199859081871533  0.00299641214293948  0.00571472082248099  0.01089894515612204
  0.02078595187868258  0.03964161999416636  0.05811805149254540  0.05811805149255540
  0.05811805149256540  0.05811805149257540  0.05811805149258540  1.00000000000000000
  0.01133733590443925  0.01349114435862613  0.01564495281281301  0.01779876126699989
  0.01995256972118677  0.02404783928851015  0.02948632022308385  0.03492480115765757
  0.04036328209223127  0.08549970656016562  0.09104542924427367  0.09659115192838173
  0.10213687461248980  0.10768259729659782  0.11322831998070582  0.11877404266481381
  0.12431976534892182  0.12986548803302983  0.13541121071713783  0.14095693340124582
  0.14615786519202009  0.14884679767638892  0.15153573016075775  0.15422466264512658
  0.15691359512949538  0.15960252761386423  0.16229146009823306  0.16498039258260189
  0.16766932506697069  0.17035825755133949  0.17304719003570829  0.17573612252007709
  0.17842505500444589  0.18111398748881469  0.18380291997318349  0.18649185245755229
  0.18918078494192109  0.19186971742628989  0.19455864991065866  0.19724758239502746
  0.19993651487939626  0.20262544736376506  0.20531437984813386  0.20800331233250266
  0.25087904409162737  0.25261092830971538  0.25434281252780344  0.25607469674589145
  0.25780658096397951  0.25953846518206752  0.26127034940015559  0.26300223361824360
  0.26473411783633166  0.26646600205441967  0.26819788627250774  0.26992977049059574
  0.27166165470868381  0.27339353892677187  0.27512542314485988  0.27685730736294795
  0.27858919158103601  0.28032107579912408  0.28205296001721214  0.28378484423530020
  0.28551672845338821  0.28724861267147628  0.28898049688956434  0.29071238110765241
  0.29244426532574047  0.29417614954382848  0.29590803376191654  0.29763991798000455
  0.29937180219809262  0.30110368641618063  0.30283557063426869  0.30456745485235670
  0.30629933907044476  0.30803122328853277  0.30976310750662084  0.31149499172470885
  0.35980191214832691  0.47250537406213616  0.58520883597594531  0.66809950368544202
  0.67326776836927105  0.67843603305310018  0.68360429773692921  0.68860119529698094
  0.69307348574855188  0.69754577620012281  0.70201806665169364  0.70649035710326458
  0.77459307617235862  0.88729653808616793  0.95903784434000638  1.00000000000000000
  0.01955359776814769  0.15021878336821687  0.15460423340310050  0.15898968343798411
  0.16337513347286775  0.16762734337690446  0.17147864134965229  0.17532993932240010
  0.17918123729514793  0.18303253526789576  0.18688383324064359  0.19082037066711396
  0.19477314289659700  0.19872591512608004  0.20267868735556308  0.20663145958504614
  0.21030091993476535  0.21375617202286112  0.21721142411095687  0.22066667619905264
  0.22412192828714839  0.22757718037524416  0.23144341920877823  0.23565978655200814
  0.23987615389523803  0.24409252123846792  0.24830888858169781  0.25323703455922630
  0.25864184389743988  0.26404665323565346  0.26945146257386698  0.34858756981290406
  0.45305021948659358  0.48068613622751855  0.48271211593518892  0.48473809564285925
  0.48676407535052957  0.48879005505819989  0.49081603476587027  0.49284201447354059
  0.49486799418121091  0.49689397388888124  0.49891995359655161  0.50094593330422188
  0.50297191301189226  0.50499789271956264  0.50702387242723290  0.50904985213490328
  0.51107583184257366  0.51310181155024392  0.51512779125791430  0.51715377096558468
  0.51917975067325495  0.52120573038092533  0.52323171008859570  0.52525768979626597
  0.52728366950393635  0.52930964921160673  0.53133562891927710  0.53336160862694748
  0.53538758833461786  0.53741356804228813  0.53943954774995850  0.54146552745762888
  0.63575826738571262  0.64741247320089157  0.64916017272087567  0.65090787224085966
  0.65265557176084377  0.65440327128082776  0.65615097080081186  0.65789867032079585
  0.65964636984077996  0.66139406936076395  0.66314176888074805  0.66488946840073204
  0.66663716792071614  0.66803287615091578  0.66942254125635892  0.67081220636180205
  0.67220187146724519  0.67359153657268833  0.67498120167813147  0.67637086678357461
  0.67776053188901775  0.67915019699446089  0.68053986209990402  0.68192952720534716
  0.68331919231079030  0.68470885741623344  0.68609852252167658  0.68748818762711983
  0.79107470065261376  0.89553735032630322  0.92624712387720742  1.00000000000000000
   2.4945747831953887E-008  -1.0000000000000000     
 F F F F F F F F F F F F F F F F
  <DiscreteSampler_grid>
  grouped_processes
  1 # 1 for a reference and 2 for a running grid.
  10 # Attribute 'min_bin_probing_points' of the grid.
  1 # Attribute 'grid_mode' of the grid. 1=='default',2=='initialization'
  0.0000000000000000 # Attribute 'small_contrib_threshold' of the grid.
  0.5000000000000000 # Attribute 'damping_power' of the grid.
 # binID   n_entries weight   weight_sqr   abs_weight
    10   10   3.237858422974067E+009   5.389349661422355E+019   3.237858422974067E+009
  </DiscreteSampler_grid>
