  0.08358910302293064  0.13280367386679245  0.14060734773358494  0.14864034686672384
  0.15713827830176563  0.16563620973680743  0.17433565196279716  0.18306290120584862
  0.22623753537813185  0.30503946326696740  0.38384139115580296  0.46264331904463857
  0.54144524693347429  0.59693795618533985  0.61728458728855873  0.63474955722578197
  0.65222146779309176  0.68036268457291160  0.75916461246174716  0.83796654035058271
  0.87548439609759310  0.87639827558518579  0.87731215507277838  0.87822603456037096
  0.87913991404796354  0.88005379353555624  0.88096767302314882  0.88188155251074141
  0.88279543199833399  0.88370931148592669  0.88462319097351927  0.88553707046111185
  0.88645094994870444  0.88736482943629713  0.88827870892388971  0.88919258841148230
  0.89010646789907488  0.89102034738666758  0.89193422687426016  0.89284810636185274
  0.89376198584944533  0.89467586533703802  0.89558974482463061  0.89650362431222319
  0.89741750379981577  0.89833138328740847  0.89924526277500105  0.90015914226259364
  0.90107302175018633  0.90198690123777892  0.90290078072537161  0.90381466021296419
  0.90472853970055678  0.90564241918814947  0.90655629867574206  0.90747017816333464
  0.90838405765092733  0.90929793713851992  0.91021181662611250  0.91112569611370520
  0.91203957560129778  0.91295345508889036  0.91386733457648306  0.91478121406407564
  0.91569509355166823  0.91660897303926092  0.91752285252685351  0.91843673201444609
  0.91935061150203867  0.92026449098963137  0.92117837047722395  0.92209224996481653
  0.92300612945240912  0.92392000894000181  0.92483388842759440  0.92574776791518698
  0.92666164740277956  0.92757552689037226  0.92848940637796484  0.92940328586555743
  0.93031716535315001  0.93123104484074271  0.93214492432833529  0.93305880381592787
  0.93397268330352046  0.93488656279111315  0.93580044227870574  0.93671432176629832
  0.93854327128485093  0.94598020499870306  0.95341713871255529  0.96063005290549774
  0.96740606207853097  0.97418207125156431  0.97921056602476586  1.00000000000000000
  0.05074520730275764  0.30062675807918599  0.30958684949170523  0.31902908569774269
  0.32870359808649058  0.37329901692011397  0.44994234329687871  0.50979700844742448
  0.53804061957963856  0.57276908450820152  0.62528288751221417  0.62617101937386055
  0.62705915123550704  0.62794728309715342  0.62883541495879980  0.62972354682044629
  0.63061167868209267  0.63149981054373905  0.63238794240538554  0.63327607426703192
  0.63416420612867830  0.63505233799032479  0.63594046985197117  0.63682860171361755
  0.63771673357526404  0.63860486543691042  0.63949299729855680  0.64038112916020329
  0.64126926102184967  0.64215739288349605  0.64304552474514254  0.64393365660678892
  0.64482178846843530  0.64570992033008179  0.64659805219172817  0.64748618405337455
  0.64837431591502104  0.64926244777666742  0.65015057963831380  0.65103871149996029
  0.65192684336160667  0.65281497522325316  0.65370310708489954  0.65459123894654603
  0.65547937080819241  0.65636750266983879  0.65725563453148528  0.65814376639313166
  0.65903189825477815  0.65992003011642453  0.66080816197807091  0.66169629383971740
  0.66258442570136378  0.66347255756301027  0.66436068942465665  0.66524882128630303
  0.66613695314794952  0.66702508500959590  0.66791321687124239  0.66880134873288877
  0.66968948059453515  0.67057761245618164  0.67146574431782802  0.67235387617947440
  0.67324200804112078  0.67413013990276727  0.67501827176441365  0.67590640362606003
  0.67679453548770652  0.67768266734935290  0.67857079921099928  0.67945893107264577
  0.68034706293429215  0.68123519479593853  0.68212332665758502  0.68301145851923140
  0.68389959038087778  0.68478772224252427  0.68567585410417065  0.68656398596581703
  0.68745211782746352  0.75157461061930819  0.76362941606766532  0.77568422151602234
  0.78773902696437959  0.79979383241273672  0.81184863786109374  0.88500202677508077
  0.93977805450078034  0.94700916325737428  0.95424027201396833  0.96053375515364525
  0.96560426151511336  0.97067476787658147  0.97436699964858353  1.00000000000000000
  0.02187074839650299  0.18327934514640135  0.20055835345208978  0.25218784488714230
  0.33108179349330497  0.40997574209946785  0.48886969070563058  0.56444004240890833
  0.59351832779963731  0.62259661319036641  0.67149787829331120  0.68391066241708909
  0.69632344654086697  0.70873623066464497  0.72114901478842308  0.72949077303119836
  0.73040611803365219  0.73132146303610612  0.73223680803855995  0.73315215304101378
  0.73406749804346771  0.73498284304592154  0.73589818804837537  0.73681353305082931
  0.73772887805328313  0.73864422305573696  0.73955956805819079  0.74047491306064472
  0.74139025806309855  0.74230560306555238  0.74322094806800632  0.74413629307046014
  0.74505163807291397  0.74596698307536791  0.74688232807782173  0.74779767308027556
  0.74871301808272939  0.74962836308518332  0.75054370808763715  0.75145905309009098
  0.75237439809254492  0.75328974309499874  0.75420508809745257  0.75512043309990651
  0.75603577810236033  0.75695112310481416  0.75786646810726799  0.75878181310972193
  0.75969715811217575  0.76061250311462958  0.76152784811708352  0.76244319311953734
  0.76335853812199117  0.76427388312444511  0.76518922812689893  0.76610457312935276
  0.76701991813180659  0.76793526313426053  0.76885060813671435  0.76976595313916818
  0.77068129814162212  0.77159664314407594  0.77251198814652977  0.77342733314898371
  0.77434267815143754  0.77525802315389147  0.77617336815634530  0.77708871315879913
  0.77800405816125306  0.77891940316370689  0.77983474816616072  0.78075009316861466
  0.78166543817106848  0.78258078317352242  0.78349612817597625  0.78441147317843007
  0.78532681818088401  0.78624216318333784  0.78715750818579178  0.78807285318824560
  0.78898819819069943  0.78990354319315337  0.79081888819560719  0.79749025279105878
  0.83739690119563548  0.84484369445449303  0.85229048771335059  0.85926696623209897
  0.86608504307942857  0.87290311992675806  0.87927805727969277  0.88545617793128517
  0.89163429858287768  0.90432711825078860  0.90432711825079859  1.00000000000000000
  0.00960391292025897  0.01348680439226880  0.01736969586427864  0.02168625747365612
  0.02958555443298579  0.03748485139231547  0.04538423632204311  0.05328372021014770
  0.06118320409825228  0.06329689383409391  0.06425319770509642  0.06520950157609894
  0.06616580544710143  0.06712210931810395  0.06807841318910646  0.06903471706010897
  0.06999102093111148  0.07094732480211398  0.07190362867311649  0.07285993254411900
  0.07381623641512151  0.07477254028612401  0.07572884415712652  0.07668514802812904
  0.07764145189913155  0.07859775577013406  0.07955405964113656  0.08051036351213907
  0.08146666738314158  0.08242297125414409  0.08337927512514659  0.08433557899614912
  0.08529188286715163  0.08624818673815415  0.08720449060915667  0.08816079448015919
  0.08911709835116170  0.09007340222216423  0.09102970609316674  0.09198600996416927
  0.09294231383517178  0.09389861770617430  0.09485492157717682  0.09581122544817934
  0.09676752931918185  0.09772383319018438  0.09868013706118689  0.09963644093218942
  0.10059274480319193  0.10154904867419445  0.10250535254519696  0.10346165641619949
  0.10441796028720200  0.10537426415820451  0.10633056802920701  0.10728687190020952
  0.10824317577121204  0.10919947964221455  0.11015578351321706  0.11111208738421956
  0.11206839125522207  0.11302469512622458  0.11398099899722709  0.11493730286822959
  0.11589360673923210  0.11684991061023461  0.11780621448123713  0.11876251835223962
  0.11971882222324214  0.12067512609424465  0.12163142996524716  0.12258773383624966
  0.12354403770725217  0.12450034157825468  0.13052682001473415  0.14210104983137176
  0.15367527964800942  0.16524950946464714  0.17682373928128475  0.19389895953787090
  0.27637733039722923  0.35885570125658767  0.44133407211594594  0.52381244297530427
  0.55476805392182760  0.57148906493949214  0.58821007595715658  0.60793726053816088
  0.69041563139751916  0.77289400225687743  0.85537237311623593  0.93785074397559420
  0.96699153828627293  0.97851030007599638  0.98927784635651761  1.00000000000000000
  0.00000000425322884  0.00000000442628658  0.00000000446471060  0.00000000450313463
  0.00000000454155865  0.00000000457998267  0.00000000461840669  0.00000000465683072
  0.00000000469525474  0.00000000473367876  0.00000000477210278  0.00000000481052681
  0.00000000484895083  0.00000000488737485  0.00000000492579888  0.00000000496422290
  0.00000000500264692  0.00000000504107094  0.00000000507949497  0.00000000511791899
  0.00000000515634301  0.00000000519476703  0.00000000523319106  0.00000000527161508
  0.00000000531003910  0.00000000534846313  0.00000000538688715  0.00000000542531117
  0.00000000546373519  0.00000000550215922  0.00000000554058324  0.00000000557900726
  0.00000000563028449  0.00000000569436974  0.00000000575845499  0.00000000582254025
  0.00000000588662550  0.00000000595071075  0.00000000601479601  0.00000000607888126
  0.00000000614296651  0.00000000620705177  0.00000000627113702  0.00000000633522227
  0.00000000639930753  0.00000000646339278  0.00000000652747803  0.00000000659156328
  0.00000000665564854  0.00000000671973379  0.00000000678381904  0.00000000684790430
  0.00000000691198955  0.00000000697607480  0.00000000704016006  0.00000000710424531
  0.00000001068184853  0.00000002835465854  0.00000005836453206  0.00000006859099520
  0.00000007499777016  0.00000008140454512  0.00000008951974052  0.00000009769372362
  0.00000010634687932  0.00000011677564718  0.00000012720441504  0.00000020862682268
  0.00000037937333875  0.00000043883154109  0.00000051185767335  0.00000059178172687
  0.00000068856500008  0.00000127183046467  0.00000337663900200  0.00000896475176804
  0.00002380072239602  0.00003377905420811  0.00004179323868840  0.00005165853265061
  0.00008444173015139  0.00016212766248049  0.00018046366055080  0.00019889458234474
  0.00022036461394718  0.00024183464554961  0.00040611640410236  0.00107788806519035
  0.00286085281577982  0.00759304705969342  0.02015280011580173  0.03750536519912719
  0.03750536519913719  0.03750536519914719  0.03750536519915719  1.00000000000000000
  0.00058218502412795  0.00093466729600710  0.00099958678676493  0.00106480770351892
  0.00113043901378583  0.00119525031184725  0.00124693216442893  0.00129861401701060
  0.00134927926216315  0.00139723142061739  0.00144518357907163  0.00149145267842305
  0.00153594430141173  0.00158043592440041  0.00176911677907969  0.00188635676256214
  0.00200625443520609  0.00209889110592890  0.00215357423716748  0.00216043533433616
  0.00216729643150484  0.00217415752867352  0.00218101862584220  0.00218787972301088
  0.00219474082017956  0.00220160191734824  0.00220846301451692  0.00221532411168560
  0.00222218520885428  0.00222904630602296  0.00223590740319164  0.00224276850036032
  0.00224962959752900  0.00225649069469768  0.00226335179186636  0.00227021288903504
  0.00227707398620372  0.00228393508337240  0.00229079618054108  0.00229765727770976
  0.00230451837487844  0.00231137947204712  0.00231816430511733  0.00232382094086370
  0.00232947757661008  0.00233513421235645  0.00234079084810282  0.00234644748384920
  0.00235210411959557  0.00235776075534195  0.00236341739108832  0.00236907402683469
  0.00237473066258107  0.00238038729832744  0.00238604393407382  0.00239170056982019
  0.00239735720556656  0.00240301384131294  0.00240867047705931  0.00241432711280569
  0.00241998374855206  0.00242564038429843  0.00243129702004481  0.00243695365579118
  0.00244261029153756  0.00244826692728393  0.00245392356303030  0.00245958019877668
  0.00246523683452305  0.00247089347026943  0.00247655010601580  0.00248220674176217
  0.00248786337750855  0.00249352001325492  0.00264678643996381  0.00356136798401280
  0.00479193979367510  0.00644766388491344  0.00867540864661464  0.01167277157221233
  0.01570559908829798  0.02113155623871638  0.02843183504546387  0.03825381147075563
  0.05146843091155850  0.05393272832912241  0.05393272832913241  0.05393272832914241
  0.05393272832915241  0.05393272832916240  0.05393272832917240  0.05393272832918240
  0.05393272832919240  0.05393272832920240  0.05393272832921240  1.00000000000000000
  0.00168925126393635  0.06324679423458872  0.06399358846917745  0.06474038270376617
  0.06548717693835490  0.06623397117294362  0.06698076540753234  0.06772755964212107
  0.06847435387670979  0.06922114811129851  0.06996794234588724  0.07071473658047597
  0.07146153081506469  0.07220832504965341  0.07295511928424214  0.07370191351883086
  0.07444870775341959  0.07519550198800831  0.07594229622259704  0.07668909045718576
  0.07743588469177448  0.07818267892636321  0.07892947316095193  0.07967626739554066
  0.08042306163012938  0.08116985586471810  0.08191665009930683  0.08266344433389555
  0.08343226287196838  0.08439292580912928  0.08535358874629020  0.08631425168345111
  0.08727491462061202  0.08823557755777293  0.08919624049493384  0.09015690343209476
  0.09111756636925566  0.09207822930641657  0.09303889224357749  0.09399955518073839
  0.09496021811789931  0.09592088105506022  0.09688154399222113  0.09784220692938204
  0.09880286986654295  0.09976353280370386  0.10072419574086477  0.10168485867802568
  0.10264552161518659  0.10360618455234751  0.10456769748091120  0.10553040088375899
  0.10649310428660680  0.10745580768945459  0.10841851109230238  0.10938121449515019
  0.11034391789799798  0.11130662130084579  0.11226932470369358  0.11323202810654139
  0.11419473150938918  0.11515743491223698  0.11612013831508478  0.11708284171793257
  0.11804554512078037  0.11900824852362817  0.11997095192647597  0.12093365532932376
  0.12189635873217157  0.12285906213501936  0.12382176553786715  0.12478446894071496
  0.13433938139226217  0.14637282230356785  0.15840626321487364  0.17203339817282515
  0.19479286265834569  0.23388156722364345  0.24252115277788538  0.25116073833212732
  0.25980032388636926  0.26843990944061119  0.27707949499485324  0.28571908054909523
  0.31524416679498307  0.39091276714420087  0.46658136749341877  0.54224996784263668
  0.61791856819185453  0.66367759727699216  0.69732559860313359  0.77178170055876705
  0.77997672955195108  0.77997672955196107  0.77997672955197106  1.00000000000000000
  0.02117716868718462  0.15192078086483893  0.15800822839634457  0.16409567592785024
  0.17053587713937529  0.17723398751853151  0.18393209789768775  0.22205554571443889
  0.27628860571330655  0.29231786239940027  0.30834711908549389  0.32437637577158746
  0.36595784786614338  0.43990080594964093  0.50147760124678686  0.50936983393680879
  0.51726206662683072  0.52515429931685265  0.53304653200687468  0.54093876469689661
  0.54883099738691854  0.55672323007694047  0.58231993953402650  0.65626289761752410
  0.68970032563125838  0.71177710747375977  0.72307291643844285  0.73436937156218896
  0.74566658360394311  0.75047178356389699  0.75123714763118576  0.75200251169847454
  0.75276787576576321  0.75353323983305198  0.75429860390034076  0.75506396796762953
  0.75582933203491831  0.75659469610220709  0.75736006016949586  0.75812542423678453
  0.75889078830407330  0.75965615237136208  0.76042151643865086  0.76118688050593963
  0.76195224457322841  0.76271760864051719  0.76348297270780596  0.76424833677509463
  0.76501370084238340  0.76577906490967218  0.76654442897696096  0.76730979304424973
  0.76807515711153851  0.76884052117882729  0.76960588524611595  0.77037124931340473
  0.77106536305434037  0.77165091826163990  0.77223647346893942  0.77282202867623895
  0.77340758388353847  0.77399313909083800  0.77457869429813753  0.77516424950543705
  0.77574980471273658  0.77633535992003611  0.77692091512733563  0.77750647033463516
  0.77809202554193468  0.77867758074923421  0.77926313595653374  0.77984869116383326
  0.78043424637113279  0.78101980157843232  0.78160535678573184  0.78219091199303137
  0.78277646720033089  0.78336202240763042  0.78394757761492995  0.78453313282222947
  0.78511868802952900  0.78570424323682853  0.78628979844412805  0.78687535365142758
  0.78746090885872710  0.78804646406602663  0.78863201927332616  0.78921757448062568
  0.78980312968792521  0.79038868489522474  0.79097424010252426  0.79155979530982379
  0.85211408383300336  0.89523739020029691  0.89523739020030690  1.00000000000000000
  0.02696811755498252  0.03544460312789516  0.04508045396541276  0.05791608028053531
  0.10655971520918572  0.12466240836569997  0.13254671730454451  0.14023684547703458
  0.14792697364952465  0.15561710182201480  0.16330722999450492  0.17100299763937127
  0.17870313997828141  0.18640328231719158  0.25746944427085328  0.29597827391770271
  0.32604850263771507  0.37523377481920600  0.37618001271749146  0.37712625061577693
  0.37807248851406233  0.37901872641234780  0.37996496431063326  0.38091120220891866
  0.38185744010720413  0.38280367800548959  0.38374991590377500  0.38469615380206046
  0.38564239170034592  0.38658862959863133  0.38753486749691679  0.38848110539520225
  0.38942734329348772  0.39037358119177312  0.39131981909005858  0.39226605698834399
  0.39321229488662945  0.39415853278491492  0.39510477068320032  0.39605100858148579
  0.39699724647977125  0.39794348437805671  0.39888972227634217  0.39983596017462764
  0.40078219807291304  0.40172843597119851  0.40267467386948397  0.40362091176776943
  0.40456714966605489  0.40551338756434036  0.40645962546262582  0.40740586336091122
  0.40835210125919669  0.40929833915748215  0.41024457705576761  0.41119081495405307
  0.41213705285233854  0.41308329075062400  0.41402952864890941  0.41497576654719487
  0.41592200444548033  0.41686824234376579  0.41781448024205126  0.41876071814033666
  0.41970695603862213  0.42065319393690759  0.42159943183519299  0.42254566973347846
  0.42349190763176392  0.42443814553004933  0.42538438342833479  0.42633062132662025
  0.42727685922490566  0.42822309712319112  0.42916933502147658  0.43011557291976199
  0.43106181081804745  0.43200804871633292  0.43295428661461832  0.43390052451290378
  0.43484676241118925  0.43579300030947465  0.43673923820776012  0.45349283962578241
  0.53508303082485509  0.54997364591937181  0.55900976312655026  0.56760042562452151
  0.57591074625466132  0.59204904400464020  0.67363923520371283  0.75522942640278545
  0.83681961760185797  0.91840980880093070  0.95558417240778604  1.00000000000000000
  0.18239897092183432  0.18500759591799509  0.18800777816339073  0.19940506254328608
  0.22449175875836461  0.25523939161692655  0.26320177814120699  0.27116416466548743
  0.27912655118976792  0.28708893771404848  0.29505132423832897  0.30301371076260941
  0.31097609728688985  0.34189265553657333  0.35806351560109617  0.37423437566561885
  0.39040523573014158  0.44538517457323928  0.51997454518571062  0.59456391579818213
  0.66915328641065364  0.72117043606617126  0.73392606640699654  0.74068374775955814
  0.74744142911211986  0.75419911046468158  0.76095679181724318  0.76771447316980490
  0.77447219640915832  0.78122995554998642  0.78798771469081441  0.82564927597353854
  0.90023864658600994  0.95850416962326757  0.95927669557454642  0.96004922152582539
  0.96082174747710425  0.96159427342838311  0.96236679937966207  0.96313932533094093
  0.96391185128221990  0.96468437723349876  0.96545690318477762  0.96622942913605658
  0.96700195508733544  0.96777448103861441  0.96854700698989327  0.96931953294117212
  0.97009205889245109  0.97086458484372995  0.97163711079500892  0.97240963674628778
  0.97318216269756663  0.97395468864884560  0.97472721460012446  0.97549974055140332
  0.97627226650268228  0.97704479245396114  0.97781731840524011  0.97858984435651897
  0.97931637447428055  0.97990733520358686  0.98049829593289306  0.98108925666219937
  0.98168021739150568  0.98227117812081188  0.98286213885011819  0.98345309957942439
  0.98404406030873071  0.98463502103803702  0.98522598176734322  0.98581694249664953
  0.98640790322595584  0.98699886395526204  0.98758982468456835  0.98818078541387455
  0.98877174614318086  0.98936270687248717  0.98995366760179337  0.99054462833109969
  0.99113558906040600  0.99172654978971220  0.99231751051901851  0.99290847124832471
  0.99349943197763102  0.99409039270693733  0.99468135343624353  0.99527231416554984
  0.99586327489485615  0.99645423562416235  0.99704519635346867  0.99763615708277487
  0.99822711781208118  0.99881807854138749  0.99940903927069369  1.00000000000000000
  0.08194547494252519  0.13240655027857479  0.18816575246887204  0.26692907319401965
  0.34569239391916740  0.41740177820067065  0.42483527016113293  0.43226876212159515
  0.43970225408205743  0.44713574604251971  0.45456923800298199  0.46200272996344427
  0.46943622192390666  0.47686971388436900  0.53359208137874514  0.61235540210389283
  0.69111872282904041  0.72198949924935996  0.73946516969087273  0.75036281134810123
  0.75127629897077020  0.75218978659343916  0.75310327421610812  0.75401676183877708
  0.75493024946144605  0.75584373708411501  0.75675722470678397  0.75767071232945293
  0.75858419995212178  0.75949768757479075  0.76041117519745971  0.76132466282012867
  0.76223815044279764  0.76315163806546660  0.76406512568813556  0.76497861331080452
  0.76589210093347349  0.76680558855614245  0.76771907617881141  0.76863256380148037
  0.76954605142414934  0.77045953904681830  0.77137303407252922  0.77228653422562377
  0.77320003437871843  0.77411353453181297  0.77502703468490763  0.77594053483800218
  0.77685403499109684  0.77776753514419139  0.77868103529728605  0.77959453545038060
  0.78050803560347526  0.78142153575656981  0.78233503590966447  0.78324853606275902
  0.78416203621585368  0.78507553636894822  0.78598903652204288  0.78690253667513743
  0.78781603682823209  0.78872953698132664  0.78964303713442119  0.79055653728751585
  0.79147003744061040  0.79238342693042085  0.79329678606659981  0.79421014520277877
  0.79512350433895773  0.79603686347513669  0.79695022261131576  0.79786358174749472
  0.79877694088367368  0.79969030001985264  0.80060365915603160  0.80151701829221056
  0.80243037742838952  0.80334373656456848  0.80425709570074744  0.80517045483692640
  0.80608381397310536  0.80699717310928432  0.80791053224546339  0.80882389138164235
  0.80973725051782131  0.81065060965400026  0.81156396879017922  0.81247732792635818
  0.82078313584129636  0.82927711550606098  0.83740854801309628  0.84520860396179898
  0.85300865991050157  0.92123667927485209  0.97656757036844888  1.00000000000000000
  0.03067808945973718  0.03109280046953307  0.03150751147932895  0.03192222248912482
  0.03233693349892071  0.03275164450871659  0.03316635551851247  0.03358106652830835
  0.03399577753810423  0.03441048854790011  0.03482519955769599  0.03523991056749187
  0.03565462157728776  0.03606933258708363  0.03648404359687952  0.03689875460667540
  0.03731346561647128  0.03772817662626716  0.03814288763606304  0.03855759864585892
  0.03897230965565480  0.03938702066545068  0.03980173167524656  0.04021644268504244
  0.04063115369483832  0.04104586470463421  0.04146057571443008  0.04217537652227507
  0.04318662913326891  0.04419788174426274  0.04520913435525658  0.04622038696625042
  0.04723163957724424  0.04824289218823808  0.04925414479923192  0.05026539741022575
  0.05127665002121958  0.05228790263221341  0.05329915524320725  0.05431040785420108
  0.05532166046519491  0.05633291307618874  0.05734416568718257  0.05835541829817641
  0.05936667090917024  0.06037792352016407  0.06138917613115790  0.06240042874215174
  0.06341181802103033  0.06442322222638859  0.06543462643174686  0.06644603063710514
  0.06745743484246340  0.06846883904782167  0.06948024325317995  0.07049164745853821
  0.07150305166389648  0.07251445586925474  0.07352586007461301  0.07453726427997129
  0.07554866848532955  0.07656007269068782  0.07757147689604608  0.07858288110140435
  0.07959428530676263  0.08060568951212090  0.08161709371747916  0.08262849792283743
  0.10742657818245512  0.18691284543957218  0.26639911269668926  0.34588537995380642
  0.40251487434463323  0.42049459914255072  0.43847432394046804  0.45645404873838530
  0.48491482977407302  0.49399023982525930  0.50306564987644564  0.51214105992763193
  0.52121646188673221  0.53029168025957063  0.53936689863240894  0.56384159253529442
  0.61065671166624524  0.69014297892336229  0.76962924618047934  0.84911551343759661
  0.86143266203985325  0.86919172653063181  0.87616138130800036  0.88078065234639413
  0.88539992338478790  0.88858491579691568  0.88858491579692567  1.00000000000000000
  0.02412968476613362  0.03201006020894327  0.03989043565175293  0.04948271131153678
  0.05957312889698201  0.11734058624480317  0.19458785715986385  0.27183512807492455
  0.34908239898998539  0.42632966990504612  0.50357694082010684  0.58082421173516752
  0.63599899191578457  0.66169007197098473  0.68738115202618477  0.70898205099030820
  0.70987599887152719  0.71076994675274630  0.71166389463396540  0.71255784251518450
  0.71345179039640350  0.71434573827762260  0.71523968615884170  0.71613363404006070
  0.71702758192127980  0.71792152980249890  0.71881547768371801  0.71970942556493700
  0.72060337344615610  0.72149732132737521  0.72239126920859420  0.72328521708981330
  0.72417916497103241  0.72507311285225151  0.72596706073347050  0.72686100861468961
  0.72775495649590871  0.72864890437712770  0.72954285225834681  0.73043680013956591
  0.73133074802078490  0.73222469590200401  0.73311864378322311  0.73401259166444210
  0.73490653954566121  0.73580048742688031  0.73669443530809930  0.73758838318931841
  0.73848233107053740  0.73937627895175650  0.74027022683297561  0.74116417471419460
  0.74205812259541371  0.74295207047663281  0.74384601835785180  0.74473996623907091
  0.74563391412028990  0.74652786200150900  0.74742180988272811  0.74831575776394710
  0.74920970564516620  0.75010365352638531  0.75099760140760430  0.75189154928882340
  0.75278549717004239  0.75367944505126150  0.75457339293248060  0.75546734081369959
  0.75636128869491870  0.75725523657613780  0.75814918445735680  0.75904313233857590
  0.75993708021979489  0.76083102810101400  0.76172497598223310  0.76261892386345209
  0.76351287174467120  0.76440681962589030  0.76530076750710929  0.76619471538832840
  0.76708866326954739  0.76798261115076649  0.76887655903198560  0.76977050691320459
  0.77066445479442369  0.83348757648809857  0.86501174423322769  0.87982135334513156
  0.89463096245703533  0.90944057156893932  0.95622245487922553  0.96683415864864075
  0.97557380577069841  0.98390565418970366  0.99195282709485200  1.00000000000000000
  0.08779441912968954  0.17402968491190382  0.18139270315714093  0.18887816262839691
  0.19695912434376928  0.20504008605914165  0.20892216482743212  0.20991602626571890
  0.21090988770400568  0.21190374914229246  0.21289761058057924  0.21389147201886605
  0.21488533345715283  0.21587919489543961  0.21687305633372639  0.21786691777201317
  0.21886077921029995  0.21985464064858673  0.22084850208687354  0.22184236352516032
  0.22283622496344710  0.22383008640173388  0.22482394784002066  0.22581780927830744
  0.22681167071659422  0.22780553215488103  0.22879939359316781  0.22979325503145459
  0.23078711646974134  0.23178097790802812  0.23277483934631490  0.23376870078460169
  0.23476256222288844  0.23575642366117522  0.23675028509946200  0.23774414653774878
  0.23873800797603556  0.23973186941432231  0.24072573085260909  0.24171959229089587
  0.24271345372918265  0.24370731516746941  0.24470117660575619  0.24569503804404297
  0.24668889948232975  0.24768276092061650  0.24867662235890328  0.24967048379719006
  0.25066434523547682  0.25165820667376360  0.25265206811205038  0.25364592955033716
  0.25463979098862394  0.25563365242691072  0.25662751386519750  0.25762137530348428
  0.25861523674177100  0.25960909818005778  0.26060295961834457  0.26159682105663135
  0.26259068249491813  0.26358454393320491  0.26457840537149169  0.26557226680977847
  0.26656612824806519  0.26755998968635197  0.26855385112463875  0.26954771256292553
  0.27054157400121231  0.33129376274508682  0.41670001778721838  0.43016863492642660
  0.44363725206563481  0.45710586920484303  0.47057448634405136  0.51015344216069369
  0.57475238615491642  0.60630090898001521  0.65985793745584309  0.68414969906817025
  0.70314381455644304  0.72213793004471594  0.75366528477282235  0.76314785341034685
  0.77263042204787136  0.78211299068539597  0.79159555932292047  0.80107812796044497
  0.81056069659796948  0.88058166614051359  0.95911741104219883  0.96768421346722489
  0.97625101589225105  0.98433381980481671  0.99216690990240830  1.00000000000000000
  0.01731735070546463  0.25059673545502137  0.25119347091004274  0.25179020636506411
  0.25238694182008548  0.25298367727510679  0.25358041273012816  0.25417714818514953
  0.25477388364017090  0.25537061909519226  0.25596735455021363  0.25656409000523495
  0.25716082546025631  0.25775756091527768  0.25835429637029905  0.25895103182532042
  0.25954776728034179  0.26014450273536310  0.26074123819038447  0.26133797364540584
  0.26193470910042721  0.26253144455544858  0.26312818001046995  0.26372491546549126
  0.26432165092051263  0.26491838637553400  0.26551512183055537  0.26611185728557674
  0.26670859274059810  0.26730532819561947  0.26790206365064079  0.26849879910566216
  0.26909553456068352  0.26969227001570489  0.27028900547072626  0.27090184061094463
  0.27168189402676401  0.27246194744258340  0.27324200085840278  0.27402205427422222
  0.27480210769004160  0.27558216110586098  0.27636221452168036  0.27714226793749974
  0.27792232135331918  0.27870237476913856  0.27948242818495794  0.28026248160077732
  0.28104253501659671  0.28182258843241614  0.28260264184823553  0.28338269526405491
  0.28416274867987429  0.28494280209569373  0.28572285551151311  0.28650290892733249
  0.28728296234315187  0.28806301575897125  0.28884306917479069  0.28962312259061007
  0.29040317600642945  0.29118322942224883  0.32029556402604870  0.38246316032041283
  0.40975958011209235  0.43705599990377175  0.51156480392714121  0.55146397051490714
  0.56778778079080494  0.58411159106670263  0.60043540134260054  0.60942935042702207
  0.61625140677660806  0.62307346312619394  0.62947153049008275  0.63570274520042269
  0.64193395991076274  0.64816517462110279  0.65439638933144284  0.66062760404178300
  0.66691453593943828  0.67495257859230795  0.68299062124517751  0.72055172474905949
  0.75700518485619472  0.76851048562935753  0.78001578640252045  0.79152108717568348
  0.80302638794884629  0.82579515279470062  0.90108460539200808  0.96077763893477830
  0.97097847256106551  0.98103734642662743  0.99051867321331377  1.00000000000000000
  0.00368104867979014  0.00394000185337484  0.00419895502695954  0.00445790820054424
  0.00471686137412894  0.00497581454771364  0.00523476772129834  0.00549372089488304
  0.00575267406846774  0.00601162724205244  0.00627058041563715  0.00652953358922185
  0.00678848676280655  0.00704743993639125  0.00730639310997595  0.00756534628356065
  0.00782429945714535  0.00808325263073006  0.00834220580431476  0.00860115897789946
  0.00886011215148416  0.00911906532506887  0.00937801849865357  0.00963697167223827
  0.00989592484582297  0.01015487801940767  0.01041383119299237  0.01067278436657708
  0.01093173754016178  0.01119069071374648  0.01144964388733118  0.01170859706091588
  0.01196755023450059  0.01222650340808529  0.01248545658166999  0.01274440975525469
  0.01300336292883939  0.01326231610242410  0.01352126927600880  0.01378022244959350
  0.01403917562317820  0.01429812879676290  0.01455708197034761  0.01481603514393231
  0.01507498831751701  0.01533394149110171  0.01559289466468641  0.01585184783827111
  0.01611080101185582  0.01636975418544052  0.01662870735902522  0.01688766053260992
  0.01714661370619463  0.01740556687977933  0.01766452005336403  0.01792347322694873
  0.01818242640053343  0.01844137957411814  0.01870033274770284  0.01895928592128754
  0.01921823909487224  0.01947719226845694  0.01973614544204165  0.01999509861562635
  0.02025405178921105  0.02051300496279575  0.02077195813638045  0.04774296307584751
  0.07622386366268480  0.07643903176155421  0.07643903176156422  0.07643903176157422
  0.07643903176158423  0.07643903176159424  0.07643903176160424  0.07643903176161425
  0.07643903176162425  0.07643903176163426  0.07643903176164427  0.07643903176165427
  0.07643903176166428  0.07643903176167428  0.07643903176168429  0.07643903176169430
  0.07643903176170430  0.07643903176171431  0.07643903176172431  0.07643903176173432
  0.07643903176174432  0.07643903176175433  0.07643903176176434  0.07643903176177434
  0.07643903176178435  0.07643903176179435  0.07643903176180436  1.00000000000000000
  0.13088869651158649  0.17396965305954212  0.22927311154777025  0.30776041044738217
  0.34001350776270650  0.34992213537279881  0.35983076298289107  0.36973939059298322
  0.37542659216543717  0.37633599972883769  0.37724540729223821  0.37815481485563868
  0.37906422241903914  0.37997362998243966  0.38088303754584019  0.38179244510924065
  0.38270185267264117  0.38361126023604164  0.38452066779944216  0.38543007536284263
  0.38633948292624315  0.38724889048964362  0.38815829805304414  0.38906770561644460
  0.38997711317984513  0.39088652074324559  0.39179592830664611  0.39270533587004658
  0.39361474343344710  0.39452415099684762  0.39543355856024809  0.39634324994982167
  0.39725316398312249  0.39816307801642331  0.39907299204972413  0.39998290608302495
  0.40089282011632577  0.40180273414962658  0.40271264818292735  0.40362256221622816
  0.40453247624952898  0.40544239028282980  0.40635230431613062  0.40726221834943144
  0.40817213238273226  0.40908204641603307  0.40999196044933389  0.41090187448263471
  0.41181178851593547  0.41272170254923629  0.41363161658253711  0.41454153061583793
  0.41545144464913875  0.41636135868243956  0.41727127271574038  0.41818118674904114
  0.41909110078234196  0.42000101481564278  0.42091092884894360  0.42182084288224436
  0.42273075691554518  0.42364067094884600  0.42455058498214676  0.42546049901544758
  0.42637041304874840  0.42728032708204922  0.42819024111534998  0.42910015514865080
  0.43001006918195162  0.43091998321525238  0.43182989724855320  0.43273981128185401
  0.43364972531515483  0.43455963934845560  0.43546955338175641  0.43637946741505723
  0.43728938144835805  0.49781977909935149  0.57630707799896341  0.65479437689857545
  0.73328167579818748  0.81176897469779929  0.85757219451920563  0.86497850079973948
  0.87238480708027333  0.87979111336080729  0.88719741964134113  0.89460372592187498
  0.90201003220240894  0.90941633848294290  0.91692668175538716  0.92927297539537301
  0.94135568316500073  0.95291195592340383  0.97517562309900918  1.00000000000000000
  0.22182130416234336  0.23383432962392667  0.27795037528056771  0.35049125167393630
  0.41804669771154868  0.43377354846831523  0.44250826553837869  0.44907173423596297
  0.45563520293354731  0.46219867163113160  0.46876214032871599  0.47532560902630033
  0.48189271654494426  0.48846495808675328  0.49503719962856235  0.51776414823764572
  0.59030502463101420  0.66284590102438279  0.69481717725029657  0.70590154080710099
  0.71421556575826950  0.72175099106633611  0.72928641637440261  0.73682184168246911
  0.74435726699053562  0.75194502780258565  0.75968881782028796  0.76743260783799017
  0.81151750813206647  0.81324115737569436  0.81399249079294289  0.81474382421019143
  0.81549515762743996  0.81624649104468838  0.81699782446193692  0.81774915787918545
  0.81850049129643399  0.81925182471368252  0.82000315813093105  0.82075449154817959
  0.82150582496542801  0.82225715838267655  0.82300849179992508  0.82375982521717361
  0.82451115863442215  0.82526249205167068  0.82601382546891911  0.82676515888616764
  0.82751649230341617  0.82826782572066471  0.82901915913791324  0.82977049255516178
  0.83052182597241020  0.83127315938965873  0.83202449280690727  0.83277582622415580
  0.83348160539854133  0.83405635584673354  0.83463110629492576  0.83520585674311787
  0.83578060719131009  0.83635535763950231  0.83693010808769452  0.83750485853588663
  0.83807960898407885  0.83865435943227107  0.83922910988046329  0.83980386032865550
  0.84037861077684761  0.84095336122503983  0.84152811167323205  0.84210286212142427
  0.84267761256961637  0.84325236301780859  0.84382711346600081  0.84440186391419303
  0.84497661436238514  0.84555136481057735  0.84612611525876957  0.84670086570696179
  0.84727561615515390  0.84785036660334612  0.84842511705153834  0.84899986749973055
  0.84957461794792277  0.85014936839611488  0.85072411884430710  0.85129886929249932
  0.85187361974069153  0.85244837018888364  0.85302312063707586  0.85359787108526808
  0.85491824721326104  0.92745912360662952  0.94595194260279336  1.00000000000000000
   5.9650780478526059E-011  -1.0000000000000000     
 F F F F F F F F F F F F F F F F F F F F F F F F F F F F F F F F F F F F F F F F F F F F F F F F F F F F F F F F F F F F F F F F F F F F F F F F F F F F F F F F F F F F F F F F F F F F F F F F F F F F F F F F F F F F F F F F F F F F F F F F F F F F F F F F F F F F F F F F F F F F F F F F F F F F F F F F F F F F F F F F F F F F F F F F F F F F F F F F F F F F F F F F F F F F F F F F F F F F F F F F F F F F F F F F F F F F F F F F F F F F F F F F F F F F F F F F F F F F F F F F F F F F F F F F F F F F F F F F F F F F F F F F F F F F F F F F F F F F F F F F F F F F F F F F F F F F F F F F F F F F F F F F F F F F F F F F F F F F F F F F F F F F F F F F F F F F F F F F F F F F F F F F F F F F F F F F F F F F F F F F F F F F F F F F F F F F F F F F F F F F F F F F F F F F F F F F F F F F F F F F F F F F F F F F F F F F F F F F F F F F F F F F F F F F F F F F F F F F F F F F F F F F F F F F F F F F F F F F F F F F F F F F F F F F F F F F F F F F F F F F F F F F F F F F F F F F F F F F F F F F F F F F F F F F F F F F
  <DiscreteSampler_grid>
  grouped_processes
  1 # 1 for a reference and 2 for a running grid.
  10 # Attribute 'min_bin_probing_points' of the grid.
  1 # Attribute 'grid_mode' of the grid. 1=='default',2=='initialization'
  0.0000000000000000 # Attribute 'small_contrib_threshold' of the grid.
  0.5000000000000000 # Attribute 'damping_power' of the grid.
 # binID   n_entries weight   weight_sqr   abs_weight
    10   10   2.443254165943096E+001   5.960712825458371E+003   2.443254165943096E+001
  </DiscreteSampler_grid>
