  0.00410529983531163  0.01013541470545000  0.01712054825344557  0.02612191101501484
  0.03790932171850020  0.05200432509991020  0.06457486316781322  0.07805110923905144
  0.08925376440957970  0.09874255077465917  0.10594700518861286  0.11250132800740358
  0.11895966950498882  0.12761736141783514  0.13474166068068180  0.14317261719921795
  0.15387489391560388  0.16777431900961898  0.18362715437591834  0.19881905503637512
  0.21222446576199272  0.22486870989364549  0.23679603064393662  0.25041345810389987
  0.26452170462522040  0.27528399685642990  0.28531502814717208  0.29491049905829897
  0.30131041306992856  0.30799889493964572  0.31599269122850393  0.32692266006577270
  0.33657305551269756  0.34415992457639683  0.35109250384287799  0.35942244391687517
  0.37062247555178418  0.38519939565520339  0.40116350001765250  0.42070657630212388
  0.43680871777096525  0.44823293412006554  0.45748161448314545  0.46516180755212827
  0.47365819277641463  0.48652882911763551  0.50130167088601307  0.51838764367040180
  0.53789984574756466  0.55333108096785200  0.56724171952713232  0.58092854239442715
  0.59491093617063417  0.60762387055676181  0.61856033598057636  0.62738681366992755
  0.63468345224166689  0.64162305591001223  0.64989891691942803  0.65823471220445939
  0.66833004152820585  0.68149892242690724  0.69586599055231391  0.70998300207092802
  0.72253716959953151  0.73388034883726516  0.74117603665076581  0.74882986624205394
  0.75696755406795679  0.76547055530986541  0.77428439194789000  0.78569608232178878
  0.79642276324597816  0.80658674458325108  0.81747062897722012  0.82873246849264437
  0.83964305527437599  0.85020146539282704  0.85909444213284014  0.86626375655116949
  0.87542707599500325  0.88321275158829360  0.89103794081663223  0.89716823429412873
  0.90190962228829596  0.90545823936570169  0.91165219640154405  0.92118183431919709
  0.93076978035286895  0.93734339428864666  0.94594851356372911  0.95346777108029157
  0.96276885513663490  0.97376988200358872  0.98364130734779121  1.00000000000000000
  0.00840427951699394  0.00903446023894937  0.00991212672835765  0.01091228116016548
  0.01212659414454366  0.01355412758035479  0.01512432265864799  0.01675454156760034
  0.01831438329064747  0.02016052504782278  0.02231306453011615  0.02545290812313013
  0.03003016747607679  0.03659830132733599  0.04338779135522147  0.05092891942206491
  0.05924643059654462  0.06800536498815242  0.07928588156066446  0.09119864576114525
  0.10349105300653008  0.11755608570806279  0.13012890741844810  0.14442448675726219
  0.16346621326610369  0.18182177604511299  0.19870206554880940  0.21539293113388963
  0.23148435190556035  0.24574282664806407  0.26234143013091410  0.27640282442501163
  0.29200078088272546  0.30952256030089809  0.32802939732182396  0.34352684800087219
  0.35762710638087558  0.37215078278152447  0.38959546466153894  0.41108704149944814
  0.43711214810137955  0.45027778282569375  0.46212153053383281  0.47488423770610499
  0.49088910904383726  0.51736948092531942  0.54736069153803568  0.57031781252391245
  0.58824949551682537  0.60520300258099990  0.62561078507745671  0.64784447578070536
  0.67168454472463202  0.69363104725524560  0.71761958457275210  0.73822405544066416
  0.75461442191992345  0.76869275089071287  0.78447881286612164  0.80374685079097663
  0.81983119870991383  0.82957565341422357  0.83753802001958233  0.84583252091160843
  0.85750237230031634  0.86847195748981820  0.87938127666706900  0.89040253180349793
  0.90064326514181792  0.90975742658253567  0.91906287436912459  0.93032702626690245
  0.93958984747072027  0.94732191721039360  0.95466074224511221  0.95996879644684230
  0.96280592451360736  0.96639196022680640  0.96966811319661472  0.97240197964748265
  0.97473197419310786  0.97671373336730016  0.97881828944100246  0.98087798571203888
  0.98249975896633690  0.98367177716985543  0.98472696103745272  0.98567974687840110
  0.98627895738219351  0.98692717885996850  0.98760503375841246  0.98829214457247061
  0.98906189123150579  0.98984174190652108  0.99016079912910981  1.00000000000000000
  0.00118902365178058  0.01418439701743556  0.02632692785911650  0.03775902614495469
  0.04931811002454593  0.06214350272960108  0.07321249037778878  0.08601516170501099
  0.10093511872725477  0.11359452418084952  0.12280295152702492  0.13124830207136290
  0.14040130119084446  0.14937740049773823  0.15897848033515979  0.17067509336936448
  0.18082320895532220  0.19064039147238795  0.20239002055649666  0.21369845578772337
  0.22625655267779998  0.23784967767742668  0.24876710298594445  0.25940605823126706
  0.27082106987651716  0.28204434200573664  0.29233587153285245  0.30403493100274709
  0.31767401466654965  0.33024727196757558  0.33985981846590457  0.34778550696668975
  0.35574093391616024  0.36481109307687265  0.37522641676124174  0.38719121100340087
  0.39965679374151913  0.41229164051842149  0.42098326198982094  0.42774736631162480
  0.43636860483977186  0.44280474804422421  0.44659326953300266  0.45085585084706881
  0.45844556583389157  0.46494999897266659  0.47021813255656986  0.47689819041577436
  0.48942001765165105  0.50400730109333303  0.51624438306140707  0.52771531767999835
  0.53922237816047680  0.54731035158676700  0.55413717508816474  0.56109512353584123
  0.56795294206028746  0.57581495911009761  0.58685925271855222  0.59710175933173470
  0.60804163501689579  0.61946063395495010  0.63155642647299348  0.64449228272741621
  0.65870181641535386  0.67493218525065923  0.69517042969569831  0.71358273799276095
  0.72625226032267431  0.73618911310659962  0.74571373644324912  0.75527148375215380
  0.76303963995620905  0.76863674559812689  0.77466582441240650  0.78158697285594825
  0.78910622608518854  0.79968821970850479  0.81110200699799995  0.82248685137011013
  0.83333112313702418  0.84487860434692708  0.85469859559985484  0.86347354163927215
  0.87112033341188910  0.87698751300496325  0.88548365274318663  0.89575366700599157
  0.90629416509513050  0.92013368799556949  0.93486811034686434  0.94816516662417971
  0.96011599127511171  0.97024176135041640  0.98261636800280672  1.00000000000000000
  0.00827720137380913  0.00890454202502249  0.00998842960456474  0.01137185121818592
  0.01311095787377776  0.01523932797104400  0.01731169429524229  0.01997598093170085
  0.02268055531745412  0.02621283708896071  0.03219111346838894  0.03789828747881190
  0.04377981375290813  0.05017205683465950  0.05738796534284679  0.06457720676796111
  0.07305123254911251  0.08233314816815364  0.08871283891014591  0.09594270018207617
  0.10426209723057470  0.11357261951872083  0.12188999611633423  0.13021507836097532
  0.13908112760021615  0.15189040740743756  0.17044416270947110  0.18729155581310100
  0.19954583504301851  0.21407516274890437  0.23104543947620682  0.24830126972281408
  0.26603037657883005  0.28449480380306041  0.30522403546862964  0.32499226086633420
  0.34086356920732391  0.35550026999038081  0.37044460265557067  0.38910063245347826
  0.40975825065126281  0.43330061589929886  0.44721100918208129  0.46004421751656832
  0.47225311070695081  0.48452605446068853  0.49907773585143028  0.51434317080512593
  0.52962487626783505  0.54923089636262390  0.58148760515204212  0.60541271570545974
  0.62136262342475990  0.63925867552667004  0.66202125196125949  0.68267357107503568
  0.69882232437923908  0.71945113696707297  0.74438604269982855  0.76037256377775719
  0.77034978388756736  0.77932684521532025  0.78641099801846637  0.79436655031497716
  0.80346525978580152  0.81771890951991621  0.83208375311739902  0.84684904479816259
  0.86052063563882319  0.87287001196162628  0.88503422391509246  0.89600064818588032
  0.90759959362386011  0.91647111131929226  0.92400693307982562  0.93139939188397514
  0.93968374835589474  0.94747442786129799  0.95331420664741995  0.95861395347378953
  0.96244314884370186  0.96557632654037806  0.96871543824124662  0.97169485671371236
  0.97476630251563523  0.97774986123300467  0.98015384668901873  0.98205578795769932
  0.98369761306127190  0.98517577037524684  0.98654217741943384  0.98765486243374712
  0.98868107006545858  0.98958451804701997  0.99030939315608457  1.00000000000000000
  0.00000001032617929  0.00000001065174675  0.00000001088819091  0.00000001109545614
  0.00000001125993129  0.00000001135259540  0.00000001146382824  0.00000001161294716
  0.00000001179533745  0.00000001196916225  0.00000001216430816  0.00000001236187228
  0.00000001255892556  0.00000001275412639  0.00000001294334366  0.00000001310960747
  0.00000001332403179  0.00000001359134507  0.00000001386889218  0.00000001411837709
  0.00000001437054859  0.00000001458852918  0.00000001482480248  0.00000001505237670
  0.00000001526266600  0.00000001546081894  0.00000001568956920  0.00000001598557869
  0.00000001628483868  0.00000001656652917  0.00000001688654656  0.00000001735820782
  0.00000001801420504  0.00000001866410727  0.00000001947038982  0.00000002033658904
  0.00000002127628185  0.00000002233517844  0.00000002332176726  0.00000002433529930
  0.00000002539678826  0.00000002649353370  0.00000002759341114  0.00000002873964118
  0.00000002984955934  0.00000003087091224  0.00000003178890696  0.00000003268283480
  0.00000003355435574  0.00000003476431500  0.00000003599546466  0.00000003721309658
  0.00000003849864112  0.00000003990954883  0.00000004168996794  0.00000004389201003
  0.00000004602547288  0.00000004811276522  0.00000005022357435  0.00000005231821021
  0.00000005453521269  0.00000005696112231  0.00000005912424696  0.00000006142416372
  0.00000006379204264  0.00000006622354723  0.00000007222038814  0.00000007854274114
  0.00000008556204380  0.00000009295967159  0.00000009992084781  0.00000010629089438
  0.00000011288293287  0.00000012038782835  0.00000013180685278  0.00000015522322038
  0.00000018668052848  0.00000021954210894  0.00000026172465839  0.00000032463070590
  0.00000040740039159  0.00000054923775345  0.00000084000224566  0.00000142635448586
  0.00000254190336138  0.00000530730953584  0.00001520878913956  0.00006043472564061
  0.00019583301277115  0.00063761902633208  0.00228489856918971  0.00680188776405683
  0.01831593687883210  0.06112383891737280  0.64814377974383719  1.00000000000000000
  0.00239499431489541  0.00315139145607813  0.00388954785807239  0.00480138025687566
  0.00586881278401469  0.00680060198348181  0.00764733012379904  0.00846859312244821
  0.00927710325984640  0.01018315860727628  0.01093123547340213  0.01145273320551902
  0.01186643670902638  0.01226950538400789  0.01265299537210428  0.01304241222092769
  0.01348551549485771  0.01393380598253942  0.01454865404151143  0.01516240800948032
  0.01573499681717996  0.01660048035738081  0.01780216939549240  0.01892481566311964
  0.02013879008797338  0.02129324922206654  0.02235058242544701  0.02342716805398650
  0.02460600461505650  0.02562069687493590  0.02625164393984192  0.02684030846001733
  0.02738685523794478  0.02795177926855311  0.02855677756676720  0.02928327300443068
  0.02994912320318023  0.03134383509723640  0.03270305989811670  0.03397937043135103
  0.03521701511192729  0.03633862283319845  0.03746314419294412  0.03870663692314534
  0.04032349944292350  0.04223569338724901  0.04413547123164239  0.04598161142231564
  0.04740197279034791  0.04852891886894159  0.04947894421248005  0.05039618695752553
  0.05153982471369315  0.05297623411657787  0.05441328979139727  0.05592294619079306
  0.05734549646580436  0.05864831818599521  0.06031392115783829  0.06228466928115554
  0.06416151786889453  0.06601908845719595  0.06776006767309208  0.06920721299647951
  0.07041926171913797  0.07194477314139892  0.07366415182099628  0.07555268565388906
  0.07820280665512999  0.08211544088972414  0.08562285004414182  0.08813479317010982
  0.08990143852676212  0.09150544488301339  0.09307556026194753  0.09461120345422591
  0.09662051272192805  0.09909643296293676  0.10115622387597779  0.10407546937709811
  0.10715806933408364  0.11013314123653321  0.11342484327226802  0.11655808071883289
  0.11890157168236044  0.12127450542122137  0.12456330272882837  0.12785210003643538
  0.13169509245000532  0.13589370669300854  0.14088997305199547  0.15105096457481723
  0.15966270183178458  0.17006444627208794  0.56831865134072845  1.00000000000000000
 -0.00522786716225295  0.01751932317183562  0.03081716033108777  0.04218194084703625
  0.05418261278242084  0.06572817295914754  0.07734776601026988  0.08653720927990641
  0.09390234370730396  0.10111646468227362  0.10758399094291775  0.11796051844250875
  0.13192666489466781  0.14890769914863064  0.16440912941280150  0.17721692820915474
  0.18729040926162122  0.19573325555500565  0.20368391891550144  0.21235900821418471
  0.22294411357088090  0.23433055588833845  0.24849443054870687  0.26371813222694412
  0.27586337027650182  0.28595872418388829  0.29396114019174946  0.30373399305042398
  0.31370484580441205  0.32394835528407401  0.33464678326155428  0.34432025948264400
  0.35356856225575450  0.36273244992084647  0.37269160784284294  0.38384385737554405
  0.39623515083821315  0.40517964501213688  0.41425679276188504  0.41874552611417626
  0.42469821796155044  0.42956533243254663  0.43269052145898956  0.43571013689419164
  0.43974071008525711  0.44626234853893232  0.45301664640249140  0.45997689979354933
  0.46720374626161909  0.47470229786521662  0.48568154396002361  0.50521056267018183
  0.52087917210306156  0.53074154778885418  0.53881162809924799  0.54774232289760949
  0.55559406742916995  0.56326827956253134  0.57012548781771200  0.57662340941109380
  0.58519386370785764  0.59786160498586016  0.61455226131075547  0.63122305663031042
  0.64554453266271861  0.66026577417679333  0.67557974025993839  0.68891721181283272
  0.70060367745217600  0.70957148151369964  0.71833043977657574  0.72660235985435095
  0.73468819686520248  0.74414926333831732  0.75277047431163069  0.76112309531247957
  0.77055259831699385  0.77919500684798138  0.79010117843656968  0.80349203878121744
  0.81667153290236150  0.82752696390676350  0.83728670888853673  0.84637662103313516
  0.85514034531911720  0.86304230168020613  0.86965267497089493  0.87828532227708078
  0.89064287899049954  0.90551720576224659  0.92109024413262275  0.93700385040667844
  0.95367986411512506  0.97026952125015509  0.98593984872002627  1.00000000000000000
 -0.00322820125347239  0.01348689115735687  0.02859239127839805  0.04181995500995044
  0.05218402697571991  0.06140593988684694  0.07127534027063354  0.08167265966621894
  0.09232216655708178  0.10481336920123020  0.11870896292162295  0.13074232249763817
  0.14110025688667918  0.15179089704952609  0.16324206907989983  0.17371109745604285
  0.18320309908704149  0.19317543410085500  0.20491922663238804  0.21957134748008730
  0.23615791815990275  0.25449043431856144  0.27307063844010182  0.28453128187382165
  0.29441344798993263  0.30349542062533119  0.31158360247086947  0.31969923163729586
  0.32755631959062415  0.33481893409608304  0.34044576443038949  0.34791984752433985
  0.35602463991039968  0.36488524108946424  0.37510470134064433  0.38620820820003104
  0.39459594257346026  0.40410363111444220  0.41504800576801920  0.42371272430864615
  0.43331322619146578  0.44323276187537719  0.45239087640719872  0.45986085410885652
  0.46766377005689563  0.47645993128097397  0.48616548061223647  0.49938052052801818
  0.51507806235495868  0.52730317366921986  0.53912624447729673  0.55119577631211114
  0.56391277811411722  0.57354213445356872  0.58330440308643550  0.59344585228578195
  0.60344008155992379  0.61358297391346417  0.62507045696862729  0.63323623822823583
  0.64080236750306563  0.64813340077993031  0.65461408588792747  0.65902979807836681
  0.66419124695007403  0.67055096302453820  0.67570040829096478  0.68244262062216965
  0.68817147302280124  0.69664029762445889  0.70575880716308870  0.71610895168796174
  0.72635366782466437  0.73928609832184422  0.75115811220888518  0.76557461382127756
  0.77981154626295257  0.79358673717721628  0.80800533706758593  0.82081854025640655
  0.83327045386408782  0.84500247555543317  0.85817512448975231  0.87025571571145355
  0.88059555912068976  0.88822851577826034  0.89723274156614818  0.90715563420478751
  0.91647979035153948  0.92564506812588687  0.93815670517495398  0.95297728387355840
  0.96711322272803313  0.97950942012597464  0.98941620536505448  1.00000000000000000
 -0.00409205506608660  0.01231171985620163  0.02730408835693082  0.04018082129490644
  0.05052414383121205  0.05859725525665033  0.06699304089899188  0.07493442989824559
  0.08084830838113061  0.09007230541687390  0.09976729710024364  0.11092826836298716
  0.12460886455858342  0.14049516029999776  0.15580107901191106  0.17230526703361845
  0.18850784345774313  0.20431305247607945  0.21950936558659950  0.23276430671084269
  0.24330282669770137  0.25274165271680038  0.26220487262285425  0.27475611015981716
  0.28829799387417099  0.30169431674193037  0.31380783294959508  0.32756280682669453
  0.33998647107988406  0.35197190457062560  0.36610761805831493  0.37908925142609823
  0.39201391828750315  0.40502320296894262  0.41446563215201321  0.42220813016133768
  0.42845995154189770  0.43434736804545121  0.44057702762152501  0.44726050723831440
  0.45634397241330454  0.46792026491385325  0.48012129473210097  0.49232213153019178
  0.50461029390253165  0.51741039317692084  0.52930604972340367  0.53899697627260945
  0.54933829278617763  0.55959311091871344  0.56715402064216869  0.57294439043620349
  0.57694417709618118  0.58127104362458271  0.58726407751304766  0.59487283023817739
  0.60391897428381269  0.61049058898472153  0.61700269170680200  0.62322972547688305
  0.63302350954557041  0.64333194730776877  0.65188133509214397  0.66100304188428705
  0.66908980513454053  0.67761189686538603  0.68698127552698496  0.69561174982801188
  0.70463902154154656  0.71496153918892802  0.72733695010097699  0.74024009714855987
  0.75216738350560419  0.76422097171363113  0.77555595009797085  0.78649870861314752
  0.79848043567796156  0.81118080620918476  0.82233286494515556  0.83106953664135463
  0.83957047503557503  0.84802954820739274  0.85803126480638658  0.86924129846314568
  0.88052425187524197  0.89142327149919964  0.90357596257897099  0.91677085799915647
  0.92783755008164492  0.93960444567921497  0.94994718881844109  0.95976448973965089
  0.96851795167557353  0.97767233121801422  0.98769855452062238  1.00000000000000000
 -0.00381419247137575  0.01567018917821493  0.03148247895611744  0.04276095922493985
  0.05287162730010750  0.06179983426272256  0.07209326887820564  0.08204321434372956
  0.09222221121888451  0.10335379729316092  0.11439128065329644  0.12723752262965021
  0.14035979753432562  0.15243411018829370  0.16376848363815635  0.17703952429667164
  0.18945314604304911  0.20243406701627040  0.21538179224941881  0.22693332905217237
  0.23663170761360447  0.24550337458424901  0.25767970967767478  0.26865424628350260
  0.27871158252751599  0.28912700392461466  0.29822343864047268  0.30753099869242079
  0.31950046191921450  0.33266686142790031  0.34521074150449171  0.35741720686251632
  0.37189777774561833  0.38442408564526953  0.39568601936235359  0.40677831203871700
  0.41686653030189563  0.42367086666815429  0.43156632486337165  0.43985853554358056
  0.44801473551981530  0.45835477132194408  0.47088918373033184  0.48399648557184055
  0.49762509226501589  0.51185995113720917  0.52650094445202944  0.54088649381857146
  0.55536454465565244  0.56522084288864960  0.57392460892388164  0.58200396344269290
  0.58983350646584221  0.59768670140823921  0.60684842430028629  0.61545144238951188
  0.62395721871253695  0.63321207525886170  0.64647397730590295  0.66117431557933326
  0.67324028105000511  0.68231543519465887  0.69081870804113321  0.69919227342850354
  0.70809161583377767  0.71712867599570140  0.72797449190395314  0.74217513324812656
  0.75403988726406246  0.76222898033187181  0.76883259644473867  0.77617007141504890
  0.78638809498917328  0.79704543649406256  0.80525659893891555  0.81398281833937680
  0.82365378641691767  0.83308699018600507  0.84182062337823005  0.85089900337658153
  0.86142204352154739  0.87237525326048548  0.88045061345130637  0.88642788174643172
  0.89199377249144673  0.89811090707323793  0.90498981681244173  0.91324151422905686
  0.92024818042031420  0.92634258193313646  0.93159694834289963  0.93825115229375311
  0.94963590311360480  0.96335520656646956  0.97928595411241348  1.00000000000000000
 -0.00195107183490602  0.00975642958517447  0.02180471533722698  0.03576395020700059
  0.04834572375864167  0.05776634332446937  0.06636012196565370  0.07552705345327235
  0.08618072570555835  0.09990685597912918  0.11451878669720215  0.12465405543624244
  0.13340300914050823  0.14171949924209354  0.15130852153988542  0.16337130135082317
  0.17828679060147054  0.19515942366421066  0.20810304348589076  0.21719376290476597
  0.22661386256856486  0.23723416793663102  0.24994988639830618  0.26352654744993059
  0.27516100512829139  0.28612355822460495  0.29736098270499867  0.30926776215577373
  0.32173402836119080  0.33406449121053894  0.34469695274264683  0.35365622598554924
  0.36250870624605891  0.36983995574104794  0.37648126027606493  0.38270629191045136
  0.38860205202339471  0.39446520372282151  0.40176737865180079  0.41147837489770750
  0.42267373266190894  0.43421743858766099  0.44581694065004057  0.45798631224269437
  0.47129169900292456  0.48480279071765026  0.49783621700335556  0.50937322739015900
  0.51879386963872609  0.52800961150660597  0.53760336081398030  0.54596310237549839
  0.55587259873279271  0.56964489710998734  0.58284030328318015  0.59397533261792601
  0.60470637426438023  0.61556974182973234  0.62878284096548953  0.64535350948014514
  0.65887479890921175  0.67000641907610492  0.68126190117077001  0.69130997988450538
  0.70065188090483788  0.70897121409061858  0.71693975751935191  0.72550626086318160
  0.73400759371423052  0.74301195821920163  0.75412085441820897  0.76793247109978646
  0.78378251846287972  0.79899753780450955  0.81351931760333751  0.82393488384170976
  0.83343132094176797  0.84286589646487087  0.85226713696133050  0.86483131043798211
  0.87559957939157207  0.88432147225164071  0.89181449203847429  0.89958337267245592
  0.90983012780163253  0.92210065445904599  0.93197057487415769  0.94400515909532245
  0.95698024246394731  0.96687894383975714  0.97388078624160512  0.97834811200115812
  0.98286803659372246  0.98873200998042743  0.99442870224422042  1.00000000000000000
 -0.00561622784602396  0.02297602633409700  0.03203383740670440  0.03830603374489839
  0.04452861322385188  0.05185507689743378  0.06202749732889429  0.07368313122652163
  0.08375679357126863  0.09390234446613985  0.10379429663046130  0.11792545332333294
  0.13341395989126581  0.14440150448012087  0.15606242085403185  0.16391628126974575
  0.17091701715086163  0.17826312168688488  0.18653588376602340  0.19344719655494963
  0.19953257946850408  0.20764173691218796  0.21669265122942816  0.22629987609129895
  0.23600861521415484  0.24497951105069823  0.25651742449712606  0.26751366411406652
  0.27796607334772661  0.28941702537674258  0.30060422424413114  0.31154820556726404
  0.32291397329175575  0.33368107278465570  0.34430985133629144  0.35587378859023872
  0.36777188803559496  0.38034290688664624  0.39071504912526134  0.39744263046892070
  0.40227796813666306  0.40844222227401916  0.41339262544525940  0.41801647123362118
  0.42315499679676377  0.42895871451025097  0.43596973626893026  0.44263672902210144
  0.44976739721498410  0.45778347671822472  0.47281706954144531  0.48966455592056801
  0.50183517116416954  0.51370847010980014  0.52810686339161694  0.54303205826534240
  0.55424648446796643  0.56668211645259625  0.57797573913311184  0.58714105090904323
  0.60069376632331473  0.61417460990999317  0.62699786810604885  0.64111737104001587
  0.65521229210079690  0.67039963157806282  0.68612318866141231  0.69971790929312294
  0.71118023295742794  0.72013793903312162  0.72709589955259357  0.73338402866246599
  0.74066960327907316  0.74779463202896734  0.75485613784094496  0.76142720044309908
  0.76829556665146836  0.77547423395673376  0.78334919214524179  0.79230093782486100
  0.80226044649367267  0.81254398640598136  0.82331759159302520  0.83469053201911048
  0.84549921857699784  0.85835111727756608  0.87185433342540353  0.88561936120544382
  0.89741096277220445  0.90801024523208118  0.91882082183650515  0.93279249511619555
  0.94947058303739451  0.96611742547257851  0.98283046953223818  1.00000000000000000
 -0.00380477232881208  0.01287056330777461  0.02610492432915505  0.03660640296130943
  0.04584455580604499  0.05340721532609017  0.06065372732509322  0.06872867295118361
  0.07482827729673733  0.08076773707094051  0.08592473169786838  0.09376593781074573
  0.10438643264316538  0.11792647597452133  0.13074966824578263  0.14030323535330372
  0.14846835931724092  0.15762495443153199  0.16692820192541752  0.17418028646232239
  0.18400921086850941  0.19211357146473321  0.20062217530399906  0.21120084191755731
  0.22232235439528408  0.23039016534284842  0.23673992644231120  0.24440602222026511
  0.25187495736657622  0.25836914769569308  0.26430327299899148  0.27109762503694285
  0.27971855102415327  0.28680387772350896  0.29394784144975195  0.30715678815482322
  0.32092329467909259  0.33300177209944576  0.34489899860313789  0.35588533563354580
  0.36548534296110297  0.37545009549972441  0.38636348578449065  0.39600981988956241
  0.40532495470637198  0.41657893993160050  0.42874027349216381  0.44127031410464934
  0.45235235377269961  0.46313588680370515  0.47298759784101202  0.48162579426928620
  0.49061498364815936  0.49881500283345537  0.50745887414976842  0.51754882712482164
  0.52583195565192131  0.53272462526525399  0.53883256212070985  0.54868638786815715
  0.56324661272013465  0.57621725603067442  0.58392013511004337  0.59220373371367541
  0.60042958299808313  0.60863615634465440  0.61809757955426270  0.62979015554105733
  0.64097923970403947  0.65108317185778508  0.66189320491088266  0.67383312879426949
  0.68216655762771494  0.69260392112126745  0.70390167587381680  0.71378083095759126
  0.72963640846076228  0.74730356976216472  0.76388828812317244  0.77995085133019859
  0.79362032552732964  0.80628436741090559  0.81806794732903487  0.82970589157196006
  0.84139225940459805  0.85200763716763306  0.86411556322011307  0.88050545207834585
  0.90017338742290776  0.91929105257021748  0.93566896966967450  0.94661262960292170
  0.95671177274357044  0.96596194971465488  0.97675552497719287  1.00000000000000000
 -0.00303065696084124  0.01546762949321575  0.02568190036732551  0.03249988569305578
  0.03916758485601911  0.04758116550724353  0.05905472485232434  0.06761981020462113
  0.07585212195154346  0.08361652433236272  0.09253506298752188  0.10297759216933770
  0.11398092818375230  0.12518365766208764  0.13604940880227656  0.14517295396961818
  0.15208761183553388  0.15767738183499697  0.16479234339134238  0.17178599614956003
  0.17755846964789240  0.18364819791425555  0.19121513994981637  0.19851121330034921
  0.20622878012015650  0.21529983726143881  0.22453171826895310  0.23393833899314165
  0.24321728689225591  0.25209522619849412  0.26224972686316428  0.27403644489825180
  0.28417373307672222  0.29688379605054244  0.31131833136344744  0.32527257357352485
  0.33774822197585608  0.34969620865945933  0.36255671981918935  0.37860443110097941
  0.39556627880395639  0.40931632146876373  0.42252300394400866  0.43457784310195147
  0.44734869204496475  0.45763383615228354  0.46791217745703867  0.47757292047660632
  0.48907016156563632  0.50290497335909634  0.51182548125497507  0.51958615528987262
  0.52719990946024886  0.53637082781119738  0.54908682749896875  0.56121817913806937
  0.57285815087735747  0.58449819587718999  0.59574647122343194  0.60771224329990214
  0.62106036593734937  0.63344155906332789  0.64265297490581474  0.65251409735428290
  0.66281252142727798  0.67206805673177872  0.68317401199225236  0.69298036112006645
  0.70184949984807610  0.71220714243960659  0.72344783873198759  0.73429222680198525
  0.74770606237310600  0.75996481073281374  0.77014445960200406  0.77889118406042834
  0.78758644978224801  0.79512895301465125  0.80414210460570335  0.81367358133046486
  0.82372836622303869  0.83476579961534092  0.84743404959365043  0.86389620147115020
  0.88016496289806911  0.89367229626099454  0.90379270845347781  0.91260011171890576
  0.92174319585205255  0.93121210887292627  0.94175475970837175  0.95538299954167794
  0.96799466610233165  0.97867881386368416  0.98972687243201773  1.00000000000000000
 -0.00519748093187208  0.01919923799925534  0.03497657782323697  0.04549346667302007
  0.05514288866989803  0.06473810042414596  0.07341966074260430  0.08125838018498735
  0.08954879916557359  0.09931021905962180  0.10864053454652195  0.11792723327592280
  0.12698132366934844  0.13900370762508632  0.15406081452615519  0.16977222471454678
  0.18441590222128640  0.20097153584334435  0.21399718402779544  0.22312931825593812
  0.23461657580035952  0.25119476040552952  0.26706065056693362  0.28066187970171719
  0.29372555563543995  0.30743051131304405  0.32148507929885717  0.33473864337271919
  0.34814733241113144  0.35669766616421339  0.36324630312327322  0.36926150933593599
  0.37637732515213107  0.38224960687911402  0.38654767090859915  0.39130375604618961
  0.39870280966464411  0.40706540917056083  0.41356364079126640  0.42293722799932248
  0.43536058332849026  0.44750480540194038  0.46031025797884495  0.47441411096971203
  0.48997180628062365  0.50787531129160679  0.52140543702450226  0.53362787919191856
  0.54531637669489497  0.55609301434131253  0.56661264294962355  0.57750265898130260
  0.58759658435761397  0.59416659026669649  0.60066477932996887  0.60760473769204171
  0.61526944009202256  0.62377450900061593  0.63813261914375852  0.65270489537801513
  0.66379438342602715  0.67451752471418736  0.68482215404214564  0.69367366554685661
  0.70169484174184016  0.70972500409051287  0.71883260202454868  0.72481248648021435
  0.72984640115606214  0.73647782470428691  0.74409104822697125  0.75355219202892676
  0.76409995869383718  0.77545510979470267  0.79034853329574695  0.80789399461001665
  0.82373764138266659  0.83742399839550152  0.84889575265523576  0.85768231551151231
  0.86512325602669671  0.87255559776801228  0.87941215731206746  0.88658605034584281
  0.89386468164475941  0.90064420569681503  0.90949432960256138  0.92019415793103232
  0.92940703783895839  0.93745330209062050  0.94446517744848479  0.95394902297066020
  0.96619270865041251  0.97864667590249277  0.98973963783848151  1.00000000000000000
  0.07260538632355387  0.07511033703050962  0.07763175794593066  0.07825471634879792
  0.07896522886265904  0.07954841725789806  0.08011015905514285  0.08060788937020055
  0.08116001721280720  0.08178277601327952  0.08301921458901805  0.08464771036822914
  0.08655337007321164  0.08838686646356923  0.08953208084009517  0.09051469341173549
  0.09152078924252591  0.09237886858082325  0.09330759198227938  0.09453829196789253
  0.09580938909842332  0.09689785538706296  0.09789775029746295  0.09895100299606158
  0.10004410767099051  0.10124890609430351  0.10237599745645518  0.10349631197069345
  0.10459512446269578  0.10571419743549638  0.10677399584542263  0.10778319374752846
  0.10898412638012193  0.11012531458404574  0.11112942169588844  0.11219707191614393
  0.11335106821901467  0.11453579323794190  0.11587530735245681  0.11710462975178608
  0.11820073841363075  0.11929527952493778  0.12030011498079342  0.12132693432323241
  0.12259712425025335  0.12394971897240081  0.12557895606201547  0.12728702544551002
  0.12919612311718706  0.13117220226913159  0.13299734224106011  0.13481005768524770
  0.13655852075949995  0.13824382067135624  0.13989263177156461  0.14152812379375385
  0.14314468658025895  0.14470667651835134  0.14631501931617569  0.14785202597507111
  0.14940471709141948  0.15111108738106777  0.15282089554846051  0.15438597477040913
  0.15583426868935732  0.15745240813874387  0.15963185279258874  0.16272498098588317
  0.16676301186993728  0.17011686647851856  0.17288817656154107  0.17547741868928135
  0.17835265755741339  0.18163488189514085  0.18451461526580540  0.18740686507054105
  0.19021346664294839  0.19294951932139648  0.19551175817829480  0.19870197077001642
  0.20222456497319377  0.20611070792225397  0.21116632652054462  0.21726138957894869
  0.22378941473872627  0.23006088310456788  0.23615764212479501  0.24360904097214414
  0.25529690225347951  0.27023586135136296  0.28487582756878571  0.30192500197600874
  0.33375943801392360  0.39055456560373919  0.85753500102246449  1.00000000000000000
 -0.00156598595159829  0.00719089839003005  0.01562759813227364  0.02337972533056972
  0.03299231853643794  0.04271165543911954  0.05267547197977673  0.06341819146625460
  0.07462162916003881  0.08927014573720907  0.10696911745962037  0.12385473592831531
  0.13473580529653573  0.14532214174997671  0.15474377243602716  0.16279680140359451
  0.17191564447643115  0.18232733889089486  0.19364571590950294  0.20556771686863570
  0.21863899877913801  0.23289820640240877  0.24741156929988800  0.25980265611273234
  0.27327223607056955  0.29049353613323509  0.30920067255016570  0.32463331899613118
  0.33321274139427243  0.34035316404296712  0.34709195372957957  0.35321404160312625
  0.35895877944440563  0.36612626667634590  0.37412729460681088  0.38195766194105096
  0.38980046895571602  0.39731177390994288  0.40284602298664540  0.40881681885308740
  0.41601807059149543  0.42539576777662952  0.43648507538132741  0.44777360149458506
  0.46105967698160111  0.47506947820792034  0.48850581125729114  0.50269028209035316
  0.52021982790045806  0.53637955645250857  0.54878206795914652  0.55851107495320473
  0.56909822189348958  0.57994945236877704  0.59051077146479303  0.60117692934179978
  0.61085781574568832  0.62111864947028417  0.63319804218367770  0.64610260229523420
  0.65706762647625905  0.66548812869372642  0.67216700905404159  0.67815319057161116
  0.68532900875706093  0.69294635258447568  0.70028597327219644  0.71332307635286785
  0.72744179004428422  0.73878504503459175  0.74869448361073487  0.75827796949993054
  0.76710553317373120  0.77631483375852661  0.78378057625178199  0.79143527792352986
  0.79994712315079675  0.80839396282239895  0.81802322266037508  0.83084001619398229
  0.84522251207859189  0.85595502281368285  0.86355147469851889  0.87001489388247188
  0.87610761085220346  0.88258452770067586  0.88919060468177735  0.89627479631127316
  0.90368562807995489  0.91068550992494135  0.92153999710971135  0.93739003065063919
  0.95339051624316540  0.96984165249663612  0.98603602391206990  1.00000000000000000
  0.16259086801169553  0.39756862729631437  0.44018173895008739  0.47401041085674528
  0.50155864452903176  0.52056597346168121  0.53760128317241518  0.55118429811934677
  0.56370085442317308  0.57506414137743223  0.58696145624820428  0.59332067982114989
  0.59936218506796113  0.60543178160094446  0.61159299432706959  0.61826783907535232
  0.62633911945611598  0.63451717201960378  0.64196946949957368  0.64757813044865775
  0.65317046059248141  0.65833007972875957  0.66359139623666241  0.66961947627558860
  0.67594445599898978  0.68281432574726031  0.68949117959979667  0.69458355912176006
  0.69872700258507847  0.70227185195719666  0.70559354554866427  0.70908706226566742
  0.71333929267140983  0.71830919249786451  0.72384467790322360  0.72898639113976449
  0.73327192494125759  0.73708801700213611  0.74061276978640411  0.74435503318284302
  0.74810369700537138  0.75090926451637430  0.75291434371584087  0.75516353455224960
  0.75722722956383848  0.75924933923700477  0.76135415728799782  0.76454335199051993
  0.76640704434039009  0.76852768878401334  0.77081700527676522  0.77329896420145716
  0.77602542455176848  0.77911307007698749  0.78231464144338736  0.78449980487601711
  0.78589145410887151  0.78713749221868623  0.78844993229709026  0.78992311322226483
  0.79246313189368056  0.79532621413165483  0.79823345974857274  0.80097292474141502
  0.80360405116563172  0.80583402911063495  0.80800125174721837  0.80995878753127304
  0.81208088521290311  0.81582116705861862  0.82099016534681524  0.82573345825148792
  0.82958911471680863  0.83297508129390574  0.83619888997831660  0.83958679749570853
  0.84357037238214017  0.84847459527355040  0.85325309273606342  0.85788514574082897
  0.86254786184352317  0.86727309294850696  0.87119601435050875  0.87507975034666574
  0.87887300080503339  0.88245689992015963  0.88654869379249390  0.89078193287077101
  0.89500219382012569  0.90056878262212370  0.90646976223519138  0.91292980258872181
  0.92050228667854239  0.92917524387813899  0.94369958881075078  1.00000000000000000
   5.5745949865473759E-013  -1.0000000000000000     
 F F F F F F F F F F F F F F F F F F F F F F F F F F F F F F F F F F F F F F F F F F F F F F F F F F F F F F F F F F F F F F F F F F F F F F F F F F F F F F F F F F F F F F F F F F F F F F F F F F F F F F F F F F F F F F F F F F F F F F F F F F F F F F F F F F F F F F F F F F F F F F F F F F F F F F F F F F F F F F F F F F F F F F F F F F F F F F F F F F F F F F F F F F F F F F F F F F F F F F F F F F F F F F F F F F F F F F F F F F F F F F F F F F F F F F F F F F F F F F F F F F F F F F F F F F F F F F F F F F F F F F F F F F F F F F F F F F F F F F F F F F F F F F F F F F F F F F F F F F F F F F F F F F F F F F F F F F F F F F F F F F F F F F F F F F F F F F F F F F F F F F F F F F F F F F F F F F F F F F F F F F F F F F F F F F F F F F F F F F F F F F F F F F F F F F F F F F F F F F F F F F F F F F F F F F F F F F F F F F F F F F F F F F F F F F F F F F F F F F F F F F F F F F F F F F F F F F F F F F F F F F F F F F F F F F F F F F F F F F F F F F F F F F F F F F F F F F F F F F F F F F F F F F F F F F F F
  <DiscreteSampler_grid>
  grouped_processes
  1 # 1 for a reference and 2 for a running grid.
  10 # Attribute 'min_bin_probing_points' of the grid.
  1 # Attribute 'grid_mode' of the grid. 1=='default',2=='initialization'
  0.0000000000000000 # Attribute 'small_contrib_threshold' of the grid.
  0.5000000000000000 # Attribute 'damping_power' of the grid.
 # binID   n_entries weight   weight_sqr   abs_weight
    10   10   4.176118403643903E-003   7.285250929317202E-005   4.176118403643903E-003
  </DiscreteSampler_grid>
