  0.00325577181603384  0.01398172304425578  0.02694197681533888  0.04147118451246336
  0.05295677249237893  0.06383759548152262  0.07422879386567806  0.08485058327270659
  0.09347163396333975  0.10015748489936575  0.10799370719052349  0.11828872764090816
  0.12436122513279022  0.13011567956725628  0.13527510701286599  0.14120362040720449
  0.14938168152012576  0.15686078234424600  0.16290026172221944  0.16978571176700652
  0.17731906826504404  0.18999678557565705  0.20849132828615785  0.22318079416489781
  0.23735771366206213  0.25307319255052885  0.27362108557675047  0.29074065154853768
  0.30496298740004152  0.31703298793841250  0.32677352617438477  0.33643582169082942
  0.34687289224385437  0.35984815972468059  0.37197969886612037  0.38260355237521282
  0.39195023131221018  0.40273551294443016  0.41316374071983791  0.42484125401246386
  0.43336586747724953  0.44210036501260042  0.45119240057217486  0.45971497814950157
  0.46825162053950442  0.47930514264547019  0.48737177515077856  0.49596566753370364
  0.50529232197016416  0.51372863200197993  0.52054438464897956  0.52685444467032405
  0.53378637606189139  0.53932578688748034  0.54607512558097160  0.55353759130252167
  0.56344638504502476  0.57439754265244247  0.58405966749486249  0.59010703851188417
  0.59539127348405829  0.60198936214160037  0.60851037882786585  0.61457689061471554
  0.62494913661594509  0.64059282027225428  0.65187397917558887  0.66069596393275454
  0.66661934850003490  0.67198018588830666  0.67901522805412329  0.68607206947450550
  0.69208936388181941  0.69807456615374242  0.70465848493779071  0.71282601496508757
  0.72714439500102723  0.74283721254580160  0.76031090698825243  0.77647195148618620
  0.79282519566929366  0.80915985229117304  0.82326056241149670  0.83640909318963941
  0.84928544715469068  0.86235858343106098  0.87608511689368740  0.89063180862465696
  0.90403661237795396  0.91711794289727699  0.93128872933506235  0.94537740687224803
  0.95749016354142247  0.96911893959965723  0.98243768480534444  1.00000000000000000
  0.00832427719344380  0.00925204422292841  0.01018312743434046  0.01112509526102533
  0.01209426617124832  0.01327975248456719  0.01456096346010867  0.01644759275914935
  0.01867124642733883  0.02105425598348099  0.02366490266128818  0.02680844827308257
  0.03103581245927527  0.03607825066895668  0.04153163224289249  0.04535586709605322
  0.04908665898875175  0.05277634629369007  0.05608867111588046  0.06001696586075267
  0.06664569597016101  0.07601291393021523  0.08724851413085338  0.09788268333716547
  0.11116722341202348  0.13168542957939067  0.14930120287742529  0.16564218530614100
  0.18236363736545727  0.19977644380553874  0.21787465390706429  0.23360008892114045
  0.24746096250848723  0.26176164386055484  0.27857007595079086  0.29319836277300643
  0.30557086268314643  0.31530348552414811  0.32503325473246092  0.33761585623215057
  0.35813398649952527  0.37149411390705900  0.38394269253357072  0.39580792867787029
  0.40379863906979091  0.41292989606234254  0.42423964675378850  0.43833295096630021
  0.45503487148884975  0.47547580892365998  0.49561255167173868  0.50683124113300060
  0.51874581170546341  0.53019661687894681  0.54020461254073004  0.54977962553380089
  0.56332670237638871  0.58405294989076728  0.61498779992558439  0.64926322414446491
  0.67070878316814320  0.68126145614025846  0.69172494087965253  0.70350573648578463
  0.71646796459799666  0.73159470276130945  0.75117696367036635  0.77104562920179909
  0.79900540832192080  0.81967219811665570  0.83761262429298733  0.85580699554314443
  0.87559745039529135  0.89303705715219717  0.90868574339798747  0.92238181896976135
  0.93384695935546547  0.94382436661726921  0.94966034511304431  0.95412157375911344
  0.95788753304382601  0.96107907731423003  0.96409113024501902  0.96694502661465698
  0.96972963089428887  0.97310923013154960  0.97671840486616623  0.97979250350620273
  0.98224194525415476  0.98448517056888096  0.98628415706842154  0.98769533106281415
  0.98889601341509481  0.98976903531734084  0.99059261106883822  1.00000000000000000
  0.00323265438619147  0.01478021838136431  0.02606029869132992  0.03641316444212517
  0.04836019053580543  0.06438418355024776  0.07366335892984337  0.08224066823710964
  0.08806013983905688  0.09300637839993127  0.09954140033862585  0.11093082296978576
  0.12230576291901087  0.13000360736121935  0.13596454598809077  0.14272176622353747
  0.14921450491696150  0.15375576256010617  0.15813523516882239  0.16293846507250184
  0.16882345642900989  0.17732107864713736  0.18867520003471741  0.20367830795413822
  0.21370247388682809  0.22073953317322126  0.22724162884450608  0.23410193502229190
  0.24021304644115488  0.24807155378186246  0.25754364296433568  0.26760916926628198
  0.27831268733523229  0.29242599158451477  0.31197747159017392  0.32680648763943698
  0.33920943670785836  0.35144953952480767  0.36454467017940440  0.37820386320198274
  0.39034144396875170  0.40156985361054698  0.41334811346143085  0.42204024126351014
  0.43070448916185289  0.44096868543508316  0.45269584345809705  0.46587844181097759
  0.47860097535499069  0.48902462789719109  0.49945472214386871  0.50896716578601187
  0.51689252614749925  0.52481358994322702  0.53178117705249894  0.53738399623053601
  0.54413435272692068  0.55103199687469973  0.55743643427884859  0.56380089236815045
  0.56948757943639705  0.57477747573379512  0.57958088843979316  0.58535023799023644
  0.59626683385752599  0.60698642056434249  0.61829285947089918  0.63118829411660493
  0.64439312316106379  0.66045438814631618  0.67809855052778645  0.69502792159231674
  0.71082281960504845  0.72649838975804282  0.74290611140221208  0.75743062991963017
  0.77020382349949190  0.78270256148006534  0.79339621310431796  0.80185478954254119
  0.81047945025738344  0.82160796033161698  0.83620625877304544  0.85024415968992761
  0.86603569738428576  0.88098995657180668  0.89459910993966230  0.90630700041906964
  0.91745110585837741  0.92628267846406176  0.93423119533751597  0.94386123014604084
  0.95511802462656270  0.96719819649113037  0.98167817800934409  1.00000000000000000
  0.00850724575419160  0.00893560655281843  0.00983980848116356  0.01101698434042923
  0.01241628463082550  0.01398937478305864  0.01574378005033487  0.01769900359258579
  0.01963909075577357  0.02173361329835007  0.02391212572327365  0.02640491471873712
  0.02870324396815230  0.03260137247078827  0.03664855014793663  0.04144065071831480
  0.04677412791546599  0.05215936400017923  0.05766163986424260  0.06585598049102526
  0.07928351926371802  0.09292653628899940  0.10357788983033446  0.11316759425240391
  0.12163850256949661  0.13142885620931016  0.14401199095853881  0.16220827941832175
  0.18332195424629663  0.20026454820588491  0.21732875280472524  0.23198037349493608
  0.25091643050765250  0.26797482924213112  0.28327798045749525  0.29698759894608667
  0.31219701283619683  0.32913779639976370  0.34704012110483889  0.36946909806762118
  0.39205857569520874  0.40615803773922282  0.42133669506204996  0.43712096279601387
  0.44969629769517488  0.46302947547263390  0.47891369328404909  0.49743756846785980
  0.52158920000359654  0.54145061608802980  0.56034382772787983  0.58063744970696562
  0.60383715345914024  0.62188058244371691  0.63458033134669378  0.64941301119706263
  0.66523817212586955  0.67557990396208434  0.68416422884672068  0.69244665342052214
  0.69804141468147995  0.70282265577763381  0.70726729571324953  0.71092327438781622
  0.71967017637201469  0.73275194032644941  0.74474828240722990  0.75720700285944598
  0.76904444546029871  0.77991305419216295  0.79383974708717076  0.80696341993712095
  0.81898644964600975  0.82830678136988811  0.83409131718393936  0.83975918376962011
  0.85087176553340371  0.86428043185767256  0.87834482855192375  0.89671722253214547
  0.91316648043437054  0.92505943615277531  0.93361780046524578  0.94078381951835377
  0.94788947057846484  0.95489582589735000  0.96133049608466248  0.96708779361610531
  0.97147418031914334  0.97503982487036533  0.97857553485983728  0.98208483494439824
  0.98541834384075999  0.98835387889863457  0.99097893846272211  1.00000000000000000
  0.00000001073323163  0.00000001115853483  0.00000001145173719  0.00000001172812750
  0.00000001201527207  0.00000001235058852  0.00000001273823641  0.00000001306705633
  0.00000001336048530  0.00000001365112804  0.00000001395924496  0.00000001430882469
  0.00000001469258813  0.00000001509082462  0.00000001548600685  0.00000001587612230
  0.00000001625892415  0.00000001670871754  0.00000001707260339  0.00000001738202084
  0.00000001771886933  0.00000001798877139  0.00000001823543847  0.00000001851796369
  0.00000001879701777  0.00000001910908362  0.00000001957687069  0.00000002003098236
  0.00000002041003820  0.00000002080681685  0.00000002136172508  0.00000002183694854
  0.00000002231450048  0.00000002274960220  0.00000002317584312  0.00000002381740627
  0.00000002489793475  0.00000002617433898  0.00000002732285482  0.00000002823520178
  0.00000002909156373  0.00000002994411662  0.00000003084898595  0.00000003191089771
  0.00000003309392130  0.00000003443012901  0.00000003595103693  0.00000003777569117
  0.00000003972691700  0.00000004149126558  0.00000004321411616  0.00000004495568749
  0.00000004679926658  0.00000004884443239  0.00000005119070907  0.00000005352352587
  0.00000005604273396  0.00000005869387066  0.00000006162411050  0.00000006538763798
  0.00000006957391382  0.00000007398984772  0.00000007829826605  0.00000008238051668
  0.00000008762388620  0.00000009291423727  0.00000009822465624  0.00000010550426456
  0.00000011420276056  0.00000012454853408  0.00000013697672983  0.00000014861170023
  0.00000016169137185  0.00000018275114529  0.00000021221222310  0.00000025460823609
  0.00000030190521353  0.00000034764391328  0.00000039852755589  0.00000047440621002
  0.00000064132426926  0.00000098591363141  0.00000138815878323  0.00000200473308207
  0.00000310776352092  0.00000621107322334  0.00001807368481145  0.00007423395508345
  0.00028929524975746  0.00099079545879623  0.00318845683425993  0.00815625675637274
  0.02425913641740030  0.10767170344556387  0.46907418804195999  1.00000000000000000
  0.00223462051440085  0.00482999281148213  0.00688164098933074  0.00826300050086484
  0.00910713375913369  0.00967490014350388  0.01031246975615928  0.01098307327426395
  0.01181265893124260  0.01263924210327929  0.01361911478643862  0.01461189069111854
  0.01544366977159944  0.01622463593265835  0.01701359398352709  0.01775595916026581
  0.01862691469138415  0.01963725431839431  0.02097370422378316  0.02226919296615348
  0.02361261984362149  0.02485826222510337  0.02613691006015977  0.02745966847196690
  0.02866033521981526  0.02967462791046872  0.03059058457401709  0.03144032898879708
  0.03225212050017336  0.03336895861269193  0.03476588986726909  0.03611728692942030
  0.03710789241928907  0.03822305593766553  0.03957604659426566  0.04116871088441822
  0.04291900124100075  0.04448133833560346  0.04574207361872454  0.04726719395369587
  0.04894844380120525  0.05046811779005756  0.05190032529742265  0.05337143713936104
  0.05517668627091094  0.05703294805970747  0.05912221919412073  0.06148479012002307
  0.06400883299248489  0.06679929423528977  0.06893208348534889  0.07033832713266121
  0.07158003368681888  0.07272554715514677  0.07396323729463172  0.07597769742292231
  0.07809938305701357  0.08090243272113563  0.08482811251994879  0.08992258572132802
  0.09542592787315783  0.10068112145925297  0.10553697794300876  0.10978659317245669
  0.11462335573804242  0.11946194762600229  0.12441961123746233  0.12911502358320334
  0.13137153654034595  0.13362804949748858  0.13616110238251020  0.13878009708817740
  0.14139318189705863  0.14399794714005457  0.14664505155907884  0.14986714034891147
  0.15319282305259596  0.15661351530397769  0.16000595304171453  0.16424705570226109
  0.17310591636356903  0.17939063825871096  0.18543864915106181  0.18931230034238178
  0.19493011655215164  0.20231421448272835  0.20710047309980598  0.21303047196547295
  0.21908735353159062  0.22549760902509083  0.23332931632138301  0.24731959758538147
  0.26598635063523363  0.32332853582583554  0.65042247685382604  1.00000000000000000
 -0.00216576987407265  0.01171103356600187  0.02660587623179950  0.04049157831227754
  0.05285870732461966  0.06512055251861314  0.07735029547512035  0.08729364917423985
  0.09302694828699330  0.09771016055450228  0.10319715065674635  0.11013741328539839
  0.11883536703228456  0.12578495967567993  0.13457472388124592  0.14272050951702547
  0.14932267955358150  0.15904383182366713  0.16779971156310552  0.17621248919242199
  0.18503627793228597  0.19487884338171479  0.20306631499028066  0.21362761170271052
  0.22554865068309118  0.23567752493182251  0.24728490502955305  0.25763669089586483
  0.26479286995768869  0.27376733676918169  0.28309814136902689  0.29061440519413112
  0.29798151935574424  0.30487214099171506  0.31322400410500284  0.32306823865793893
  0.33322471917912844  0.34405066148658947  0.35586768542022307  0.36580612368378701
  0.37571139652631697  0.38603729255895330  0.39605763917504011  0.40401686788721020
  0.40847409979976645  0.41201344472489376  0.41691292679006375  0.42298076769708692
  0.42934565947584907  0.43622463916709781  0.44505908476084655  0.45445023608722446
  0.46422532725441767  0.47552059730004381  0.48588907558699967  0.49441437778601149
  0.50209994667465874  0.50913086465933499  0.51628990617620951  0.52440074795990921
  0.53305491082534007  0.54330915135684676  0.55344969223028839  0.56354246556228238
  0.57356099677995709  0.58571673102975630  0.59890876190575160  0.61283381533178793
  0.63039871204467612  0.64551852129026555  0.66008021351691692  0.67260172877443747
  0.68322997366402227  0.69325018989201492  0.70359382032353401  0.71275119351233140
  0.72276789961295562  0.73481066567658937  0.74909865698021638  0.76510411569775216
  0.77627551354618629  0.78738304729578090  0.79834098553305244  0.80984734942052872
  0.82076669820690396  0.83127696158006126  0.84482376395306236  0.86274585654209446
  0.88012486957074776  0.89609507811895517  0.91075511439850065  0.92660902679778956
  0.94325165692197799  0.96193143982854457  0.98178211494484191  1.00000000000000000
 -0.00319132621479969  0.01330617433780336  0.02266934085546471  0.03211990192277971
  0.03898977433160251  0.04635129789717540  0.05398781748686573  0.06190958051869154
  0.07559293099124226  0.08976719990773174  0.10279020716200840  0.11410446106053954
  0.12407124306384788  0.13172625626501308  0.14097265286749164  0.15053253127764304
  0.15918551379418161  0.16720032596749945  0.17610668442650215  0.18571962601862158
  0.20201840546119043  0.22042135876825356  0.23663121389872108  0.25015411763074563
  0.26099452047475818  0.27089667938312889  0.28061173514496685  0.29171687131700674
  0.30186282425349448  0.31310876308694280  0.32439330163431140  0.33498379128777289
  0.34452762105106433  0.35486909209097151  0.36438899993771129  0.37521543177561140
  0.38968618032509167  0.40874908925376502  0.42633066724167368  0.43662439868321412
  0.44732262187364674  0.45706919338418694  0.46469138591443077  0.47390405437474309
  0.48540016136634445  0.49931228108764675  0.51555922984407510  0.52698817683836918
  0.53838625849325739  0.54974802734527739  0.56089431546584634  0.57239432107374200
  0.58823099403872658  0.60462610957454577  0.62029508644008113  0.63794852605626795
  0.65123211317148111  0.66175773225676449  0.67202244216565032  0.68144513666907847
  0.69072994250517428  0.70166324436152461  0.71380424298518230  0.72190797292245401
  0.72909139216897767  0.73594102032305175  0.74324053159029646  0.74997566939494664
  0.75716311119661517  0.76570998735386886  0.77593148006199553  0.78368821175794390
  0.79141820755324388  0.79968851090288728  0.80842061761358308  0.81602116648943235
  0.82227745255935447  0.83592899818509081  0.85058508936714783  0.86200524832415704
  0.86833674556746954  0.87447782807039043  0.88072876120149990  0.88840219043067215
  0.89603892374179150  0.90643662652770263  0.91833034703928740  0.92799913335247319
  0.93546411741409052  0.94292662473151112  0.94975362084256920  0.95596594770285193
  0.96457958192832216  0.97447353007449400  0.98639703253264510  1.00000000000000000
 -0.00246433897810360  0.01054995209706759  0.02261947122293080  0.03369287486202804
  0.04902368848966947  0.06760289989970805  0.08425844007097956  0.09563959829816833
  0.10826039341112564  0.11969836376100904  0.13000544928680771  0.14002351507751629
  0.14985284528935383  0.16052253688438897  0.17135252760282213  0.18302477804977463
  0.19688040589159969  0.21327019664359984  0.22998938980297493  0.24627343933605816
  0.26098848528622154  0.27407924719291105  0.28587666297552805  0.29632804881504238
  0.30573340895933676  0.31387718194806896  0.32124137700567085  0.32730489969858784
  0.33318579292585432  0.34096990770983637  0.35075360382373610  0.36663042837084409
  0.38619099774598675  0.39958526240510561  0.40598083922508160  0.41333465224137522
  0.42294176157842217  0.43374842205033182  0.44396872055139752  0.45229720826648734
  0.45978491884557965  0.46779759949134625  0.47692839606391302  0.48842348654781442
  0.50106732634890194  0.51067190517160277  0.51793474620207802  0.52480359743070271
  0.53228958581863162  0.53980020028985753  0.54975682763164380  0.56025212284113068
  0.57466012241309350  0.59070924930411539  0.60741114903206239  0.62297101298454705
  0.63714507944174470  0.64742852978071752  0.65151706105274720  0.65607613393381559
  0.65994925157268802  0.66403645802362932  0.66942717824365872  0.67922295591207860
  0.69234889366010133  0.70450994012644352  0.71548389571018345  0.72573586451297589
  0.73673998658338957  0.74745571171298220  0.75709313202633832  0.76707534888339202
  0.77815989570330579  0.78902598928580980  0.79905088164723181  0.80950280475114467
  0.81940722987953130  0.82922438099819129  0.83821048605980231  0.84684100377507798
  0.85630147245829347  0.86708180836988802  0.87731508304742500  0.88726191449784031
  0.89622326105387395  0.90684391436251111  0.91847979636019217  0.93147970981860606
  0.94019788365743329  0.94905829880503789  0.95742580490422968  0.96560072844648337
  0.97362670410972929  0.98026329738981632  0.98937677461538320  1.00000000000000000
 -0.00433217098841857  0.01586288985685067  0.03137223190406074  0.04487051009107138
  0.05874515347938512  0.07146568566381939  0.08251244760954062  0.09324585373017372
  0.10407753544379103  0.11544369460052270  0.12937719760125158  0.14513209447619763
  0.15866794464817177  0.16807403778104354  0.17678627780655687  0.18577373330826999
  0.19634668230586685  0.20790808865688368  0.21944522990962995  0.23003793813763590
  0.24238129064779729  0.25660972864964560  0.27412053424507155  0.28819158987101084
  0.30091266868080008  0.31434038512911500  0.32672832013180159  0.33948127612002510
  0.35162558561557872  0.36166423845156637  0.37191245097009246  0.38449139042677288
  0.39954982869046829  0.41632188250965846  0.43331619309994274  0.44893117557185047
  0.46006929807839675  0.47107575661970941  0.48191319022729556  0.49231442257564434
  0.50315306323075970  0.51421253878127293  0.52530564856786199  0.53711870395374428
  0.54914289917320158  0.55582677047317097  0.56101906134136204  0.56668533239515984
  0.57257267615612362  0.57802948232281115  0.58704013601797844  0.60465698762833286
  0.61449247888028202  0.62126407697210273  0.62730281134244348  0.63454565564714860
  0.64546205905974308  0.65605107638472515  0.66129737334688754  0.66789013632238614
  0.67515687067110186  0.68315741001299923  0.69135322389926512  0.70430991257931841
  0.71532611666968493  0.72580944250751900  0.73528874414872636  0.74587947467623916
  0.75406903832903338  0.76066946952177450  0.76666784878707994  0.77254705360897891
  0.77746164803809270  0.78365406584411501  0.79409772815942548  0.80467376365611609
  0.81614435017353304  0.82930556301146297  0.84385818039422578  0.85793244274110125
  0.87237449355240471  0.88162743221549233  0.88964071852988147  0.89790905249492414
  0.90594662486062238  0.91596290675184833  0.92657547952876806  0.93596503854630408
  0.94340136175687872  0.94944370410513890  0.95757722737937545  0.96821431905230637
  0.97770586446113950  0.98440931464154735  0.99148279324562605  1.00000000000000000
 -0.00573483678172765  0.01371516682180930  0.03143567462184774  0.04652273845289909
  0.05533949653838937  0.06712978811685687  0.07660447316559532  0.08678071550928833
  0.09805305493165878  0.11399561363062068  0.13546182797038950  0.15381187064368085
  0.17097066981709921  0.18963075587450492  0.19910349781516434  0.20581113089188324
  0.21323763590791461  0.22099161110367352  0.22936131967023143  0.23793142717061175
  0.25135260304994478  0.27083794110960396  0.29026240977801715  0.30931234050791212
  0.32575453279264094  0.33912840201206534  0.35100330935533769  0.36305897980675006
  0.37517267182200187  0.38430745160376689  0.39280721566648513  0.40205860962514284
  0.40955733204195949  0.41612106955010864  0.42534269166595573  0.43521211437126983
  0.44345511611924776  0.45085934602446270  0.45830017607226597  0.46579052891392947
  0.47471091673996441  0.48127266434982491  0.49028497746526140  0.49804327939525705
  0.50487061793418997  0.51273074690210585  0.52055382173902431  0.52935081822019214
  0.53980556814937852  0.55164881463014714  0.56306695522709505  0.57131401094331635
  0.57906412188116474  0.58642468841727324  0.59290742056255530  0.60251826672887854
  0.61511156766277064  0.63093470260985363  0.64715687072162875  0.66065213125226774
  0.67072541550214393  0.67968349053881505  0.69101397613934101  0.70368884106931562
  0.71248115817838420  0.72027337143664860  0.72911276374161826  0.74018804699782703
  0.75266423637864666  0.76794867320950799  0.77588995248182691  0.78223964423387238
  0.78860046755224944  0.79576101332725735  0.80359022628792653  0.81280105104498501
  0.82177100416027105  0.83019932507350347  0.83883397172637264  0.84822383849071770
  0.85710841315589303  0.86650937874374723  0.87688075861738191  0.88752394080415797
  0.89704298432414653  0.90560822850194234  0.91490153694276311  0.92619589563378713
  0.93760108846961598  0.94806319897343183  0.95805730645740406  0.96748463705247700
  0.97628038731592059  0.98376857417876229  0.99079298328085785  1.00000000000000000
 -0.00355724386154284  0.01344966511311037  0.02916347230327711  0.04201956442825739
  0.05154552627993114  0.05975429637847633  0.06786678984516571  0.07511643746195468
  0.08296941005744023  0.09167200869793229  0.10217950169280288  0.11571832987459663
  0.13176753815476819  0.14582891269428006  0.16134095407807286  0.17358431475590766
  0.18382957469684266  0.19167000626945496  0.19802803169097449  0.20465109830503336
  0.21241003093631453  0.22140173788367720  0.23348449153468026  0.25052232212713127
  0.26597083914807695  0.27958097754506750  0.29520476442160948  0.30816676865296772
  0.31760001500687218  0.32409948201566757  0.32906927029234467  0.33399260641955153
  0.34144869340141581  0.35152901315261526  0.36283120918297640  0.37622408671089208
  0.38574317463859931  0.39511930692662339  0.40430963924940050  0.41634761025918160
  0.43005662796976618  0.44046733551373829  0.44811708684139090  0.45563208750990575
  0.46431973089598944  0.47483796018826091  0.48515930976381266  0.49835258855082781
  0.51742454064856813  0.53300823679303044  0.54427780152885208  0.55361035822852844
  0.56212692115017149  0.56985995790579014  0.57674176175092351  0.58285545561736363
  0.59043425981222541  0.59873018716379078  0.60490204603455755  0.61145902889961035
  0.61933012340311067  0.62887297940427700  0.63554008511053139  0.64195815998008376
  0.64873356178733610  0.65714717374315601  0.66916115198521697  0.67999151962255677
  0.69023342373637153  0.69964258850824623  0.71202273752364043  0.72598702644858948
  0.74229008255686679  0.75728509700758539  0.77016660426995265  0.78063112848575333
  0.79079414487878219  0.80127154199237649  0.81256972397907556  0.82022058467490322
  0.82733357119831419  0.83531008162995068  0.84398514183477746  0.85429745945137214
  0.86358040646451162  0.87229032476216428  0.88331064124123460  0.89464754165213589
  0.90688300704067704  0.92111658531240403  0.93767598051989598  0.95486013909087075
  0.96844926840012480  0.98012354192621465  0.99080869416804551  1.00000000000000000
 -0.00194870793885516  0.01033778103220412  0.02267178273060676  0.03447293735192884
  0.04675107944903870  0.05675018313253116  0.06554488791249337  0.07444808148242327
  0.07917896277178213  0.08640259415069988  0.09696773239069321  0.10683275667664961
  0.11870290239918924  0.13503739456185304  0.15202995143662035  0.16805222540705100
  0.18367515904797027  0.20010142856687044  0.21651895816452951  0.23385899176958341
  0.25156401564911623  0.26765278014377453  0.28013999856978455  0.29218338224736351
  0.30435670420079458  0.31775866967326627  0.32826345949339242  0.34073254569458072
  0.35248918220733150  0.36416419525217264  0.37780661131247562  0.39323512832053931
  0.40808555339884844  0.42451835832010348  0.43757734407665777  0.44655820115450928
  0.45597630729688254  0.46451942535866686  0.46854161339868805  0.47274130013172438
  0.47734964683534831  0.48198654221715365  0.48692816081079010  0.49440846487331813
  0.50330466647043048  0.51637977714109751  0.52810748732306012  0.53714695853097350
  0.54477935891417850  0.55225332408212224  0.56315528094993861  0.57677823747649648
  0.59082383255576110  0.60456864479313821  0.61716181702861539  0.63027368766902925
  0.64338068027779149  0.65477719107862453  0.66537181998358352  0.67823239548715919
  0.69168244329878192  0.70569462894516855  0.72015399183379514  0.73310241158645484
  0.74614233402627583  0.75806649484083832  0.76557446122374073  0.77236200213564099
  0.77802320056353114  0.78186552325779612  0.78492863776100230  0.79074024303578749
  0.79757676939192834  0.80474475387776445  0.81314335954780437  0.82183807285220545
  0.83153857972672751  0.84140092130664079  0.85142305394737350  0.86166091154644642
  0.86955110085544685  0.87936562302403343  0.89021053456282717  0.89855417451902642
  0.90820321964971518  0.91660329604609991  0.92381717826751342  0.93246384750333988
  0.94178071166621025  0.95085203892534897  0.95896447542282437  0.96480557664664390
  0.97020289792392345  0.97623497613334065  0.98295800394136257  1.00000000000000000
 -0.00211151838204024  0.01004215541625462  0.01598177885953446  0.02250982688115672
  0.03218241822654370  0.04095625002156750  0.05181546199463292  0.06379202118820472
  0.07608599664635604  0.08713568603492619  0.09944429987137555  0.11081028087523986
  0.11999403569072684  0.12942925682764989  0.13827074931457753  0.14674428775349829
  0.15610108070826259  0.16489072537486885  0.17610810576302283  0.18768093232834121
  0.20278130792980884  0.21578727995771169  0.22281006097860603  0.22812747134879380
  0.23343279544245779  0.23847701392323617  0.24375268505412440  0.25109681559371877
  0.26032186773101557  0.27051962420337045  0.28141072288986874  0.29392692689184097
  0.30798103541854233  0.31986100962276792  0.33183317461403161  0.34327862314189633
  0.35275851022705529  0.36123884791729088  0.37045593861989362  0.37958814770237215
  0.38902963561666470  0.40225601522053411  0.41768938201739186  0.42719213050666993
  0.43539999067325441  0.44398197607853107  0.45419415957869036  0.46528890861766786
  0.47360069257041426  0.47989315046191811  0.48695413211453731  0.49517507175973563
  0.50476056918617196  0.51817169656794582  0.53699378874938364  0.55745031249263133
  0.57912732684716584  0.59480474894386515  0.60843105228512451  0.61863796410936722
  0.62792980575187596  0.63595038267691917  0.64216108103815206  0.64938640579600526
  0.65874144282013580  0.67573305149605389  0.69236734401056044  0.70555489058787180
  0.71758756469159646  0.72853024228729613  0.73853570808062485  0.75038148198531618
  0.76261019685444575  0.77182870574296325  0.78003671712112632  0.78687224953826074
  0.79356705962228791  0.80072967542705520  0.81097132510373404  0.82335694461736120
  0.83654647095503198  0.85412058620575881  0.86502235759219670  0.87335999569365530
  0.88101278801866445  0.88846755126093691  0.89620763551471905  0.90631422831094566
  0.91671577128096848  0.92658515054829893  0.93603520838589260  0.94672784981691038
  0.95792798914140509  0.96980671958499232  0.98058453509598364  1.00000000000000000
 -0.00225310183437683  0.00634466856953186  0.01564910505878502  0.02539213881379761
  0.03697363777230038  0.05262188623641471  0.06354065312131885  0.07179231113253588
  0.08104065029545894  0.09028658501114836  0.09907749582934575  0.10911413571263238
  0.11976307157786607  0.13295448391758202  0.14632488845558858  0.15784095680432109
  0.16769412045619755  0.17640342877525456  0.18462261287891910  0.19295600934803439
  0.20449837784483804  0.22005127839997118  0.23312429633873183  0.24250237839075092
  0.25098306795600511  0.25838700496860928  0.26700623353368602  0.27778537141149562
  0.28818748867845156  0.29941248521990016  0.31152594616432788  0.32532590517819365
  0.33819154815210517  0.34796742887476378  0.35672406840390553  0.36537422985475615
  0.37508744602261906  0.38636968486791590  0.39640850136360123  0.40652093414206303
  0.41845167481108791  0.43397895190666558  0.44801647411646245  0.46265658369923290
  0.47686655495261326  0.49029689493092987  0.50534698321295068  0.51717418674319970
  0.53224497725707609  0.54890647929846093  0.56331056612206720  0.57416805206613619
  0.58331647502062955  0.59212669077017344  0.59893530486071944  0.60454708820440450
  0.60967439438000781  0.61430760269908813  0.62074836818361645  0.62584613562502855
  0.63504977143798824  0.64322669918086339  0.65015582963031282  0.65752860574152616
  0.66483412475362536  0.67436203371193448  0.68513593572574072  0.69653027653582711
  0.70867374968440322  0.72035648350202075  0.73115264888576836  0.73993859423844399
  0.74879123483146748  0.75840527279029724  0.77142485814918904  0.78477790603602993
  0.79243918456449680  0.80029106303111663  0.80837187779092390  0.81699599496752329
  0.82500851602486869  0.83307410154484507  0.84640188557096341  0.86139305722044102
  0.87403644373204714  0.88408190808274645  0.89417443017135345  0.90434279442372256
  0.91656304790127985  0.92953433010286557  0.94181000131060744  0.95886921576776252
  0.97284459549492941  0.98345982513518881  0.99184961498817470  1.00000000000000000
  0.06935543511241384  0.07320659733486645  0.07508498502155028  0.07602254465490971
  0.07689430314294342  0.07777467845955775  0.07867330345806664  0.07959495172089123
  0.08048645376204336  0.08130583493861196  0.08220897574017703  0.08322949997393045
  0.08437349506170398  0.08576427629696955  0.08771790235527009  0.09014171671159969
  0.09257757243163028  0.09470027435789634  0.09636723009236575  0.09789318864439406
  0.09931759219290084  0.10066066705023176  0.10198070943063450  0.10324058760128058
  0.10438256531871545  0.10544821402626210  0.10640801591938297  0.10740075813278396
  0.10842759906428513  0.10971795632672937  0.11120447789070598  0.11270768476730737
  0.11411657579204544  0.11573163397312131  0.11729443854217721  0.11885110173239320
  0.12048949431337524  0.12190175919428227  0.12306050504801329  0.12430739935606010
  0.12560854074595587  0.12690975841713120  0.12840435044980947  0.13043516965587665
  0.13289920766809013  0.13510118326270576  0.13705045357148912  0.13875729013716723
  0.14060561574167274  0.14271673385260580  0.14546282626515081  0.14890106208854439
  0.15228404429062495  0.15441059463386644  0.15631633086301155  0.15800129726364776
  0.15956311315999550  0.16131010019630831  0.16322958461035261  0.16552063800455266
  0.16802529356784038  0.17124183472881629  0.17509949671348718  0.17930895517967699
  0.18323269417134075  0.18643577557776850  0.18964794100416404  0.19304112760902159
  0.19727706095851563  0.20192051774362393  0.20738962895064131  0.21231229314725558
  0.21590393700825253  0.21865645016465615  0.22095137638526713  0.22356310087730366
  0.22607500910901965  0.22798873204014478  0.23061238460206057  0.23499334300462180
  0.24136164723744152  0.25300275904006442  0.26430460942791495  0.27770122172488909
  0.29318970476301537  0.30512753561474482  0.32065016415253295  0.33303180411666378
  0.34109942891828571  0.35114135308555472  0.36171912713092164  0.37236053476969883
  0.38253245069233166  0.39328088002893563  0.83914196281067588  1.00000000000000000
 -0.00171186008592124  0.00498802570884263  0.01276458410261606  0.02177501729083767
  0.03061383771472435  0.03987369641907980  0.05223332298079415  0.06985789323686087
  0.08300993141053481  0.09300342224278781  0.10131796786136306  0.11207389300749244
  0.12343465171122302  0.13351723525058692  0.14396909097824401  0.15039195963565746
  0.15581268501419399  0.16131689091826046  0.16563467765425421  0.17282523307158729
  0.18219685918815093  0.19345144828100747  0.20335244359568780  0.21251337094291628
  0.22110755641578739  0.22733633060885211  0.23846781449153664  0.25037431094595269
  0.26504696058082378  0.27846426648496031  0.29208784824420758  0.30686689329226735
  0.32074724720480474  0.33391447260504914  0.34850450898177654  0.36108946426834032
  0.37242421059694858  0.38188805697910727  0.39022821733556917  0.39831936111077798
  0.40791565127774193  0.41769808500932776  0.42674878691511448  0.43689535761837806
  0.44716897926959398  0.45660449694257038  0.46653505668740958  0.47575069943921855
  0.48675419346394372  0.49697884398428682  0.50606456715051773  0.51420217071057117
  0.52198022938868738  0.53042480380413348  0.53964178545529906  0.54886297431788023
  0.55796383673718086  0.56765843153861162  0.57870632127568811  0.59443689401047528
  0.61581088401246054  0.63472814993295501  0.64579000175918178  0.65768378830936236
  0.66999766533951011  0.68243609777499026  0.69333592175431358  0.70228174732132365
  0.71199445177306675  0.72398531212005945  0.74278788789135053  0.75531626244853300
  0.76142292491950825  0.76811275026922321  0.77394985387427451  0.78097423190949056
  0.78901409022723079  0.79725851664391967  0.80815115239120461  0.81782601226397289
  0.82862577793248549  0.84099864673696800  0.85297259984060803  0.86446083146984876
  0.87416366314190019  0.88240931914289844  0.88971480752625998  0.89605022559071135
  0.90451013837012384  0.91476716095290234  0.92617961787602432  0.93830345075750921
  0.95283056898706320  0.96821246064592159  0.98375960909478466  1.00000000000000000
  0.11306774521632479  0.38683644170936576  0.44343883744424811  0.46750890410024332
  0.48449541110434269  0.49681563811004942  0.50959493693042923  0.52271801374751126
  0.53498188270143232  0.54680561476349143  0.55962295372338577  0.57269185644864506
  0.58572925591215896  0.59710448945975059  0.60536775639628826  0.61302998158392463
  0.61940313925347978  0.62519386095793494  0.63214116666792186  0.64282927650900790
  0.65135238604785073  0.65651086620172361  0.66149069949283612  0.66679895013035018
  0.67280663319123757  0.67996514926044660  0.68650873721750005  0.69258327858056656
  0.69757709745269258  0.70211944453590169  0.70703725283057173  0.71235305073963839
  0.71828446750523178  0.72473969506654867  0.73102060574335270  0.73577506950606586
  0.73900308339341092  0.74243351755378206  0.74678674977011850  0.75141971822626730
  0.75571263706044045  0.75971877168649238  0.76404189425219959  0.76830954966540943
  0.77172631222288568  0.77443334109870499  0.77671592497165520  0.77913684990317911
  0.78191656064607074  0.78462597141070278  0.78679459844525379  0.78881414667853478
  0.79109183538687322  0.79419033148556806  0.79692288002808087  0.79935034760646839
  0.80230294125818069  0.80540283484352393  0.80836196610341682  0.81186147287205768
  0.81658006020000762  0.82164057767740517  0.82628345519352564  0.83005910928796556
  0.83340548000558523  0.83664630667027251  0.83988047626554607  0.84321480977321805
  0.84677009646856927  0.85027943453244070  0.85334188350225193  0.85531639431252460
  0.85723349127235204  0.85921236908132992  0.86228379489431628  0.86489916060526661
  0.86782334126355443  0.87052005283505973  0.87354136142237460  0.87663594915334131
  0.88015173916113121  0.88379962504423781  0.88812227589471993  0.89293917306881565
  0.89870555582829459  0.90391809219219221  0.90752044996341796  0.91102954088937116
  0.91611884789239040  0.92206382365760486  0.92605944307938781  0.92955645055918734
  0.93369824577002403  0.93750981056490468  0.94598109331487978  1.00000000000000000
   5.7056763220358476E-013  -1.0000000000000000     
 F F F F F F F F F F F F F F F F F F F F F F F F F F F F F F F F F F F F F F F F F F F F F F F F F F F F F F F F F F F F F F F F F F F F F F F F F F F F F F F F F F F F F F F F F F F F F F F F F F F F F F F F F F F F F F F F F F F F F F F F F F F F F F F F F F F F F F F F F F F F F F F F F F F F F F F F F F F F F F F F F F F F F F F F F F F F F F F F F F F F F F F F F F F F F F F F F F F F F F F F F F F F F F F F F F F F F F F F F F F F F F F F F F F F F F F F F F F F F F F F F F F F F F F F F F F F F F F F F F F F F F F F F F F F F F F F F F F F F F F F F F F F F F F F F F F F F F F F F F F F F F F F F F F F F F F F F F F F F F F F F F F F F F F F F F F F F F F F F F F F F F F F F F F F F F F F F F F F F F F F F F F F F F F F F F F F F F F F F F F F F F F F F F F F F F F F F F F F F F F F F F F F F F F F F F F F F F F F F F F F F F F F F F F F F F F F F F F F F F F F F F F F F F F F F F F F F F F F F F F F F F F F F F F F F F F F F F F F F F F F F F F F F F F F F F F F F F F F F F F F F F F F F F F F F F F F
  <DiscreteSampler_grid>
  grouped_processes
  1 # 1 for a reference and 2 for a running grid.
  10 # Attribute 'min_bin_probing_points' of the grid.
  1 # Attribute 'grid_mode' of the grid. 1=='default',2=='initialization'
  0.0000000000000000 # Attribute 'small_contrib_threshold' of the grid.
  0.5000000000000000 # Attribute 'damping_power' of the grid.
 # binID   n_entries weight   weight_sqr   abs_weight
    10   10   3.120877419198637E-005   3.715622176011224E-009   3.120877419198637E-005
  </DiscreteSampler_grid>
