  0.09042046324762101  0.25250009821213654  0.25500019642427307  0.25750029463640967
  0.26000039284854620  0.26250049106068274  0.26500058927281928  0.26750068748495587
  0.27000078569709240  0.27283188148516191  0.27582823238058946  0.27882458327601695
  0.28182093417144444  0.28481728506687193  0.28781363596229942  0.29080998685772691
  0.31594052226179903  0.32270538989072595  0.32947025751965286  0.33623035118773426
  0.34298408941274738  0.34973782763776046  0.35649156586277353  0.36324530408778655
  0.36999904231279956  0.37981980604343596  0.40979636043078027  0.51117239225104971
  0.61254842407131938  0.64696078572587845  0.64863936944323042  0.65031795316058238
  0.65199653687793435  0.65367512059528632  0.65535370431263829  0.65703228802999025
  0.65871087174734222  0.66038945546469419  0.66206803918204615  0.66374662289939812
  0.66542520661675009  0.66710379033410205  0.66878237405145402  0.67046095776880599
  0.67213954148615784  0.67381812520350981  0.67549670892086178  0.67717529263821374
  0.67885387635556571  0.68053246007291757  0.68221104379026953  0.68388962750762150
  0.68556821122497347  0.68724679494232543  0.68860012195977460  0.68989567019619691
  0.69119121843261921  0.69248676666904152  0.69378231490546383  0.69507786314188613
  0.69637341137830844  0.69766895961473063  0.69896450785115294  0.70026005608757524
  0.70155560432399755  0.70285115256041986  0.70414670079684216  0.70544224903326447
  0.70673779726968677  0.70803334550610908  0.71004956912480199  0.71228295067792458
  0.71451633223104727  0.71674971378416985  0.71898309533729243  0.72121647689041501
  0.72344985844353760  0.72568323999666018  0.72791662154978276  0.73015000310290534
  0.73238338465602792  0.73461676620915051  0.73685014776227309  0.73908352931539556
  0.74131691086851814  0.74355029242164072  0.74578367397476331  0.74801705552788589
  0.76136765791666516  0.86274368973693483  0.92169058895064915  0.93242341334938161
  0.94268869619028395  0.95253435112005724  0.96116417143621369  1.00000000000000000
  0.01863941387289800  0.03980277229385182  0.05982085099223956  0.10575775070913856
  0.10902868071107265  0.11229961071300675  0.11557054071494084  0.11884147071687494
  0.12211240071880902  0.12538111830509360  0.12863316994342891  0.13188522158176419
  0.13513727322009950  0.13838932485843480  0.14164137649677011  0.14489342813510542
  0.14814547977344072  0.15139753141177606  0.15464958305011139  0.15790163468844673
  0.16115368632678206  0.16440573796511740  0.17021807791679078  0.18187089347145896
  0.24410789183993284  0.35361539289754129  0.41770245620844659  0.42014403898350833
  0.42258562175857012  0.42502720453363191  0.42746878730869364  0.42991037008375543
  0.43235195285881722  0.43479353563387901  0.43723511840894075  0.43967670118400254
  0.44211828395906433  0.44455986673412606  0.44700144950918785  0.44944303228424964
  0.45188461505931143  0.45432619783437317  0.45676778060943496  0.45920936338449675
  0.46165094615955854  0.46409252893462033  0.46653411170968212  0.46897569448474397
  0.47141727725980576  0.47385886003486755  0.47630044280992934  0.47874202558499113
  0.56962857804545797  0.67913607910306639  0.77113220763833612  0.77296985641369997
  0.77480750518906383  0.77664515396442768  0.77848280273979165  0.78032045151515550
  0.78215810029051935  0.78399574906588321  0.78583339784124706  0.78767104661661103
  0.78950869539197488  0.79134634416733873  0.79318399294270259  0.79502164171806644
  0.79685929049343029  0.79869693926879415  0.80053458804415800  0.80237223681952186
  0.80420988559488571  0.80604753437024956  0.80788518314561342  0.80972283192097727
  0.81156048069634112  0.81339812947170498  0.81523577824706883  0.81707342702243269
  0.81891107579779654  0.82074872457316039  0.82258637334852425  0.82442402212388810
  0.82626167089925195  0.82809931967461581  0.82993696844997966  0.83177461722534352
  0.84995523615664259  0.95840921261171164  0.96576650108722450  0.97312378956273737
  0.98033759141359023  0.98689172760906008  0.99344586380453004  1.00000000000000000
  0.01993167107534006  0.08484037391628056  0.08634741449922786  0.08785445508217518
  0.08936149566512248  0.09086853624806979  0.09237557683101710  0.09388261741396441
  0.09538965799691171  0.09689669857985901  0.09840373916280633  0.09991077974575363
  0.10141782032870093  0.10292486091164824  0.10449923322818855  0.10638884670262691
  0.10827846017706526  0.11016807365150362  0.11205768712594197  0.11394730060038033
  0.11583691407481868  0.11772652754925703  0.11961614102369539  0.12150575449813375
  0.12339536797257210  0.12528500742055659  0.12717479311660193  0.12906457881264727
  0.13095436450869258  0.13284415020473792  0.13473393590078325  0.13662372159682859
  0.13851350729287393  0.14040329298891924  0.14229307868496457  0.14418286438100991
  0.15962889861570875  0.26856679211211670  0.37750468560852485  0.46025399684983337
  0.46769756325865991  0.47514112966748639  0.48258469607631288  0.49002826248513931
  0.49747182889396568  0.50491539530279217  0.51235896171161854  0.51980252812044503
  0.61468521263579134  0.62726518839406442  0.62976728817270156  0.63226938795133880
  0.63477148772997594  0.63727358750861318  0.63977568728725032  0.64227778706588745
  0.64477988684452470  0.64728198662316183  0.64978408640179908  0.65228618618043632
  0.65478828595907346  0.65729038573771070  0.65979248551634795  0.66229458529498508
  0.66479668507362233  0.66729878485225957  0.66980088463089671  0.67230298440953395
  0.67480508418817109  0.67730718396680822  0.67980928374544547  0.68231138352408260
  0.68481348330271985  0.68731558308135698  0.77272734851431468  0.78446711585142592
  0.79620688318853716  0.80794665052564829  0.81968641786275942  0.83142618519987055
  0.87651991162726617  0.87985988405417348  0.88319985648108079  0.88653982890798799
  0.88987980133489530  0.89321977376180262  0.89596323155053603  0.89656049034152585
  0.89715774913251556  0.89775500792350538  0.89835226671449508  0.89894952550548490
  0.89954678429647472  0.90014404308746443  0.90028442168444300  1.00000000000000000
  0.00649650256753104  0.02431502340118682  0.07072892805339989  0.12767622539015716
  0.13413933899346508  0.14060245259677301  0.14706556620008093  0.15352867980338891
  0.15999179340669689  0.16645490701000487  0.17291802061331277  0.17938113421662069
  0.18584424781992859  0.25639579068316504  0.34902068046630885  0.39856795101779380
  0.40409690307673740  0.40962585513568101  0.41515480719462466  0.42068375925356827
  0.42621271131251182  0.43174166337145536  0.43727061543039897  0.44279956748934252
  0.44832851954828606  0.45385747160722967  0.47597544253795415  0.49116052777935526
  0.50358236082743479  0.51600419387551433  0.52842602692359397  0.54084785997167362
  0.62818602600322626  0.72081091578637013  0.81267091659056045  0.82958803151112381
  0.84650514643168728  0.86342226135225075  0.89652421306997931  0.90414155706301191
  0.91175890105604462  0.91937624504907733  0.92699358904210993  0.93461093303514253
  0.94222827702817513  0.94984562102120773  0.95746296501424033  0.95920334059004442
  0.96018557987340236  0.96116781915676031  0.96215005844011825  0.96313229772347619
  0.96411453700683414  0.96509677629019208  0.96607901557354992  0.96706125485690786
  0.96804349414026580  0.96902573342362375  0.97000797270698169  0.97099021199033964
  0.97197245127369758  0.97295469055705552  0.97393692984041336  0.97491916912377130
  0.97590140840712924  0.97688364769048719  0.97786588697384513  0.97884812625720308
  0.97967531067533309  0.98042807694661704  0.98118084321790100  0.98193360948918496
  0.98268637576046891  0.98343914203175287  0.98419190830303682  0.98494467457432078
  0.98569744084560473  0.98645020711688869  0.98720297338817264  0.98795573965945660
  0.98870850593074056  0.98946127220202451  0.99021403847330858  0.99096680474459253
  0.99171957101587649  0.99247233728716044  0.99322510355844440  0.99397786982972836
  0.99473063610101231  0.99548340237229627  0.99623616864358022  0.99698893491486418
  0.99774170118614813  0.99849446745743209  0.99924723372871604  1.00000000000000000
  0.00000002173444554  0.00000002202117655  0.00000002230790756  0.00000002259463858
  0.00000002288136959  0.00000002316810060  0.00000002345483161  0.00000002374156262
  0.00000002402829363  0.00000002471328948  0.00000002566852430  0.00000002662375912
  0.00000002757899393  0.00000002853422875  0.00000002948946357  0.00000003044469838
  0.00000006822115128  0.00000024223475634  0.00000058923220178  0.00000064102118149
  0.00000069281016120  0.00000074834318512  0.00000081441734056  0.00000088049149601
  0.00000095039922861  0.00000103469890090  0.00000111899857319  0.00000146033144615
  0.00000515834559663  0.00001753003373068  0.00002195318207130  0.00002754661729435
  0.00003455547689634  0.00003663643888176  0.00003740124757087  0.00003816605625998
  0.00003893086494909  0.00003969567363819  0.00004046048232730  0.00004122529101641
  0.00004199009970551  0.00004275490839462  0.00004351971708373  0.00004428452577284
  0.00004504933446194  0.00004581414315105  0.00004674807177715  0.00004772384091750
  0.00004869961005785  0.00004967537919820  0.00005065114833855  0.00005162691747890
  0.00005260268661925  0.00005357845575960  0.00005455422489995  0.00005552999404029
  0.00005650576318064  0.00005748153232099  0.00005845730146134  0.00005965050766436
  0.00006089542737934  0.00006214034709432  0.00006338526680931  0.00006463018652429
  0.00006587510623927  0.00006712002595425  0.00006836494566923  0.00006960986538422
  0.00007085478509920  0.00007209970481418  0.00007334462452916  0.00007458954424414
  0.00021075925545901  0.00026128443103061  0.00027109889315910  0.00028091335528759
  0.00029072781741608  0.00030054227954457  0.00031035674167306  0.00032017120380155
  0.00033039878504952  0.00034076920487997  0.00035113962471041  0.00036151004454086
  0.00037188046437130  0.00038225088420175  0.00039262130403219  0.00040299172386264
  0.00050611249198111  0.00178841340524019  0.00636807578843753  0.02261691676940649
  0.03429035795833441  0.03429035795834441  0.03429035795835441  1.00000000000000000
  0.00132211795246064  0.00147480469814252  0.00147979557456943  0.00148478645099633
  0.00148977732742324  0.00149476820385015  0.00149975908027705  0.00150474995670396
  0.00150974083313086  0.00151473170955777  0.00151972258598467  0.00152471346241158
  0.00152970433883849  0.00153469521526539  0.00153968609169230  0.00154467696811920
  0.00154966784454611  0.00155465872097301  0.00155964959739992  0.00156464047382682
  0.00156963135025373  0.00157462222668064  0.00157961310310754  0.00158460397953445
  0.00158959485596135  0.00159482091407557  0.00160126310088082  0.00160770528768607
  0.00161414747449133  0.00162058966129658  0.00162703184810184  0.00163347403490709
  0.00163991622171234  0.00164635840851760  0.00165280059532285  0.00165924278212810
  0.00166568496893336  0.00167212715573861  0.00167856934254387  0.00168501152934912
  0.00169145371615437  0.00169789590295963  0.00170433808976488  0.00171078027657013
  0.00171722246337539  0.00172551388487652  0.00173396688409990  0.00174241988332328
  0.00175087288254667  0.00175932588177005  0.00176777888099344  0.00177623188021682
  0.00178468487944020  0.00179313787866359  0.00180159087788697  0.00181004387711036
  0.00181849687633374  0.00182694987555712  0.00183540287478051  0.00184385587400389
  0.00185580442496302  0.00189491475813473  0.00193402509130643  0.00197313542447814
  0.00201356054461140  0.00205571285930499  0.00209786517399859  0.00214001748869219
  0.00253994316683801  0.00268824057147702  0.00284775023068108  0.00301581013833579
  0.00350245526679629  0.00482228011444650  0.00663854120180661  0.00914657671434376
  0.01259676724602372  0.01734130021917376  0.02388143550131354  0.03199104039626331
  0.03307302955965423  0.03415501872304515  0.03522538612838277  0.03629290561777673
  0.04078517944328081  0.04996551636739016  0.04996551636740016  0.04996551636741016
  0.04996551636742016  0.04996551636743016  0.04996551636744016  0.04996551636745016
  0.04996551636746015  0.04996551636747015  0.04996551636748015  1.00000000000000000
  0.03140008052190149  0.04022493000034327  0.05756016735832715  0.10495236385503472
  0.10731701062303529  0.10968165739103587  0.11204630415903645  0.11441095092703701
  0.11677559769503759  0.11914024446303817  0.12150489123103873  0.12386953799903931
  0.12623418476703990  0.12859883153504045  0.13096347830304103  0.13332812507104161
  0.13569277183904219  0.13805741860704276  0.14042206537504334  0.14278671214304392
  0.14515135891104447  0.14751600567904508  0.14988065244704568  0.15224529921504629
  0.15460994598304686  0.15697459275104747  0.15933923951904808  0.16170388628704868
  0.16406853305504926  0.16643317982304986  0.20988986070596150  0.21304354454285626
  0.21619722837975103  0.21935091221664579  0.22250459605354056  0.22565827989043533
  0.22881196372733009  0.23196564756422483  0.23511933140111957  0.23827301523801431
  0.24142669907490905  0.24458038291180376  0.24773406674869849  0.25088775058559326
  0.25404143442248794  0.25719511825938268  0.26034880209627742  0.26350248593317216
  0.26665616977006690  0.26980985360696164  0.33986529499490770  0.44206441321357548
  0.54426353143224326  0.64646264965091094  0.66810080422698326  0.66988832069953330
  0.67167583717208335  0.67346335364463339  0.67525087011718343  0.67703838658973348
  0.67882590306228363  0.68061341953483367  0.68240093600738372  0.68418845247993376
  0.68597596895248381  0.68776121391635869  0.68953332020379487  0.69130542649123117
  0.69307753277866746  0.69484963906610375  0.69662174535354005  0.69839385164097634
  0.70016595792841263  0.70193806421584881  0.70371017050328510  0.70548227679072140
  0.70725438307815769  0.70888613625274011  0.71029941909758365  0.71171270194242731
  0.71312598478727085  0.71453926763211451  0.71595255047695816  0.71736583332180170
  0.71877911616664536  0.72019239901148902  0.72160568185633256  0.72301896470117621
  0.72443224754601987  0.72584553039086341  0.72725881323570707  0.72867209608055061
  0.79560176356266243  0.89780088178133011  0.91695797840754190  1.00000000000000000
 -0.00316888491312662  0.23929633745749609  0.24942600824832542  0.26041671944318878
  0.27096355918961629  0.27326136670418089  0.27555917421874548  0.27785698173331008
  0.28015478924787462  0.28245259676243922  0.28475040427700382  0.28704821179156842
  0.28934601930613296  0.29164382682069756  0.29394163433526210  0.29623944184982670
  0.29853724936439124  0.30083505687895579  0.30313286439352038  0.30543067190808493
  0.30772847942264947  0.31002628693721407  0.31232409445177861  0.31462190196634315
  0.31691970948090775  0.31921751699547229  0.32151532451003684  0.32381313202460144
  0.32611093953916598  0.32840874705373052  0.33070655456829512  0.33300436208285966
  0.42270131771483221  0.48792975666130867  0.50703695288180251  0.52614414910229645
  0.56123434383266069  0.66553475205787704  0.75132360905535900  0.75828362162063245
  0.76524363418590580  0.77220364675117914  0.77916365931645259  0.78612367188172605
  0.79308368444699950  0.80004369701227285  0.80700370957754619  0.81286319707796773
  0.81459020260201898  0.81631720812607034  0.81804421365012170  0.81977121917417295
  0.82149822469822431  0.82322523022227567  0.82495223574632703  0.82667924127037828
  0.82840624679442965  0.83013325231848101  0.83186025784253226  0.83358726336658362
  0.83531426889063498  0.83704127441468634  0.83876827993873770  0.84049528546278907
  0.84222229098684043  0.84394929651089168  0.84567630203494304  0.84740330755899440
  0.84913031308304576  0.85085731860709712  0.85258432413114849  0.85429144489216491
  0.85578106353548056  0.85727068217879632  0.85876030082211208  0.86024991946542773
  0.86173953810874349  0.86322915675205913  0.86471877539537489  0.86620839403869065
  0.86769801268200630  0.86918763132532206  0.87067724996863771  0.87216686861195347
  0.87365648725526912  0.87525229023468187  0.87782450833640513  0.88039672643812850
  0.88296894453985175  0.88554116264157512  0.88811338074329838  0.89068559884502174
  0.89325781694674500  0.89583003504846836  0.97093373934427896  1.00000000000000000
  0.15104591449101767  0.16526492846586507  0.18480857890361146  0.27160334620452187
  0.27896188552640744  0.28632042484829295  0.29367896417017847  0.30103750349206387
  0.30839604281394933  0.31575458213583479  0.32311312145772025  0.33047166077960566
  0.40019752532052744  0.41822951916108547  0.42006929582928126  0.42190907249747706
  0.42374884916567285  0.42558862583386858  0.42742840250206438  0.42926817917026017
  0.43110795583845596  0.43294773250665175  0.43478750917484754  0.43662728584304328
  0.43846706251123907  0.44030683917943486  0.44214661584763065  0.44398639251582644
  0.44582616918402224  0.44766594585221797  0.44950572252041376  0.45134549918860956
  0.45318527585680535  0.45502505252500114  0.45686482919319693  0.45870460586139267
  0.46054438252958851  0.46238415919778431  0.46422393586598010  0.46606371253417589
  0.46790348920237168  0.46974326587056753  0.47158304253876332  0.47342281920695911
  0.47526259587515490  0.47710237254335069  0.47894214921154649  0.50168031795140489
  0.50412421223581338  0.50656810652022188  0.50901200080463038  0.51145589508903877
  0.51389978937344727  0.51634368365785577  0.51878757794226427  0.52123147222667277
  0.52367536651108126  0.52611926079548976  0.52856315507989826  0.53100704936430676
  0.53345094364871526  0.53589483793312376  0.53833873221753226  0.54078262650194076
  0.54292604633317554  0.54489917364684237  0.54687230096050909  0.54884542827417593
  0.55081855558784276  0.55279168290150948  0.55476481021517632  0.55673793752884304
  0.55871106484250987  0.56068419215617671  0.56275947958093420  0.56601391623133479
  0.56926835288173527  0.57252278953213576  0.57577722618253635  0.57903166283293683
  0.58228609948333732  0.58554053613373791  0.58879497278413850  0.59204940943453899
  0.59530384608493958  0.59855828273534017  0.60181271938574066  0.60739067662191115
  0.61904249230711639  0.67847152157827006  0.78788610095781919  0.89730068033736821
  0.96391314861798538  0.97653176858663826  0.98836899655471011  1.00000000000000000
  0.02506780227025350  0.16806715129444608  0.16946763592222544  0.17086812055000478
  0.17226860517778411  0.17366908980556348  0.17506957443334281  0.17647005906112215
  0.17787054368890151  0.17927102831668085  0.18067151294446018  0.18207199757223955
  0.18347248220001888  0.18487296682779822  0.18627345145557758  0.18771736994524468
  0.18946757186414015  0.19121777378303559  0.19296797570193105  0.19471817762082649
  0.19646837953972196  0.19821858145861740  0.19996878337751284  0.20171898529640830
  0.20346918721530374  0.20521938913419921  0.20696959105309465  0.20885430516868986
  0.21121368714477576  0.21357306912086163  0.21593245109694750  0.21829183307303340
  0.22065121504911928  0.22301059702520515  0.22536997900129102  0.22772936097737692
  0.23012805475277834  0.23258802661722897  0.23504799848167957  0.23750797034613019
  0.23996794221058082  0.24242791407503145  0.24488788593948208  0.24734785780393270
  0.24980782966838333  0.25226780153283396  0.25472777339728458  0.25718774526173521
  0.25964771712618584  0.26210768899063647  0.26456766085508709  0.26702763271953767
  0.26948760458398829  0.31476357545568379  0.41175063165053954  0.50873768784539508
  0.56335803027142206  0.56528326619818203  0.56720850212494200  0.56913373805170187
  0.57105897397846184  0.57298420990522181  0.57490944583198178  0.57683468175874175
  0.57875991768550172  0.58068515361226170  0.58261038953902167  0.58453562546578164
  0.58646086139254161  0.58838609731930158  0.59031133324606155  0.59223656917282164
  0.59416180509958161  0.59608704102634158  0.59801227695310155  0.59993751287986152
  0.60186274880662149  0.60378798473338147  0.60571322066014144  0.60763845658690141
  0.60956369251366138  0.61148892844042135  0.61341416436718132  0.61533940029394130
  0.61726463622070127  0.61918987214746124  0.62111510807422121  0.62304034400098118
  0.62496557992774115  0.72025308612084993  0.81724014231570552  0.91422719851056122
  0.93313336293472859  0.94168633098487231  0.94490665594736734  1.00000000000000000
  0.02262836297353107  0.02429649604012371  0.02596462910671636  0.02763276217330900
  0.02930089523990164  0.03096902830649428  0.03263716137308693  0.03430529443967957
  0.03597342750627221  0.03764156057286485  0.03930969363945749  0.04097782670605014
  0.04298639251242307  0.04523442051211876  0.04748244851181444  0.04973047651151013
  0.05197850451120581  0.05422653251090150  0.05647456051059718  0.05872258851029286
  0.06097061650998854  0.09597130110613944  0.14671563210532615  0.14840012317977752
  0.15008461425422889  0.15176910532868024  0.15345359640313161  0.15513808747758295
  0.15682257855203433  0.15850706962648570  0.16019156070093704  0.16187605177538841
  0.16356054284983976  0.16524503392429113  0.16692952499874247  0.16861401607319382
  0.17029850714764516  0.17198299822209651  0.17366748929654785  0.17535198037099919
  0.17703647144545054  0.17872096251990188  0.18040545359435323  0.18208994466880457
  0.18377443574325592  0.18545892681770726  0.18714341789215860  0.18882790896660995
  0.19051240004106129  0.19219689111551264  0.19388138218996398  0.19556587326441530
  0.19725036433886664  0.19893485541331798  0.20061934648776933  0.20230383756222067
  0.20398832863667202  0.20567281971112336  0.20735731078557471  0.25236975751946289
  0.27986458189889274  0.29082938514411588  0.29778844887117500  0.30441634256724803
  0.31104423626332101  0.31767212995939398  0.32430002365546695  0.33092791735153992
  0.33772004099219438  0.34460572139267481  0.35149140179315524  0.39989795148980423
  0.41893382707670629  0.43796970266360818  0.45700557825051008  0.55573352463495740
  0.66043678342129242  0.76514004220762744  0.86984330099396256  0.91833912296411790
  0.92136455399207584  0.92438998502003378  0.92741541604799171  0.93044084707594965
  0.93346627810390759  0.93649170913186552  0.93797595710171755  0.93868982687249192
  0.93940369664326639  0.94011756641404076  0.94083143618481524  0.94154530595558961
  0.94225917572636408  0.94297304549713845  0.94340283075968423  1.00000000000000000
  0.10699206193288174  0.23141268664486331  0.23365870662305985  0.23590472660125639
  0.23815074657945295  0.24039676655764949  0.24264278653584606  0.24488880651404260
  0.24713482649223917  0.24938084647043571  0.25195065676965012  0.25464369532786851
  0.25733673388608697  0.26002977244430536  0.26272281100252376  0.26541584956074216
  0.26810888811896055  0.27080192667717895  0.36135863298953813  0.39963201151421540
  0.40572342595236194  0.41181484039050847  0.41790625482865495  0.42399766926680144
  0.43008908370494792  0.43618049814309440  0.44227191258124082  0.44836332701938730
  0.45445474145753378  0.49160641239299113  0.58319989016855245  0.67479336794411393
  0.73597315385765094  0.75272293446373484  0.76947271506981874  0.78622249567590274
  0.79819538708207305  0.80786798664258963  0.81754058620310621  0.82721318576362268
  0.83688578532413938  0.84655838488465596  0.87371446696422994  0.93810897979536334
  0.94011483020517672  0.94212068061498999  0.94412653102480337  0.94613238143461675
  0.94813823184443013  0.95014408225424341  0.95214993266405679  0.95415578307387017
  0.95616163348368355  0.95816748389349682  0.95937676918119252  0.96051425565929405
  0.96165174213739557  0.96278922861549709  0.96392671509359862  0.96506420157170014
  0.96620168804980167  0.96733917452790319  0.96847666100600471  0.96961414748410624
  0.97075163396220776  0.97188912044030928  0.97302660691841081  0.97416409339651233
  0.97530157987461386  0.97643906635271538  0.97757655283081690  0.97871403930891843
  0.97969811795615969  0.98058080847980489  0.98146349900345009  0.98234618952709529
  0.98322888005074061  0.98411157057438581  0.98499426109803101  0.98587695162167621
  0.98675964214532152  0.98764233266896673  0.98852502319261193  0.98940771371625713
  0.99029040423990244  0.99117309476354765  0.99205578528719285  0.99293847581083816
  0.99382116633448336  0.99470385685812857  0.99558654738177377  0.99646923790541908
  0.99735192842906428  0.99823461895270948  0.99911730947635469  1.00000000000000000
  0.06924044688542681  0.47624820274778829  0.49508465871048973  0.52176296136091582
  0.52348195096417272  0.52520094056742961  0.52691993017068650  0.52863891977394339
  0.53035790937720029  0.53207689898045718  0.53379588858371407  0.53551487818697097
  0.53723386779022786  0.53895285739348475  0.54067184699674153  0.54239083659999843
  0.54410982620325532  0.54582881580651221  0.54754780540976911  0.54926679501302600
  0.55098578461628278  0.55270477421953967  0.55442376382279657  0.55614275342605346
  0.55786174302931035  0.55958073263256725  0.56129972223582403  0.56301871183908092
  0.56473770144233781  0.56645669104559471  0.56817568064885160  0.56989467025210838
  0.57161365985536527  0.57333264945862217  0.57505163906187906  0.57677062866513595
  0.57848961826839274  0.58020860787164963  0.58192759747490652  0.60224825773632351
  0.61096568588655153  0.61789273394320432  0.62481978199985710  0.63174683005650989
  0.63867387811316267  0.64560092616981546  0.64799189028960025  0.65022538242275063
  0.65245887455590101  0.65469236668905140  0.65692585882220178  0.65915935095535216
  0.66139284308850266  0.66362633522165304  0.66585982735480342  0.66812755902494558
  0.67041465476464468  0.67270175050434378  0.67498884624404287  0.67727594198374197
  0.67956303772344107  0.68185013346314005  0.68413722920283915  0.68642432494253824
  0.68871142068223734  0.69099851642193644  0.69328561216163553  0.69557270790133463
  0.69785980364103373  0.70014689938073282  0.70243399512043192  0.70472109086013102
  0.70700818659983011  0.75198987142805396  0.77982806384774783  0.79081792485017766
  0.80180778585260737  0.81279764685503719  0.82378750785746691  0.84697185402063702
  0.95076808609045693  0.96117804550880781  0.96424639616185781  0.96731474681490792
  0.97038309746795792  0.97345144812100792  0.97651979877405792  0.97951834840182839
  0.98207855485159989  0.98463876130137129  0.98719896775114269  0.98975917420091419
  0.99231938065068559  0.99487958710045699  0.99743979355022849  1.00000000000000000
  0.11642753680547081  0.13506987003959164  0.14513974007918332  0.15605717013538714
  0.17018350843088545  0.25039870406808196  0.25210313999844003  0.25380757592879810
  0.25551201185915623  0.25721644778951430  0.25892088371987243  0.26062531965023050
  0.26232975558058863  0.26403419151094670  0.26573862744130483  0.26744306337166290
  0.26914749930202098  0.27085193523237910  0.27255637116273723  0.27426080709309530
  0.27596524302345343  0.27766967895381156  0.27937411488416969  0.28107855081452782
  0.28278298674488589  0.28448742267524402  0.28619185860560215  0.28789629453596027
  0.28960073046631835  0.29130516639667647  0.29300960232703460  0.29471403825739267
  0.29641847418775080  0.29812291011810887  0.29982734604846700  0.30153178197882508
  0.30323621790918315  0.30494065383954128  0.30664508976989935  0.30834952570025748
  0.31005396163061555  0.31175839756097368  0.37135587497985728  0.46147621964146712
  0.48050205305311400  0.49952788646476071  0.51855371987640742  0.52351820626932677
  0.52656856302743504  0.52961891978554332  0.53266927654365170  0.53571963330175998
  0.53876999005986825  0.54182034681797653  0.54487070357608480  0.54792106033419308
  0.55097141709230135  0.55402177385040963  0.55707213060851790  0.56012248736662618
  0.56317284412473445  0.56622320088284273  0.56927355764095100  0.57232391439905927
  0.57537427115716755  0.57842462791527582  0.58147498467338410  0.62404771870275622
  0.65129851429915975  0.65820857780424114  0.66511864130932241  0.66838716055607217
  0.67060436261773859  0.67282156467940490  0.67503876674107133  0.67725596880273764
  0.67947317086440406  0.68169037292607049  0.68390757498773680  0.68612477704940322
  0.68818317786755134  0.68998220513141739  0.69178123239528344  0.69358025965914949
  0.69537928692301554  0.69717831418688159  0.69897734145074752  0.70077636871461357
  0.70257539597847962  0.70437442324234567  0.70617345050621172  0.70797247777007777
  0.74069995085398355  0.74069995085399354  0.74069995085400353  1.00000000000000000
  0.08724701007207235  0.37667346213434727  0.37834692426869454  0.38002038640304181
  0.38169384853738908  0.38336731067173635  0.38504077280608362  0.38671423494043089
  0.38838769707477816  0.39006115920912543  0.39173462134347270  0.39340808347781997
  0.39508154561216724  0.39697165190597461  0.39903846964648726  0.40110528738699991
  0.40317210512751256  0.40523892286802521  0.40730574060853786  0.40937255834905051
  0.41143937608956316  0.41350619383007581  0.41557301157058846  0.46355239436857854
  0.56312902150830935  0.63178755021773569  0.64971275191715783  0.66763795361658007
  0.68556315531600220  0.68999120723340146  0.69278420166620669  0.69557719609901181
  0.69837019053181693  0.70116318496462204  0.70395617939742727  0.70674917383023239
  0.70954216826303751  0.71233516269584274  0.71512815712864786  0.71792115156145309
  0.72071414599425820  0.72350714042706343  0.72630013485986866  0.72909312929267378
  0.73177972465110153  0.73446344285120091  0.73714716105130040  0.73983087925139990
  0.74251459745149939  0.74519831565159889  0.74788203385169838  0.75135432831104787
  0.75777876022555724  0.76420319214006660  0.77062762405457597  0.77705205596908533
  0.78347648788359481  0.78990091979810417  0.85516891559153052  0.86544902939588120
  0.87572914320023187  0.88600925700458255  0.89628937080893323  0.90656948461328402
  0.91843860490634377  0.95925788700717429  0.96080046421125853  0.96234304141534288
  0.96388561861942712  0.96542819582351136  0.96697077302759560  0.96851335023167984
  0.97005592743576408  0.97159850463984831  0.97314108184393255  0.97468365904801679
  0.97622623625210103  0.97776881345618538  0.97928101063885820  0.98049977471892535
  0.98171853879899251  0.98293730287905967  0.98415606695912683  0.98537483103919410
  0.98659359511926126  0.98781235919932842  0.98903112327939557  0.99024988735946273
  0.99146865143952989  0.99268741551959705  0.99390617959966421  0.99512494367973137
  0.99634370775979852  0.99756247183986568  0.99878123591993284  1.00000000000000000
  0.00342528283500451  0.00446676203558766  0.00550824123617081  0.00654972043675396
  0.00759119963733711  0.00863267883792026  0.00967415803850341  0.01071563723908656
  0.01175711643966971  0.01279859564025286  0.01384007484083601  0.01488155404141916
  0.01592303324200232  0.01696451244258547  0.01800599164316861  0.01904747084375177
  0.02008895004433492  0.02108353132252444  0.02196060835929800  0.02283768539607156
  0.02371476243284513  0.02459183946961870  0.02546891650639226  0.02634599354316582
  0.02722307057993938  0.02810014761671295  0.02897722465348651  0.02985430169026008
  0.03073137872703364  0.03160845576380721  0.03248553280058077  0.03336260983735433
  0.03423968687412789  0.03511676391090146  0.03599384094767502  0.03687091798444859
  0.03774799502122215  0.03862507205799572  0.03950214909476928  0.04037922613154284
  0.04125630316831640  0.04227930048023721  0.04343059995110538  0.04458189942197355
  0.04573319889284172  0.04688449836370989  0.04803579783457806  0.04918709730544623
  0.05033839677631440  0.05148969624718257  0.05264099571805074  0.05379229518891891
  0.05494359465978708  0.05609489413065525  0.05724619360152342  0.05839749307239159
  0.05954879254325976  0.06070009201412793  0.06185139148499610  0.06300269095586428
  0.06415399042673244  0.06530528989760061  0.06645658936846878  0.06760788883933695
  0.06875918831020512  0.06991048778107330  0.07106178725194146  0.07221308672280963
  0.07336438619367780  0.07451568566454597  0.07566698513541414  0.07681828460628232
  0.07796958407715048  0.07912088354801865  0.08027218301888682  0.08142348248975499
  0.08257478196062316  0.11018296319117438  0.18888981064202398  0.26759665809287358
  0.34630350554372330  0.42501035299457296  0.46238898377848942  0.46942248447406681
  0.47645598516964427  0.48209370354801456  0.48685617798780206  0.49161865242758951
  0.49470146202435572  0.49470146202436571  0.49470146202437570  0.49470146202438570
  0.49470146202439569  0.49470146202440568  0.49470146202441567  1.00000000000000000
  0.04159062703450528  0.05929423411009140  0.07784031475108587  0.15949405408800188
  0.18951843628438805  0.19224603447982597  0.19497363267526391  0.19770123087070185
  0.20042882906613976  0.20315642726157770  0.20588402545701565  0.20861162365245356
  0.21133922184789153  0.21406682004332950  0.21679441823876744  0.21952201643420541
  0.22224961462964338  0.22497721282508132  0.22770481102051929  0.23043240921595723
  0.23316000741139517  0.23588760560683308  0.23861520380227103  0.24134280199770897
  0.24407040019314688  0.24679799838858482  0.24952559658402274  0.31302471923613562
  0.31515902521118894  0.31729333118624220  0.31942763716129552  0.32156194313634878
  0.32369624911140205  0.32583055508645536  0.32796486106150863  0.33009916703656195
  0.33223347301161521  0.33436777898666847  0.33650208496172179  0.33863639093677511
  0.34077069691182843  0.34290500288688175  0.34503930886193507  0.34717361483698833
  0.34930792081204165  0.35144222678709497  0.35357653276214829  0.35571083873720155
  0.35784514471225487  0.35997945068730813  0.36211375666236145  0.36424806263741472
  0.36638236861246798  0.36851667458752130  0.37065098056257456  0.37278528653762788
  0.37491959251268114  0.47865912376847142  0.56394277072009102  0.57045177077424525
  0.57696077082839958  0.58346977088255381  0.58997877093670825  0.59648777099086259
  0.60299677104501692  0.60950577109917126  0.61601477115332548  0.62252377120747981
  0.69173820980495426  0.79945545510653571  0.89604283253074379  0.89803295034676722
  0.90002306816279065  0.90201318597881408  0.90400330379483751  0.90599342161086094
  0.90798353942688437  0.90997365724290780  0.91196377505893123  0.91395389287495465
  0.91594401069097797  0.91736712654394803  0.91846696058772415  0.91956679463150015
  0.92066662867527616  0.92176646271905216  0.92286629676282828  0.92396613080660428
  0.92506596485038028  0.92616579889415629  0.92726563293793240  0.92836546698170841
  0.92946530102548441  0.93056513506926053  0.93102682034174600  1.00000000000000000
  0.17031657298405967  0.18566740391179995  0.20489415894946444  0.29703888643464887
  0.40444569034919431  0.46193114138550823  0.46915152857514714  0.47637191576478605
  0.48359230295442490  0.49081269014406370  0.49803307733370250  0.50525346452334130
  0.51247385171298021  0.51969423890261901  0.60428643491838863  0.60609091500184686
  0.60789539508530510  0.60969987516876334  0.61150435525222158  0.61330883533567981
  0.61511331541913805  0.61691779550259618  0.61872227558605442  0.62052675566951265
  0.62233123575297089  0.62413571583642913  0.62594019591988737  0.62774467600334560
  0.62954915608680384  0.63135363617026208  0.63315811625372032  0.63496259633717855
  0.63676707642063679  0.63857155650409492  0.64037603658755315  0.64218051667101139
  0.64398499675446963  0.64578947683792787  0.64735313491156621  0.64891079419623077
  0.65046845348089521  0.65202611276555966  0.65358377205022411  0.65514143133488867
  0.65669909061955312  0.65825674990421756  0.65981440918888201  0.66137206847354657
  0.66292972775821102  0.66448738704287547  0.66604504632754002  0.66859630159834671
  0.67180740064681388  0.67501849969528094  0.67822959874374800  0.68144069779221506
  0.68465179684068211  0.68786289588914928  0.69107399493761634  0.69428509398608340
  0.69749619303455046  0.70070729208301763  0.70391839113148469  0.70712949017995175
  0.77547325554554036  0.88288005946008585  0.89794145016542737  0.90033867228210929
  0.90273589439879132  0.90513311651547323  0.90753033863215515  0.90992756074883718
  0.91232478286551910  0.91472200498220102  0.91711922709888305  0.91951644921556497
  0.92191367133224689  0.92431089344892881  0.92670811556561072  0.92910533768229264
  0.93150255979897456  0.93389978191565648  0.93629700403233851  0.93869422614902043
  0.94109144826570235  0.94348867038238426  0.94588589249906618  0.94828311461574810
  0.95068033673243002  0.95307755884911194  0.95547478096579397  0.95787200308247589
  0.96756717500509914  0.97900147558162887  0.98950754117418249  1.00000000000000000
   4.4739952083138803E-013  -1.0000000000000000     
 F F F F F F F F F F F F F F F F F F F F F F F F F F F F F F F F F F F F F F F F F F F F F F F F F F F F F F F F F F F F F F F F F F F F F F F F F F F F F F F F F F F F F F F F F F F F F F F F F F F F F F F F F F F F F F F F F F F F F F F F F F F F F F F F F F F F F F F F F F F F F F F F F F F F F F F F F F F F F F F F F F F F F F F F F F F F F F F F F F F F F F F F F F F F F F F F F F F F F F F F F F F F F F F F F F F F F F F F F F F F F F F F F F F F F F F F F F F F F F F F F F F F F F F F F F F F F F F F F F F F F F F F F F F F F F F F F F F F F F F F F F F F F F F F F F F F F F F F F F F F F F F F F F F F F F F F F F F F F F F F F F F F F F F F F F F F F F F F F F F F F F F F F F F F F F F F F F F F F F F F F F F F F F F F F F F F F F F F F F F F F F F F F F F F F F F F F F F F F F F F F F F F F F F F F F F F F F F F F F F F F F F F F F F F F F F F F F F F F F F F F F F F F F F F F F F F F F F F F F F F F F F F F F F F F F F F F F F F F F F F F F F F F F F F F F F F F F F F F F F F F F F F F F F F F F F F
  <DiscreteSampler_grid>
  grouped_processes
  1 # 1 for a reference and 2 for a running grid.
  10 # Attribute 'min_bin_probing_points' of the grid.
  1 # Attribute 'grid_mode' of the grid. 1=='default',2=='initialization'
  0.0000000000000000 # Attribute 'small_contrib_threshold' of the grid.
  0.5000000000000000 # Attribute 'damping_power' of the grid.
 # binID   n_entries weight   weight_sqr   abs_weight
    10   10   6.345602805043701E-001   2.178627948995160E+000   6.345602805043701E-001
  </DiscreteSampler_grid>
