0.49078E+00 0.52213E-03 0.00000E+01 20880432 0 0 144013 0.29335E+06 0.00000E+01 0.49077E+00 0.00000E+01 0.00000E+01 0
1 0.48459 0.009578 5.5904 256.04 0.48458
2 0.48389 0.0048091 3.9754 156.83 0.48388
3 0.49242 0.0032329 3.7139 380.79 0.49241
4 0.47666 0.011822 4.9604 149.75 0.47665
5 0.48251 0.0062601 3.6696 126.58 0.48249
6 0.50189 0.0042145 3.3589 165.52 0.50188
7 0.49357 0.013376 5.42 158.58 0.49356
8 0.49254 0.0069614 3.9976 168.31 0.49253
9 0.49345 0.0039149 3.1735 103.91 0.49344
10 0.48632 0.014376 5.912 248.79 0.48631
11 0.49234 0.0070537 4.0522 127.76 0.49233
12 0.48197 0.0043847 3.6389 281.47 0.48197
13 0.4915 0.0095238 5.4807 368.33 0.49146
14 0.50077 0.012831 10.249 1888.7 0.50076
15 0.49188 0.0032343 3.7196 321.97 0.49187
16 0.4952 0.0067305 3.8443 126.56 0.49519
17 0.49434 0.0063734 5.1571 700.95 0.49433
18 0.49413 0.0027398 3.1366 251.97 0.49411
19 0.48859 0.0070962 4.1079 142.18 0.48858
20 0.48899 0.0043673 3.5725 144.5 0.48898
21 0.49964 0.0041136 4.6574 809.56 0.49963
22 0.47901 0.013389 5.5902 145.25 0.479
23 0.47831 0.0070273 4.1555 98.478 0.4783
24 0.49473 0.0044652 3.6102 161.98 0.49472
25 0.47878 0.0063416 3.7463 112.74 0.47876
26 0.49188 0.0044172 3.5921 205.24 0.49187
27 0.49203 0.0027932 3.2113 140.7 0.49202
28 0.48599 0.02042 8.4035 322.88 0.48598
29 0.48193 0.0082554 4.845 212.55 0.48193
30 0.48881 0.0044921 3.6759 129.99 0.4888
31 0.48495 0.0078452 4.5756 195.36 0.48493
32 0.49257 0.004497 3.6519 128.71 0.49256
33 0.48818 0.0036441 4.2227 799.59 0.48816
34 0.47592 0.011132 4.6779 127.91 0.4759
35 0.49016 0.0071146 4.1054 220.85 0.49015
36 0.48683 0.0038404 3.1555 96.847 0.48682
37 0.49837 0.0091394 5.187 219.2 0.49836
38 0.4939 0.0045814 3.7104 146.43 0.49389
39 0.49415 0.003078 3.5236 233.0 0.49414
40 0.47852 0.01376 5.7511 258.12 0.47851
41 0.4718 0.0059485 3.5661 87.252 0.47179
42 0.48582 0.0040059 3.2983 139.18 0.48581
43 0.5004 0.018278 7.3054 496.34 0.50039
44 0.48458 0.0074842 4.3684 239.29 0.48457
45 0.48925 0.0040189 3.2858 111.35 0.48924
46 0.47605 0.015719 6.604 207.81 0.47604
47 0.50208 0.0087351 4.9208 223.78 0.50207
48 0.49918 0.0044192 3.5412 179.22 0.49916
49 0.48498 0.012544 5.1731 197.93 0.48497
50 0.47953 0.0059246 3.4945 93.953 0.47952
51 0.48684 0.0039381 3.2356 188.24 0.48682
52 0.49087 0.0096494 5.56 319.88 0.49086
53 0.48521 0.0051878 4.2768 338.37 0.4852
54 0.49087 0.0028598 3.2957 152.04 0.49086
55 0.48955 0.012526 5.1174 224.78 0.48952
56 0.50238 0.007077 3.9843 186.68 0.50237
57 0.49247 0.0040963 3.3272 154.79 0.49246
58 0.50901 0.020123 7.9066 508.34 0.509
59 0.48707 0.0075613 4.3909 282.35 0.48707
60 0.48912 0.0040962 3.3499 141.91 0.48911
61 0.49633 0.0069313 3.9499 120.94 0.49632
62 0.49283 0.0043845 3.5587 241.57 0.49282
63 0.49493 0.0027638 3.1589 179.87 0.49492
64 0.48241 0.010505 4.3551 110.68 0.4824
65 0.50337 0.0092324 5.1877 476.43 0.50336
66 0.48953 0.0040024 3.2704 170.61 0.48952
67 0.48473 0.014857 6.1301 216.21 0.48472
68 0.48892 0.0079641 4.6073 211.17 0.48891
69 0.48622 0.0038878 3.1984 91.257 0.48621
70 0.48033 0.011853 4.9353 151.58 0.48033
71 0.48965 0.0068226 3.941 107.71 0.48964
72 0.48744 0.0038894 3.1917 96.806 0.48743
73 0.51151 0.018204 7.1177 530.56 0.5115
74 0.4919 0.0065428 3.7621 119.16 0.49189
75 0.49079 0.0038976 3.1765 116.96 0.49078
76 0.46407 0.012392 5.3407 152.04 0.46405
77 0.48122 0.0080152 4.7111 216.13 0.4812
78 0.4873 0.0043664 3.5842 204.49 0.48728
79 0.51037 0.020091 7.873 587.12 0.51036
80 0.49098 0.006643 3.8269 191.87 0.49098
81 0.49624 0.0042554 3.4301 171.08 0.49623
82 0.52753 0.016137 6.1178 183.5 0.52752
83 0.49409 0.0069096 3.9554 181.44 0.49407
84 0.48977 0.0037769 3.0846 141.57 0.48976
85 0.49082 0.014428 5.879 248.3 0.49081
86 0.49847 0.0065614 3.7231 147.56 0.49846
87 0.49141 0.004052 3.2982 138.04 0.4914
88 0.49682 0.012578 5.0635 227.82 0.49681
89 0.4958 0.0067993 3.8788 160.8 0.49579
90 0.49148 0.0037871 3.0822 112.7 0.49147
91 0.50227 0.013913 5.54 144.79 0.50225
92 0.49776 0.0076461 4.3447 232.03 0.49775
93 0.48029 0.0040866 3.4034 198.23 0.48028
94 0.50866 0.014944 5.876 149.59 0.50865
95 0.49752 0.0079008 4.4916 330.79 0.49751
96 0.49303 0.0042572 3.4539 125.83 0.49302
97 0.48812 0.0080882 4.6867 237.58 0.48811
98 0.49245 0.0057986 4.71 569.02 0.49244
99 0.49279 0.003646 4.1854 712.0 0.49278
100 0.50615 0.015129 5.9783 320.52 0.50614
101 0.49936 0.0067367 3.8157 148.45 0.49935
102 0.49841 0.0039531 3.1726 134.67 0.4984
103 0.46886 0.010353 4.4164 90.791 0.46885
104 0.49997 0.0065341 3.6965 95.646 0.49996
105 0.48917 0.0040319 3.2969 128.65 0.48916
106 0.48323 0.011346 6.6411 704.42 0.48322
107 0.49329 0.0048115 3.9015 204.46 0.49329
108 0.49056 0.0029539 3.4062 280.01 0.49055
109 0.50377 0.013788 5.474 175.83 0.50376
110 0.48851 0.0070395 4.0758 176.41 0.4885
111 0.49005 0.0039616 3.2336 140.87 0.49004
112 0.4902 0.010671 6.157 407.81 0.49018
113 0.48809 0.004808 3.9403 176.61 0.48808
114 0.49131 0.003136 3.6108 210.0 0.4913
115 0.49138 0.0062377 3.5904 143.31 0.49137
116 0.49418 0.004735 3.8326 436.82 0.49417
117 0.48832 0.0025279 2.9284 115.71 0.4883
118 0.49301 0.013022 5.2829 158.54 0.49298
119 0.49082 0.0063291 3.6473 99.644 0.49081
120 0.49084 0.0039835 3.2462 129.73 0.49083
121 0.48955 0.011555 4.7207 118.18 0.48954
122 0.48748 0.005721 3.3194 94.828 0.48747
123 0.49525 0.0039197 3.1658 103.25 0.49523
124 0.5019 0.0075762 4.2695 287.92 0.50189
125 0.49601 0.0046261 3.7307 364.9 0.496
126 0.49715 0.0026329 2.9958 87.372 0.49714
127 0.47069 0.0077129 4.6348 173.76 0.47067
128 0.492 0.0047782 3.8847 203.18 0.49199
129 0.49073 0.0027136 3.1281 122.9 0.49072
130 0.48859 0.018255 7.4726 467.36 0.48858
131 0.48052 0.0076564 4.5067 257.86 0.48051
132 0.48159 0.0041653 3.4596 133.83 0.48158
133 0.48763 0.0067088 3.8913 128.32 0.48763
134 0.49312 0.0043182 3.5027 158.5 0.49311
135 0.49193 0.0031236 3.5919 486.62 0.49192
136 0.48121 0.0062248 3.6588 110.33 0.48119
137 0.49693 0.0099066 7.9743 1448.3 0.49692
138 0.48993 0.0027405 3.1643 154.76 0.48992
139 0.47752 0.010814 4.5293 141.79 0.47751
140 0.49138 0.0064551 3.7156 140.11 0.49137
141 0.49072 0.0039588 3.2269 117.2 0.49071
142 0.49007 0.0069501 4.0112 192.64 0.49006
143 0.49068 0.0046702 3.8072 208.36 0.49067
144 0.49695 0.0029749 3.3863 173.97 0.49694
<lo_statistics>
<cumulated_time> 2078.31165 </cumulated_time>
</lo_statistics>