  0.00309224225078234  0.01278346385412706  0.02309508637842634  0.03286768701221327
  0.04265192610884949  0.05137283755088157  0.06054389036972669  0.06892792875070131
  0.07873467488277182  0.08927586989553270  0.10139291117026689  0.11281094519558445
  0.12442462037547065  0.13523195416122472  0.14508290782290434  0.15773849402930049
  0.16968991838472852  0.18111276195993167  0.19226715715736145  0.20265138233892530
  0.21282903940325040  0.22246766913311686  0.23024725248569297  0.23692809413810939
  0.24459198963301035  0.25287823373654944  0.26026992061086718  0.26773513957597411
  0.27568344297625597  0.28488360053633499  0.29350047575836719  0.30285607261614544
  0.31380690501507769  0.32512817397281374  0.33670334833225957  0.34817420016260242
  0.35895650043772753  0.36797486796984152  0.37728433223242297  0.38584530078117601
  0.39578554132698640  0.40723324719492460  0.41898613774348786  0.42827265906526035
  0.43719348115944368  0.44679314375589574  0.45638375248990659  0.46719706717383330
  0.47767794312860323  0.48783792543579768  0.49841391983321121  0.51052856334622443
  0.52018964722923466  0.52767564572074654  0.53684626086948439  0.54653867780575305
  0.55787767194870597  0.56845114318948164  0.58129551212989328  0.59454452445017236
  0.60506318389745317  0.61328551621937666  0.62099280002759238  0.62881534252130955
  0.63959802699686996  0.64794513540059651  0.65535194373640504  0.66342243296840864
  0.67164710999945176  0.68009348983647622  0.68796078513690417  0.69587824544068411
  0.70490565596620147  0.71462539710369299  0.72462407490629965  0.73456932790921747
  0.74545104334213985  0.75812568277671366  0.77209314273295382  0.78760784014127416
  0.80181794432881193  0.81511354668444036  0.82745599859684771  0.83975091213107023
  0.85354367783468443  0.86834331031224155  0.88175752382898076  0.89295283049250895
  0.90385950967117401  0.91559020879139885  0.92586210283522319  0.93894330635206291
  0.95364114134261746  0.96839987972214836  0.98319511684065841  1.00000000000000000
  0.00809451506579580  0.00992392156381610  0.01195734152863689  0.01403944300608658
  0.01602445588766548  0.01802802259948490  0.02043598286567291  0.02326270279566700
  0.02616547070975055  0.02871241201266523  0.03148972152895146  0.03483324160695506
  0.03858992314752688  0.04312501279622226  0.04759285125514424  0.05372713658395373
  0.06098106752725411  0.07120428671522774  0.08581100504419963  0.10201556224360118
  0.11524922389698887  0.12862397683570409  0.14435586981841259  0.16566442751226790
  0.18943175218722336  0.21034740777816555  0.22238710104884041  0.23537547152555674
  0.24992907552234433  0.26529567311103569  0.28371863300844408  0.30224685910904076
  0.32124188633308659  0.33919224144724458  0.35511877664676800  0.37234522863742153
  0.39332990682801816  0.41748007913943908  0.43886858928272876  0.45469148536721210
  0.46792666077473322  0.47993723651147135  0.49267897077113032  0.50749170152006584
  0.52335914006348006  0.54069100793389513  0.55958349012186204  0.57955378900747401
  0.59671842613670312  0.61583673074453993  0.63281971569490658  0.64992863936639178
  0.66778191841354551  0.68436619077415939  0.70034076526431444  0.71585127829605188
  0.73229049411313707  0.74981653397619252  0.76528694853288137  0.77945266599943230
  0.79366686104807438  0.80968039723124441  0.82563443534845993  0.83963210481429840
  0.85494295743409743  0.87084700626840017  0.88386302521212423  0.89555990034683530
  0.90458907508695885  0.91373814493843319  0.92403383791196858  0.93115612909520895
  0.93730624259928919  0.94345938245380123  0.94917103709340012  0.95446190152339117
  0.95895240897803868  0.96181532694824312  0.96470354889169807  0.96752815693636640
  0.97015877268546924  0.97285852203332268  0.97578146862466453  0.97822238905203684
  0.98004839525788512  0.98164318156444652  0.98306769303990138  0.98430031478114177
  0.98539235779325762  0.98639683386952293  0.98732415041216737  0.98824867931393734
  0.98913762474848899  0.98984715403606471  0.99009461358955930  1.00000000000000000
  0.00387066259536062  0.01064520492966275  0.01864353187484219  0.02625943843512785
  0.03472596636335649  0.04546778663393129  0.05716400526533831  0.06892448381191266
  0.07925329750825454  0.08980204347531690  0.09949421997459516  0.10841588997591443
  0.11723799966710706  0.12769715823889560  0.13711981778744350  0.14436451767021102
  0.15139303728488163  0.15934629217175478  0.16831591030082563  0.17672351416296939
  0.18424711507868891  0.19322992694101490  0.20328021226352605  0.21497868170340051
  0.22602375906898897  0.23692852671685002  0.24698739107810419  0.25763982140563441
  0.26940246625520542  0.27951682802628053  0.28947071239346434  0.29907317876373934
  0.30976997404329326  0.32086506551514044  0.33385679114569811  0.34781265966644709
  0.35889061007803952  0.36827249844255949  0.37692531875725388  0.38521266887342159
  0.39320281389385120  0.40131792373433256  0.40908005143359044  0.41740932322158558
  0.42679235564326512  0.43672632881234474  0.44626418841440546  0.45669328654686647
  0.46884301084522784  0.48115310132116551  0.49067278457991792  0.50196790515524825
  0.51440892163298280  0.52836013280188177  0.54231436381649978  0.55453451145554755
  0.56444627428764360  0.57246422386387541  0.58062090143856493  0.59036179669271749
  0.59942509822569690  0.60750335594496263  0.61775924741598098  0.62736187523219711
  0.63925882198030204  0.65186664678480088  0.66545554599918977  0.67933066306554357
  0.69309989492262980  0.70609819212531533  0.71694804184881700  0.72614516963766096
  0.73513570648228632  0.74434411189049077  0.75433401672009848  0.76593699761333911
  0.77712800619274802  0.78788895086733302  0.79955337006429705  0.81202352541311451
  0.82223644455128209  0.83109741638487988  0.84020573791735531  0.85205022870476810
  0.86436165503296869  0.87453971233873207  0.88412435150913626  0.89208884256685461
  0.90090683812206518  0.90989045927418244  0.91909119409504725  0.93296330334601296
  0.94704604916106094  0.96273067474403107  0.98116963393194112  1.00000000000000000
  0.00838492085236085  0.00913448921170533  0.01012765520712502  0.01126578182842495
  0.01252048744114894  0.01396734737671913  0.01567687205301757  0.01762018354374145
  0.01986705858525170  0.02252004106801719  0.02576354962883342  0.02943922080736443
  0.03319862510104523  0.03745782069232191  0.04259408901692803  0.04925556682518493
  0.05756674127934967  0.06770916205574641  0.07866822422238762  0.09100653734725254
  0.10318223259367494  0.11438748933010690  0.12513643256437923  0.13880237740201609
  0.15257767622717824  0.16571860245690406  0.18287208163901542  0.20135602384312540
  0.22034180315646645  0.23412656384191752  0.24766351953717169  0.26322633871825157
  0.27960831116026835  0.29896776732853581  0.32067174045507452  0.34076297349417900
  0.35924928125558170  0.37806798146580928  0.39789144552585887  0.41921810019100891
  0.43439448826126864  0.44748882126974021  0.46221282298612915  0.47737429464085340
  0.49305706153428858  0.51382678359315437  0.53776101775538054  0.55645570702901104
  0.57444767964523302  0.59241512099019655  0.60817104480254081  0.62553616412765767
  0.64231773445954077  0.65903367114838873  0.67719664539960112  0.69212829857703628
  0.70714111077897179  0.72122095391600582  0.73508356985162937  0.75089658862295927
  0.77121924144880205  0.79417294613100042  0.81649304949359947  0.83478576550665529
  0.85018216250654000  0.86291505322131168  0.87760213772328100  0.88713296618330717
  0.89536681883921898  0.90447355368033744  0.91360386784612435  0.92280681292459732
  0.93070234306584121  0.93780264905678712  0.94460413350923256  0.95061376531872732
  0.95565923401265129  0.96051947012219252  0.96483364488702772  0.96842392270451449
  0.97184082382912362  0.97503056108664798  0.97757286106418395  0.97972804779849210
  0.98160574568246528  0.98329648746858767  0.98466901504773341  0.98567907408100119
  0.98661539414382149  0.98751095332532546  0.98823563423506733  0.98882380066631292
  0.98938418248756943  0.98984365114273942  0.99010404323590706  1.00000000000000000
  0.00000000075689498  0.00000000077310592  0.00000000078647755  0.00000000080523708
  0.00000000082304333  0.00000000083524544  0.00000000084509170  0.00000000085690608
  0.00000000086737304  0.00000000087668982  0.00000000088558905  0.00000000089335486
  0.00000000090136199  0.00000000091274828  0.00000000092481370  0.00000000093471629
  0.00000000094417278  0.00000000095455617  0.00000000096680979  0.00000000097984056
  0.00000000099340724  0.00000000100939617  0.00000000103253862  0.00000000105303141
  0.00000000107596204  0.00000000109957455  0.00000000112044790  0.00000000113894393
  0.00000000115612135  0.00000000117483952  0.00000000119277281  0.00000000121063002
  0.00000000123119523  0.00000000125043346  0.00000000126771728  0.00000000129235408
  0.00000000132316069  0.00000000135590509  0.00000000139231321  0.00000000143387634
  0.00000000146917332  0.00000000150192415  0.00000000153408199  0.00000000156512248
  0.00000000160223525  0.00000000164717201  0.00000000169560107  0.00000000174545438
  0.00000000179177123  0.00000000183472411  0.00000000187573285  0.00000000191552112
  0.00000000196064476  0.00000000200912839  0.00000000205573059  0.00000000211343459
  0.00000000218023517  0.00000000225400822  0.00000000232391154  0.00000000239129765
  0.00000000247126953  0.00000000255001897  0.00000000261990725  0.00000000271937021
  0.00000000284599921  0.00000000296847288  0.00000000307791413  0.00000000317996688
  0.00000000328578248  0.00000000341373860  0.00000000355099199  0.00000000371265438
  0.00000000388622143  0.00000000407224955  0.00000000428547400  0.00000000454891837
  0.00000000487204329  0.00000000532018109  0.00000000589293087  0.00000000659390311
  0.00000000729868049  0.00000000815495441  0.00000000919603625  0.00000001043207453
  0.00000001195950331  0.00000001395348239  0.00000001742116022  0.00000002432140685
  0.00000003676159147  0.00000005801056356  0.00000012614544679  0.00000090160874930
  0.00004457884352221  0.00051077823943690  0.01396276297343331  1.00000000000000000
  0.00014194223026069  0.00035567018978367  0.00047429194212123  0.00057542808029812
  0.00068610329260022  0.00078199305561127  0.00085893500904783  0.00094176201862170
  0.00103785668858440  0.00114453219200568  0.00126129071658269  0.00138271549048522
  0.00149770865789433  0.00160052436069226  0.00171419424139619  0.00184834120685503
  0.00201691180871472  0.00219481703283748  0.00239132711069112  0.00261933991868898
  0.00282998935271407  0.00300926735245786  0.00315326411378488  0.00327854726928182
  0.00340950752886080  0.00354250447765330  0.00370134656352263  0.00388948544599107
  0.00409646047406771  0.00430761147841729  0.00454207174964448  0.00479280714676937
  0.00502520257892853  0.00528014017088410  0.00556403545969972  0.00587116459199863
  0.00618887492851760  0.00648503047121103  0.00677748141255867  0.00706090307863833
  0.00728369764264218  0.00744180733160141  0.00762198171542659  0.00788160447545753
  0.00824227174718393  0.00862768647418003  0.00888731181714845  0.00915611298800063
  0.00954834756650341  0.01010516757382199  0.01057188256171212  0.01098520304202768
  0.01127258918645059  0.01155450215351873  0.01193892457827505  0.01222787322715165
  0.01269577474659386  0.01326473079450832  0.01392567272908691  0.01461040731189456
  0.01512017606493435  0.01558051497412606  0.01601487967653765  0.01648958175928271
  0.01702115903331267  0.01777345628846363  0.01895256631940123  0.01955667708297126
  0.02025463734827979  0.02091013745696728  0.02152743784396514  0.02216674032357166
  0.02278523502084058  0.02332341373102614  0.02389354765568388  0.02470862843901944
  0.02568953406966188  0.02682211000309130  0.02808137251102110  0.02925561119089572
  0.03143783171431344  0.03435692735587140  0.03651793705034389  0.03826146679664048
  0.04006861910075032  0.04194961865013262  0.04325813124126312  0.04444351863657298
  0.04562890603188285  0.04768887662128773  0.04980843633360755  0.09067559786240081
  0.23247896751920710  0.37428233717601345  0.52490829530810346  1.00000000000000000
 -0.00275906201547057  0.00904243273697421  0.02027064736005611  0.03279645827445559
  0.04509382719075538  0.05561384356844731  0.06550466786935119  0.07669031123904292
  0.08780659078061324  0.09651668551064298  0.10364357789293019  0.10965268694174433
  0.11598136857400686  0.12591630868155015  0.13621700155783620  0.14513415160764470
  0.15418190887086183  0.16338282790662317  0.17380175508499238  0.18387705542605404
  0.19224042488930254  0.20099031690030575  0.21273262356044956  0.22418796567189120
  0.23437803247426500  0.24583412834594368  0.25813976126127314  0.27284028567494939
  0.28794691051825627  0.30344076986887675  0.31667843538192519  0.32747176762625579
  0.33887819808534630  0.35123489855360146  0.36317662265822809  0.37421590791795989
  0.38450560974237158  0.39423831691050504  0.40363898006319521  0.41455632055795161
  0.42865261381546327  0.44381265611620713  0.45648471100682686  0.46581114238304833
  0.47398194779461156  0.48252049544596765  0.49330909589094823  0.50487995379124206
  0.51602142859119116  0.52775930106676783  0.53895449661659833  0.54920057472363404
  0.55917818330881774  0.56950705763229736  0.57909838880320430  0.58683587989379993
  0.59511056562175613  0.60352742095090517  0.61182707504945522  0.62028527945888956
  0.62913448418435081  0.63832311317327650  0.64907577371281500  0.66083191905075922
  0.67249609661759524  0.68322011675346772  0.69421120592424701  0.70666265613754531
  0.71557939248569558  0.72292143598497605  0.73127683341887351  0.74053363749507717
  0.74905716032689917  0.75725369742668025  0.76647574634742877  0.77741119162430672
  0.78876665162864135  0.79974468223540063  0.81070061279305528  0.82177220926358530
  0.83293610543351482  0.84456353951730878  0.85622706568161344  0.86914873717135854
  0.87979289387257442  0.88948342474861819  0.89841061633073160  0.90716931135813605
  0.91640265194157822  0.92713926290703375  0.93996858677177353  0.95363471489779617
  0.96277450001494369  0.97319314800535095  0.98366546405847721  1.00000000000000000
 -0.00170045497538434  0.00716957174808646  0.01670633815919851  0.02685212284458883
  0.03449846057585307  0.04384874030684605  0.05517903111499380  0.06824527171862778
  0.07847548210292417  0.08925127242714619  0.09931017686872196  0.10956264391734144
  0.12051215865957009  0.13179907423402551  0.14413128759934712  0.15729322266898429
  0.17112148138034097  0.18220052871648648  0.19327717955767823  0.20432708333344626
  0.21561615100542930  0.22684415230057284  0.23733481405038875  0.24819192161817208
  0.25877192231223412  0.26898369068343891  0.27992074299448289  0.29229213013013949
  0.30567730721339054  0.31915115767735736  0.33273719213469261  0.34596387526310435
  0.35815332611471512  0.36925229886072086  0.37924397367054391  0.38870143088513270
  0.39643960940679945  0.40538179585637485  0.41656632246221359  0.42767468942867903
  0.43967168840729898  0.45161244972310982  0.46311249569420382  0.47576238877505650
  0.48904884103813967  0.50103448450092958  0.51102176838851388  0.52008811797208798
  0.52957102419112423  0.53857052803648042  0.54756734353373782  0.55716341494657085
  0.56869678630342047  0.58058703664278533  0.58991125998127414  0.59815452110303635
  0.60577760301663386  0.61693056681698200  0.62956174825157585  0.64273382568540494
  0.65272521421738061  0.66253074512178955  0.67424366764434296  0.68613155149154059
  0.69667220241770023  0.70607687772617256  0.71643664392643902  0.72821745106468971
  0.73834360932369114  0.74894009479265267  0.75920883588441490  0.76787114460649131
  0.77473935553318085  0.77921688667030065  0.78512249990213834  0.79218520791341318
  0.80094749419209799  0.81086803148261621  0.82120677977522238  0.82999493874796737
  0.84230613555242351  0.85454996342233269  0.86642540860988759  0.87836411311080931
  0.89028029322855928  0.90204974644713021  0.91375422291180641  0.92447578851901946
  0.93523124459734286  0.94585204565315972  0.95589629187351988  0.96483674184055990
  0.97266667328588841  0.98084930930545045  0.99013022571177489  1.00000000000000000
 -0.00325816712461719  0.01439428614349047  0.02357489200730725  0.03361745324598695
  0.04352890468567441  0.05216280728916814  0.06148277790391752  0.07261980711004620
  0.08394256523869158  0.09385721171790312  0.10306809283365462  0.11234383157472193
  0.12124599442798051  0.13014162853413344  0.13958910481205467  0.14773612740957504
  0.15743466988106450  0.16738667168627869  0.17734795964094505  0.18674849086822268
  0.19513152374426487  0.20298415871357692  0.21318574406784363  0.22503439898850375
  0.23665746550472191  0.24610090664838868  0.25388211623443563  0.25991110723946909
  0.26611037049153513  0.27146202657536783  0.28037793963011853  0.28700218172640946
  0.29410632200159231  0.30300556595048822  0.31325484558484068  0.32495654972432225
  0.33741715265034811  0.35099723487727452  0.36420944207345152  0.37639315247355887
  0.38696180185676954  0.39654914867025198  0.40731647377548952  0.41989515076921852
  0.43228637030675127  0.44194412477281680  0.45105231727727607  0.46010146081486680
  0.46961030116079078  0.47904232549244902  0.48745128635032625  0.49638299356309767
  0.50828897523387950  0.52278394506277892  0.53658121779178003  0.54840309726333458
  0.55823472034036836  0.56751910428909158  0.57745542298731500  0.58729491608915108
  0.59688362193269839  0.60697908133113898  0.61831656256685230  0.63145007522404673
  0.64469760214993110  0.65629337456806891  0.66622625982638173  0.67502066748358447
  0.68385828434340812  0.69323333957916200  0.70476932389099878  0.71838242470164737
  0.73276963583564458  0.74651075293095381  0.75744003204152222  0.76845132557948503
  0.77990157464901122  0.79278218471979012  0.80633961369938179  0.81961392798243715
  0.83300000734611335  0.84656166267487121  0.86058363298949170  0.87452530804401440
  0.89049134019333120  0.90379550336577086  0.91578725832576080  0.92490859432403649
  0.93362837109726071  0.94274558952242271  0.95196987029505753  0.96238225298747959
  0.97230956323137807  0.98051990123958677  0.99048106566113914  1.00000000000000000
 -0.00342938844571012  0.01064464072504222  0.02313757097211672  0.03425338348039965
  0.04293484057723707  0.05238888273536228  0.06175920620687289  0.07359338176036642
  0.08602024766193829  0.10230984059793170  0.11958560465144652  0.13519486451866980
  0.14819944304194144  0.15888377760654002  0.16877861565632515  0.18030113832251327
  0.19202031817700280  0.20409730804666346  0.21562089263893547  0.22623050710444126
  0.23551027215858369  0.24127116711795196  0.24581386744132760  0.25099103666545580
  0.26201283605557241  0.27266968694782867  0.28421478073721956  0.29680503773087247
  0.31011426810257237  0.32188978555272058  0.33197746163500369  0.34151321721909572
  0.35148548661535173  0.36323601064759659  0.37635554999090520  0.38888174840763967
  0.39985077317190759  0.41003908441106107  0.42049078695788344  0.43092196688918483
  0.44181379326337378  0.45227119028610169  0.46127385793622611  0.46950409740071081
  0.47823249644419830  0.48913203232431468  0.50062358681080599  0.51089519190583632
  0.52117544608410715  0.53262023941992265  0.54376852132529019  0.55401115943757151
  0.56334075526678595  0.57253716476306837  0.58243111169143547  0.59319611360025870
  0.60401380992305953  0.61414702681042166  0.62494740650072311  0.63576406570750321
  0.64494750764799125  0.65394613982784588  0.66530069638816558  0.67793284492064532
  0.68974409392981584  0.70010563961430228  0.70989727069746611  0.71997683914187982
  0.73023872301714587  0.74025957693966227  0.74978561610976535  0.75876030791289140
  0.76768827946204543  0.77695997086665547  0.78675006022826877  0.79869138490658875
  0.81106423608226097  0.82241126076947479  0.83288409592281154  0.84428345154980800
  0.85661426838501964  0.86921850814239898  0.87955258071154940  0.88967237918548780
  0.89907431252518866  0.90732388236933215  0.91516500716166993  0.92235193658263481
  0.92944816298269817  0.93844004809052939  0.94876382092617217  0.95939825820337410
  0.97030568344735402  0.98166959329880688  0.99130665855418509  1.00000000000000000
 -0.00393281095366058  0.01624071771790252  0.02901112666798010  0.03984248482516559
  0.04700275635016273  0.05164524699671764  0.05597399493811024  0.06080507028272797
  0.06959525882781592  0.08046895133684176  0.09035818777844978  0.09825431314892738
  0.10511563306895623  0.11343838648072353  0.12251962775656086  0.13195886538843810
  0.14014919375918414  0.14783285132786070  0.15554166327119257  0.16417001224674349
  0.17536286605157603  0.18642188445103594  0.19764833818764896  0.21092113063378501
  0.22434079691237555  0.23750915408160828  0.25025207001422051  0.26243302965935716
  0.27463475808901372  0.28710422452086326  0.29656141414743026  0.30599183915381628
  0.31683194252692276  0.32905930264062300  0.34123247517195260  0.35311060755751672
  0.36691415948852196  0.37775307887925907  0.38681004117873469  0.39484198203469512
  0.40205791614162267  0.41019720685919936  0.42058057842436158  0.43213976222297945
  0.44523698428649638  0.45930832000871380  0.47268421835839397  0.48506299536858288
  0.49629703133764030  0.50628061841011374  0.51627638387078334  0.52638754396175014
  0.53724206167577671  0.54899666142769787  0.56149688960855193  0.57338646885768851
  0.58268457080779257  0.58997914858328659  0.59707676542135102  0.60420804457770771
  0.61289679926948093  0.62371228380431443  0.63623575916920738  0.64690191927916452
  0.65618865356493294  0.66593145919352337  0.67513837361291840  0.68533738048593096
  0.69677739389393589  0.70876911934143327  0.71942788327896234  0.72978518873986131
  0.74103176181423736  0.75586937089361128  0.76863322416398894  0.77993753996687620
  0.78987399280803716  0.79914159451853151  0.80884750381337089  0.81887610001653310
  0.82952812003631382  0.84025188212430957  0.85140569950741918  0.86332646247382427
  0.87682798192512701  0.89208362794496299  0.90616166114485619  0.91823311828361309
  0.92803158325160118  0.93881346016540324  0.94989857211939077  0.95998314613121338
  0.96928396191695132  0.97780556292712673  0.98753272106724377  1.00000000000000000
 -0.00235322137943917  0.01018054018052891  0.02288356039273436  0.03300250925070979
  0.04264645800841602  0.05217864376051325  0.06160486665958056  0.07392728134564933
  0.08966976862312151  0.10322882676984338  0.11249470046848344  0.11970061529507514
  0.12620958919951275  0.13323100098907445  0.14192288012115686  0.15141262046485601
  0.16099868055730837  0.17137009682341495  0.18142981038189920  0.19128039518110751
  0.20102706939150375  0.21208787812453378  0.22207158995945991  0.23195696764773036
  0.24128324496773276  0.25087561608374181  0.26109258386911011  0.27237695254352629
  0.28294058003155731  0.29360368632959177  0.30241119183679965  0.31165784412706338
  0.32212334409999344  0.33418574913283983  0.34640512111145183  0.35776667523980155
  0.36985738260366002  0.38275852098272961  0.39559223884814027  0.40851873132364336
  0.42229137266439720  0.43719386126471466  0.45074181599134816  0.46313538417437150
  0.47206737765709567  0.48113868912973828  0.48964028128965592  0.50051693779750306
  0.51087837154003712  0.52072875224788617  0.53004446567407737  0.54079342078971193
  0.54896800634689780  0.55621026335404000  0.56488773616177257  0.57513649772089825
  0.58712078825817615  0.59932639635995366  0.60868655576935549  0.61474819421147475
  0.62073960378532445  0.62810272986070392  0.63683931759745482  0.64706530521889216
  0.65794716052406399  0.66994078306730964  0.68418217684972760  0.69918073856875118
  0.71435795232812571  0.72875402174388626  0.74220954776732528  0.75301973739175421
  0.76214720930292257  0.76954256295503487  0.77654809221003707  0.78486771692885449
  0.79326758363574534  0.80093992904733491  0.80900049668716678  0.81770902700719139
  0.82672951932273775  0.83585754895867326  0.84502800264705824  0.85381695317161477
  0.86398884790788022  0.87397722626088459  0.88352083485694310  0.89275704731147554
  0.90147267687757426  0.91237876931255790  0.92830888753146179  0.94431302567535169
  0.95917857712968269  0.97301873585853327  0.98618340719129516  1.00000000000000000
 -0.00428698172818380  0.01781657168695350  0.03033691623741173  0.04327168935493134
  0.05536516751158430  0.06667952723913100  0.07648663526291588  0.08587490577240119
  0.09481765673354567  0.10372293858603572  0.11350596559383193  0.12455713121214680
  0.13713265093563187  0.15109854256848618  0.16336997483842269  0.17432006241945816
  0.18551313222322641  0.19643547650685597  0.20720147396067748  0.21709144897959051
  0.22553845562048996  0.23519132686119740  0.24438089625567591  0.25257842914421880
  0.26274050970480400  0.27211327235725186  0.28136177857611505  0.29110093832453593
  0.30309634402388658  0.31563409672450227  0.32657934175845743  0.33652482944893702
  0.34664998168564248  0.35584121612648506  0.36397455337858770  0.37202660518993202
  0.37929778976194706  0.38864415177472439  0.40059208409897379  0.41297177070507007
  0.42561313196512740  0.43733588668849455  0.44702550409305403  0.45436200614520522
  0.46072812236582694  0.46738316651573136  0.47577535509260899  0.48539803488702749
  0.49443767828753016  0.50391315804791814  0.51505678275118527  0.52699604594475191
  0.53859432183566580  0.55148529585894690  0.56492200781053570  0.57891361489135018
  0.59091548932528848  0.60108956800322078  0.61218391719278697  0.62327613418891836
  0.63307223315816319  0.64217974613590734  0.65103234616137073  0.66133071185076608
  0.67297484454617429  0.68183048805744539  0.69014273181144969  0.69971239847497479
  0.71179389775701074  0.72661933416274493  0.74162186927065565  0.75616678109808255
  0.77086292675586165  0.78248362915879843  0.79565076396332168  0.80801861902360306
  0.81965826896123106  0.82938358556665415  0.83789673268361586  0.84694025416375573
  0.85626832403436082  0.86397124687862858  0.87345536451020855  0.88472165143443016
  0.89538039482036913  0.90566012831737541  0.91678814412847021  0.92700388504107911
  0.93676168417976391  0.94582187578731158  0.95385055991172862  0.96342313485039499
  0.97114388878023306  0.97891775447441076  0.98788506733131676  1.00000000000000000
 -0.00164491756046042  0.00587250880253163  0.01234316878415810  0.01948389135081522
  0.02694107515666447  0.03444807786039665  0.04192617365077170  0.04983340507193568
  0.05773504434693012  0.06555598650881386  0.07103464367025905  0.07730354351189002
  0.08381827469597998  0.09021436635606388  0.09713612534501913  0.10802109169405717
  0.11844094182789443  0.12836171177610731  0.13899101243182166  0.15092200426437200
  0.16390163602864258  0.17690271118464965  0.19039150247792982  0.20457414747912459
  0.21776936886090792  0.22952307102143332  0.23804655261788879  0.24620038364267668
  0.25683317073617484  0.26753893716476801  0.27747783390262021  0.28711348884952126
  0.29647312668995196  0.30596634947190665  0.31669420081647409  0.32880704523571197
  0.34257380576724322  0.35547348083555674  0.36743063840685586  0.37930850967081908
  0.39351435874060808  0.40529647527228835  0.41846154037517763  0.43190055246830100
  0.44350054143134460  0.45459654259240617  0.46671488629210989  0.47992735896599542
  0.49160842246658681  0.51041183862074568  0.52415136550723407  0.53428839843468023
  0.54286641021315862  0.55250290643378286  0.56262481181977098  0.57183732395579567
  0.58184002172140759  0.59202717053698228  0.60191731524784065  0.61245733047984363
  0.62445918888045959  0.63622320548608613  0.64740738683449317  0.65703316043953919
  0.66517751625038135  0.67365930476066482  0.68337322145520729  0.69278686049726346
  0.70304533270928493  0.71380756778175436  0.72540875514377889  0.73658941277711665
  0.74696626509044506  0.75843946433948695  0.77295602774944649  0.78623668615365039
  0.80011505196425325  0.81175730033976445  0.82359474959829282  0.83408111032435617
  0.84597970946081069  0.85801742454765517  0.87017036686150706  0.88180670034065123
  0.89208927458213350  0.90095614175527194  0.91014827842026613  0.92068348683767831
  0.93182791833707190  0.94255728675945472  0.95354896023643854  0.96512478010881231
  0.97456748611644428  0.98225548880666047  0.99078225541798726  1.00000000000000000
 -0.00189615127819900  0.00922152494307650  0.02033093138034095  0.03122583329013675
  0.04178977635259752  0.05115713606652264  0.06023272057705482  0.06962703842468045
  0.07916364141601634  0.08696815048316332  0.09494115095513658  0.10512084535658459
  0.11823176995779960  0.13055962186185241  0.14112087113963695  0.15049044794996572
  0.15932571281183028  0.16869420315945036  0.17925476504007942  0.18977449856967155
  0.19877179129012323  0.21025790757810148  0.22210103465600886  0.23468306698493135
  0.24710149449316920  0.25819960707743261  0.26904100414044829  0.27964522480182347
  0.29067483737117805  0.30232025461540563  0.31248009659296316  0.32290535109206431
  0.33465193279871536  0.34638269282019513  0.35929272778578270  0.37150748981770515
  0.38357678307219251  0.39549640498148597  0.40747277529651871  0.41980325271933000
  0.43257419553010956  0.44617080853990038  0.45971231890359449  0.47313560776463781
  0.48522386693834052  0.49486112873599758  0.50412277974743347  0.51338979758330228
  0.52156676819651115  0.52878442363135580  0.53667804588711421  0.54530559785513899
  0.55855099100726679  0.57244755236257638  0.58811405970320862  0.60232016024262436
  0.61353757245813845  0.62187675530489150  0.62925799006444783  0.63686771783490614
  0.64616789161773480  0.65770190747024138  0.67107129909059815  0.68485405791467313
  0.69718110618988405  0.70969741969504263  0.72310677102834731  0.73645257599904312
  0.74900135081889607  0.75969833445493540  0.76960946303038735  0.77873922990800115
  0.78794586040270664  0.79717044492315448  0.80483996696541693  0.81153688205543395
  0.81921159101213625  0.82872339685479968  0.83693928479775936  0.84361728965523386
  0.85106767695686658  0.85993618229230939  0.86966240232161762  0.88020935561516522
  0.89215254347407869  0.90134552391581246  0.91022332578461496  0.92012958997381156
  0.93148146998184200  0.94148062132741239  0.95030422490164801  0.95887152703644640
  0.96785918864804477  0.97864164641040496  0.98867592914858715  1.00000000000000000
  0.00666035463214989  0.00751230770269770  0.00822593218325035  0.00866459546263054
  0.00898251075867740  0.00926965127968334  0.00952119946845949  0.00975205919174813
  0.00997811115075629  0.01018581245877674  0.01037985519482408  0.01055665835488605
  0.01072687081194951  0.01089552638726130  0.01107287925018937  0.01125702746754688
  0.01143468182661891  0.01159720118576158  0.01174634332397187  0.01190628845244123
  0.01209063167311773  0.01227821658074865  0.01247816300401522  0.01268525682696941
  0.01289961162766810  0.01312008518644787  0.01332343024988129  0.01353535416374926
  0.01376144449189367  0.01400445249603507  0.01427139539155423  0.01454921202262123
  0.01483553965506247  0.01512719264806195  0.01541330807379808  0.01569018345444277
  0.01596534892567601  0.01626679602789134  0.01659629722429263  0.01695160791923703
  0.01732665345709474  0.01767519867958971  0.01799112184055748  0.01829627897233950
  0.01861345113565252  0.01895938468535912  0.01930467683511160  0.01959468738302870
  0.01987682684317820  0.02016981539996516  0.02051226867561911  0.02090163250977355
  0.02135017248884602  0.02178713275787014  0.02221743955045243  0.02255482700371435
  0.02289459553674888  0.02330762161981215  0.02379769731948470  0.02448478839472184
  0.02512677296675037  0.02562334111504216  0.02603491908329096  0.02647238257569911
  0.02697414509118528  0.02753896736827076  0.02813465233247172  0.02883249291765761
  0.02983101132936226  0.03083068908084260  0.03175864857994888  0.03267792330735623
  0.03363155156257189  0.03475430331152499  0.03625138309954559  0.03805871435635625
  0.03971434254906754  0.04110453294271642  0.04230361333394515  0.04376687865881498
  0.04537259732847106  0.04688992762137841  0.04814823704229858  0.04945683794850553
  0.05065192973937636  0.05234200611010924  0.05491392470624042  0.05912961071793225
  0.06532387091552737  0.07072375730508006  0.07625847886186275  0.08549792822053157
  0.10646044222776123  0.13044341352563821  0.58406109211386426  1.00000000000000000
 -0.00146354684309600  0.00665007816382654  0.01528311840877230  0.02441947891632500
  0.03439119095695612  0.04373714296431964  0.05301820618458473  0.06386372410832274
  0.07558591831627236  0.08825709014712764  0.10118075641662652  0.11350068853650358
  0.12466718268656865  0.13504867257398684  0.14681416247781959  0.15900418982973447
  0.16917311271733490  0.17780568462790647  0.18596243800191911  0.19528071895170487
  0.20578488213584412  0.21596085023572426  0.22630672969943924  0.23820262570276804
  0.24997033813188141  0.25942715333747773  0.26964769964712731  0.28014897143231388
  0.29184676850777314  0.30396405446551811  0.31527060276970031  0.32552267438952054
  0.33531374510057999  0.34523092728405497  0.35588498225546528  0.36593926895076451
  0.37753223583301276  0.38749696984232812  0.39693768231485393  0.40672792128676749
  0.41637049336376686  0.42678904872735979  0.43938557266489842  0.45227285753409591
  0.46338834527667105  0.47350305849694135  0.48324831424854070  0.49232159977218082
  0.50212283311157413  0.51288445071802014  0.52311665182491762  0.53292807787300422
  0.54377082453802283  0.55618255162101649  0.56874689469164041  0.58009293538354556
  0.59031405900103961  0.60006090007319379  0.61068933653038326  0.62106125250253330
  0.63046982593955603  0.63947224462586705  0.64890976230259068  0.66013342160788080
  0.67262061328220812  0.68480765308804592  0.69611886961702585  0.70705213163028646
  0.71873512610657952  0.72980411657316369  0.73834514862817224  0.74648898489312965
  0.75472678389419057  0.76390569254306540  0.77340215659709000  0.78213923672742802
  0.79012935708552379  0.79818649587369916  0.80681495321495289  0.81640131691706697
  0.82651157530754638  0.83619624694922712  0.84588738890796267  0.85605970735970904
  0.86920238990572762  0.88267225907711777  0.89439011685858549  0.90602930535300596
  0.91932610088436506  0.93413268217375534  0.94788132824640636  0.95965585670227860
  0.97049846195721023  0.98135322227128940  0.99088133132115597  1.00000000000000000
 -0.01177790784946048  0.45470073180595444  0.53066397202953119  0.57496450261232745
  0.60516909177808631  0.63514442356652157  0.65386633641434766  0.67038725996950543
  0.68619602516383182  0.70177447353283107  0.71433076692460473  0.72339138406105374
  0.73093430899550837  0.73867348407639244  0.74657209379305578  0.75256262725130341
  0.75759329319879354  0.76251611316735612  0.76807781498547700  0.77471827259392978
  0.78213227005573771  0.78987667161227160  0.79682517387746343  0.80298692191473142
  0.80865629859128707  0.81369576823802159  0.81855914137576313  0.82323539196902540
  0.82669621800207782  0.82973440422108269  0.83270233514218261  0.83567200154648491
  0.83916034109519688  0.84319742186737090  0.84715323626502304  0.85109445888547419
  0.85475649010243770  0.85740143117761325  0.85988411712151158  0.86240939647070314
  0.86460815687182957  0.86659615506197307  0.86850083903888131  0.87029428136599574
  0.87222305286151036  0.87460114708448888  0.87700713309853273  0.87913227540257421
  0.88109725705973863  0.88302963942774559  0.88509227379007949  0.88745193767406905
  0.89002008207770400  0.89257617170075032  0.89493944505309664  0.89706325644527118
  0.89905936936080932  0.90099437964790241  0.90289855595437485  0.90476579447612038
  0.90644631399840292  0.90814965381962787  0.90976889492947077  0.91142316177669203
  0.91295738101531509  0.91455797087660406  0.91633691572041043  0.91838943322746069
  0.92048281000134391  0.92259347704598171  0.92455727688790545  0.92627864988732911
  0.92778305874927092  0.92929718385225235  0.93108151151781260  0.93322730714682145
  0.93522938450734305  0.93721088008333631  0.93965208698493807  0.94228768524587769
  0.94445957632964062  0.94671310613258308  0.94901863486308036  0.95148677411246108
  0.95382138042140863  0.95586481467389783  0.95781675911869912  0.95993828546985038
  0.96247659943315100  0.96521867518717719  0.96811301544614292  0.97119591595867871
  0.97446429258281575  0.97917470759455083  0.98669173920957454  1.00000000000000000
   2.6062345682843594E-011  -1.0000000000000000     
 F F F F F F F F F F F F F F F F F F F F F F F F F F F F F F F F F F F F F F F F F F F F F F F F F F F F F F F F F F F F F F F F F F F F F F F F F F F F F F F F F F F F F F F F F F F F F F F F F F F F F F F F F F F F F F F F F F F F F F F F F F F F F F F F F F F F F F F F F F F F F F F F F F F F F F F F F F F F F F F F F F F F F F F F F F F F F F F F F F F F F F F F F F F F F F F F F F F F F F F F F F F F F F F F F F F F F F F F F F F F F F F F F F F F F F F F F F F F F F F F F F F F F F F F F F F F F F F F F F F F F F F F F F F F F F F F F F F F F F F F F F F F F F F F F F F F F F F F F F F F F F F F F F F F F F F F F F F F F F F F F F F F F F F F F F F F F F F F F F F F F F F F F F F F F F F F F F F F F F F F F F F F F F F F F F F F F F F F F F F F F F F F F F F F F F F F F F F F F F F F F F F F F F F F F F F F F F F F F F F F F F F F F F F F F F F F F F F F F F F F F F F F F F F F F F F F F F F F F F F F F F F F F F F F F F F F F F F F F F F F F F F F F F F F F F F F F F F F F F F F F F F F F F F F F F F F
  <DiscreteSampler_grid>
  grouped_processes
  1 # 1 for a reference and 2 for a running grid.
  10 # Attribute 'min_bin_probing_points' of the grid.
  1 # Attribute 'grid_mode' of the grid. 1=='default',2=='initialization'
  0.0000000000000000 # Attribute 'small_contrib_threshold' of the grid.
  0.5000000000000000 # Attribute 'damping_power' of the grid.
 # binID   n_entries weight   weight_sqr   abs_weight
    10   10   1.421828455688797E-001   2.021542299931581E-001   1.421828455688797E-001
  </DiscreteSampler_grid>
