0.48903E+00 0.51962E-03 0.00000E+01 23660612 0 0 159453 0.32619E+06 0.00000E+01 0.48902E+00 0.00000E+01 0.00000E+01 0
1 0.49829 0.016168 6.4895 270.53 0.49828
2 0.48387 0.0070262 4.1072 205.0 0.48386
3 0.48339 0.0038739 3.2056 126.1 0.48338
4 0.4667 0.023959 7.2601 150.33 0.4667
5 0.4805 0.011477 4.777 107.07 0.4805
6 0.49239 0.0059113 3.3956 64.188 0.49238
7 0.53432 0.032717 12.246 1062.7 0.53431
8 0.48349 0.0078139 4.5712 200.82 0.48348
9 0.48665 0.0043007 3.535 126.98 0.48664
10 0.50881 0.015149 5.9545 169.72 0.5088
11 0.48117 0.0072476 4.2603 188.54 0.48116
12 0.47692 0.0038716 3.2472 145.98 0.47691
13 0.51123 0.012387 4.8459 195.43 0.51122
14 0.48969 0.0059077 3.4123 74.797 0.48967
15 0.49231 0.0041643 3.3835 215.92 0.4923
16 0.50124 0.0152 6.0648 235.82 0.50122
17 0.49307 0.0060536 3.4726 67.073 0.49306
18 0.4875 0.0037372 3.0664 76.268 0.48749
19 0.49291 0.01508 6.1188 191.66 0.49289
20 0.4866 0.0070434 4.094 166.93 0.4866
21 0.49152 0.0043828 3.5667 195.27 0.49151
22 0.47279 0.014515 6.1403 312.03 0.47278
23 0.47438 0.0068146 4.0632 139.71 0.47437
24 0.4893 0.0042694 3.4902 185.32 0.4893
25 0.50549 0.016438 6.5038 329.75 0.50548
26 0.49596 0.0088871 5.0682 478.41 0.49595
27 0.49362 0.0039263 3.1817 123.69 0.49361
28 0.50284 0.01453 5.779 265.85 0.50283
29 0.48369 0.0060547 3.5405 91.211 0.48368
30 0.49279 0.0040401 3.2793 176.73 0.49278
31 0.48986 0.01912 7.8065 577.22 0.48985
32 0.48716 0.007938 4.6088 275.56 0.48715
33 0.48583 0.0040472 3.3322 137.83 0.48582
34 0.51692 0.022924 8.8695 528.3 0.51692
35 0.49518 0.0083974 4.7965 357.59 0.49517
36 0.49755 0.0047256 3.7991 309.39 0.49754
37 0.49156 0.01406 5.7204 317.19 0.49154
38 0.48595 0.007257 4.2238 294.64 0.48594
39 0.48666 0.0041606 3.4198 130.82 0.48665
40 0.4887 0.0068698 3.976 135.28 0.48869
41 0.48794 0.0048764 3.9975 262.84 0.48793
42 0.48495 0.0028258 3.2963 171.06 0.48494
43 0.48278 0.016941 7.0182 283.8 0.48277
44 0.48977 0.0080433 4.645 167.17 0.48976
45 0.48732 0.0042968 3.5268 122.22 0.48731
46 0.48269 0.0093116 5.4563 231.95 0.48267
47 0.50026 0.0056218 4.4951 271.41 0.50025
48 0.48721 0.0030812 3.5775 209.15 0.4872
49 0.48324 0.010297 4.2618 96.975 0.48323
50 0.47708 0.0056472 3.348 102.33 0.47707
51 0.48764 0.0038795 3.1823 120.03 0.48763
52 0.48577 0.0091543 5.3301 240.82 0.48577
53 0.49314 0.0055221 4.4791 374.71 0.49313
54 0.49053 0.0028086 3.2389 193.96 0.49052
55 0.5083 0.014762 5.8082 240.99 0.5083
56 0.49254 0.0071275 4.093 176.05 0.49252
57 0.48847 0.0042678 3.4948 252.15 0.48845
58 0.49615 0.020109 8.106 343.38 0.49614
59 0.49793 0.0084376 4.7929 269.71 0.49792
60 0.49147 0.0039879 3.2457 97.853 0.49146
61 0.47172 0.013006 5.514 167.46 0.47172
62 0.48814 0.0074374 4.3095 267.99 0.48813
63 0.49403 0.0044595 3.6107 280.73 0.49402
64 0.48647 0.011389 4.6822 124.52 0.48645
65 0.48993 0.0061063 3.5253 80.81 0.48991
66 0.49165 0.0040282 3.2772 130.82 0.49164
67 0.49554 0.016753 6.7616 241.8 0.49553
68 0.49717 0.0081913 4.6601 189.46 0.49716
69 0.49117 0.0043521 3.5443 130.2 0.49116
70 0.47932 0.012977 5.4146 216.41 0.47931
71 0.4854 0.0068524 3.9929 169.0 0.48538
72 0.49045 0.004031 3.2876 142.93 0.49043
73 0.51421 0.024741 9.623 774.35 0.5142
74 0.506 0.0089885 5.0244 242.07 0.50599
75 0.48796 0.0042722 3.5021 169.56 0.48795
76 0.50927 0.014587 5.7286 214.71 0.50925
77 0.51312 0.0099128 5.4641 505.78 0.51312
78 0.49151 0.0043384 3.5306 143.19 0.4915
79 0.46423 0.016285 7.0159 227.52 0.46423
80 0.48293 0.0076493 4.48 167.91 0.48292
81 0.48742 0.0051289 4.209 307.73 0.48741
82 0.54701 0.056401 20.622 2135.7 0.54701
83 0.49473 0.0079706 4.5569 192.37 0.49472
84 0.47963 0.0037497 3.1272 99.154 0.47962
85 0.49905 0.01652 6.6206 288.27 0.49904
86 0.49685 0.012139 6.9103 782.79 0.49684
87 0.48551 0.0038935 3.2077 93.579 0.4855
88 0.52996 0.03282 12.386 1182.5 0.52983
89 0.48613 0.0071845 4.1801 235.04 0.48612
90 0.49341 0.0045226 3.6664 229.71 0.4934
91 0.48259 0.015137 6.2732 350.96 0.48259
92 0.4824 0.0065215 3.8237 108.61 0.48239
93 0.49802 0.0046766 3.7562 264.74 0.498
94 0.44728 0.015628 6.988 289.62 0.44727
95 0.48528 0.0090159 5.2549 272.12 0.48527
96 0.48624 0.0047606 3.9162 204.73 0.48623
97 0.4909 0.014149 5.7645 244.14 0.49089
98 0.49569 0.0070115 4.0008 146.93 0.49568
99 0.48829 0.0041456 3.396 184.67 0.48828
100 0.47104 0.011698 4.9668 120.73 0.47103
101 0.50776 0.0080176 4.4661 256.97 0.50774
102 0.4981 0.0049711 3.992 361.91 0.49809
103 0.47435 0.015993 6.743 280.54 0.47433
104 0.49854 0.010848 6.1546 384.53 0.49853
105 0.4949 0.0049669 4.0145 232.1 0.49489
106 0.43581 0.013482 6.187 172.07 0.4358
107 0.48885 0.0095888 5.548 267.06 0.48884
108 0.48792 0.0044582 3.6549 118.23 0.48791
109 0.45408 0.012108 5.3331 119.48 0.45408
110 0.48995 0.0072751 4.1998 123.98 0.48994
111 0.49314 0.0043735 3.5475 148.09 0.49313
112 0.51848 0.037662 14.528 1256.9 0.51848
113 0.47264 0.0087236 5.2205 270.39 0.47263
114 0.48416 0.0042582 3.518 102.61 0.48415
115 0.51147 0.019027 7.4401 462.3 0.51147
116 0.49531 0.008586 4.9029 286.29 0.4953
117 0.49795 0.0043024 3.456 202.78 0.49794
118 0.48495 0.015954 6.5794 327.87 0.48493
119 0.4849 0.0066853 3.8996 108.39 0.48489
120 0.48906 0.0039393 3.2219 99.641 0.48904
121 0.48137 0.0083757 4.9214 231.98 0.48137
122 0.4944 0.005173 4.1853 265.69 0.49439
123 0.49273 0.0030433 3.4939 219.69 0.49272
124 0.46565 0.012509 5.3726 233.19 0.46564
125 0.47293 0.0060646 3.627 109.94 0.47292
126 0.48038 0.0043284 3.6041 216.16 0.48037
127 0.48479 0.013688 5.6471 250.53 0.48478
128 0.49476 0.0078463 4.4855 255.38 0.49475
129 0.47819 0.0039847 3.3332 138.59 0.47818
130 0.48131 0.0058761 3.4531 66.3 0.4813
131 0.49788 0.0062563 5.0263 756.48 0.49787
132 0.4879 0.0027032 3.1342 210.03 0.48789
133 0.52586 0.034309 13.049 1155.8 0.52585
134 0.48013 0.0079515 4.6842 194.0 0.48012
135 0.48973 0.0049293 4.0262 359.67 0.48972
136 0.4856 0.0070127 4.0846 139.46 0.48558
137 0.51263 0.024757 19.317 3899.1 0.51262
138 0.4881 0.0027955 3.2399 143.76 0.48809
139 0.51463 0.040694 15.815 1464.5 0.51463
140 0.4984 0.0092247 5.2351 286.91 0.49839
141 0.49498 0.0046418 3.7511 175.15 0.49497
142 0.4906 0.017938 7.3125 431.17 0.49059
143 0.4876 0.0076239 4.4224 301.45 0.48758
144 0.49239 0.0043903 3.5665 144.54 0.49238
145 0.48028 0.018057 7.5192 442.72 0.48028
146 0.48675 0.0070109 4.074 168.06 0.48673
147 0.48968 0.0041347 3.3775 139.37 0.48967
148 0.52083 0.022148 8.505 559.44 0.52082
149 0.49433 0.0076544 4.3796 185.88 0.49433
150 0.48988 0.0045808 3.7403 363.08 0.48987
151 0.48589 0.011473 4.7226 146.43 0.48587
152 0.49199 0.0068518 3.939 209.73 0.49198
153 0.48862 0.0043814 3.5867 233.08 0.48861
154 0.48462 0.014502 5.9848 198.74 0.48461
155 0.48897 0.0078881 4.5628 296.08 0.48896
156 0.48631 0.004156 3.4184 250.76 0.4863
157 0.47629 0.014341 6.022 230.87 0.47628
158 0.49766 0.008998 5.1139 253.12 0.49766
159 0.48896 0.004342 3.552 182.62 0.48895
160 0.50526 0.014513 5.7446 230.59 0.50525
161 0.48059 0.0060222 3.5443 89.179 0.48057
162 0.48582 0.004132 3.4021 215.79 0.48581
163 0.47543 0.0058942 3.5066 103.02 0.47543
164 0.49471 0.0051628 4.1744 491.16 0.4947
165 0.49203 0.0034182 3.93 582.04 0.49201
166 0.50063 0.024728 9.8789 776.19 0.50062
167 0.48989 0.0075669 4.3688 172.7 0.48988
168 0.49257 0.0051334 4.1687 418.38 0.49256
169 0.5441 0.051244 13.319 638.94 0.54409
170 0.48921 0.011795 4.822 130.02 0.4892
171 0.48195 0.0058142 3.4122 72.56 0.48193
172 0.47826 0.010948 4.5784 140.84 0.47825
173 0.48468 0.0061529 3.5906 107.59 0.48467
174 0.49439 0.0042222 3.4161 150.64 0.49438
175 0.51821 0.025531 9.8536 722.97 0.5182
176 0.48188 0.0063734 3.7409 140.8 0.48187
177 0.48336 0.0037962 3.1415 93.986 0.48335
178 0.48315 0.013083 5.4156 273.37 0.48312
179 0.48205 0.006104 3.5815 175.04 0.48204
180 0.48607 0.0038508 3.1689 146.15 0.48606
181 0.51463 0.014261 5.5423 166.0 0.51462
182 0.48434 0.0071417 4.1706 251.92 0.48433
183 0.48576 0.003713 3.0575 97.865 0.48575
184 0.50107 0.0070602 3.9854 152.77 0.50106
185 0.49572 0.0052964 4.2737 472.27 0.4957
186 0.48913 0.002916 3.3724 253.76 0.48912
187 0.46539 0.0101 4.3403 121.38 0.46538
188 0.4866 0.0062396 3.6269 173.78 0.48659
189 0.48599 0.0037216 3.0631 87.768 0.48598
190 0.47133 0.014028 5.9526 229.68 0.47132
191 0.48142 0.0067934 3.9912 121.09 0.48141
192 0.48543 0.0045364 3.7381 186.49 0.48542
193 0.47541 0.025123 10.569 912.75 0.4754
194 0.48103 0.0069509 4.0871 230.47 0.48101
195 0.49171 0.004171 3.3931 188.68 0.4917
196 0.50655 0.018945 7.48 528.94 0.50654
197 0.49266 0.0067298 3.8637 123.3 0.49265
198 0.49254 0.00455 3.6951 371.74 0.49252
199 0.49147 0.018484 7.522 364.35 0.49145
200 0.50147 0.0088178 4.9735 307.21 0.50145
201 0.49733 0.0046737 3.759 186.99 0.49731
202 0.50761 0.01572 6.1937 269.49 0.5076
203 0.49366 0.0080619 4.619 245.48 0.49365
204 0.49437 0.004557 3.6871 223.03 0.49436
<lo_statistics>
<cumulated_time> 2088.346425 </cumulated_time>
</lo_statistics>