  0.00005291401122270  0.00005628009503678  0.00005964617885086  0.00006369692085003
  0.00006961537138280  0.00007553382191557  0.00008100378351999  0.00008642502935213
  0.00010111753273731  0.00010348879160935  0.00010586005048139  0.00010823130935343
  0.00011060256822547  0.00011316196336311  0.00011580042259010  0.00011843888181708
  0.00012107734104406  0.00012371580027104  0.00012663324391176  0.00012956996035661
  0.00013250667680145  0.00013544339324630  0.00014177421066556  0.00016754171049891
  0.00019957875448427  0.00021575030282770  0.00022203133332143  0.00022831236381516
  0.00023459339430889  0.00024147570157286  0.00024846675352959  0.00025545780548631
  0.00026245609358440  0.00026963748187971  0.00027681887017502  0.00028400025847032
  0.00029118164676563  0.00030619596426559  0.00032197556248697  0.00033500218623733
  0.00034742631390518  0.00035985044157303  0.00037570857639932  0.00039210202672465
  0.00040785556619410  0.00042252979095070  0.00043720401570729  0.00045385723596307
  0.00047579681293180  0.00049773638990053  0.00052206854359663  0.00054648821846526
  0.00056588573142796  0.00058266170926491  0.00059943768710186  0.00061621366493881
  0.00063453004604840  0.00065298370006456  0.00067143735408071  0.00069017263745832
  0.00071071233299826  0.00073125202853820  0.00075179172407815  0.00077955745025097
  0.00082063518556745  0.00086336381506017  0.00091114330621560  0.00096017336277576
  0.00101335395240460  0.00130342007243564  0.00166947414859679  0.00173414190883905
  0.00179880966908131  0.00186433217804360  0.00192990264868011  0.00199547311931662
  0.00206726863010454  0.00214025133055539  0.00221323403100624  0.00233319833364714
  0.00247029365058255  0.00399799292078329  0.00442243212936248  0.00489174191373675
  0.00685265934121236  0.00929321268575497  0.00972171861055334  0.01014481356665709
  0.01055788504768024  0.01097095652870338  0.02027916488783452  0.02910187570127637
  0.02910187570128637  0.02910187570129637  0.02910187570130637  1.00000000000000000
  0.03885811169942228  0.08870582575283142  0.09407831817232960  0.09945081059182778
  0.10482493087352784  0.11021074219840007  0.11559655352327229  0.12098236484814451
  0.12669486265718147  0.13336667194108670  0.14003848122499193  0.14643458031410966
  0.15100881187300494  0.15558304343190021  0.16015727499079549  0.16473150654969074
  0.16961874799300161  0.17473551116691777  0.17985227434083392  0.18496903751475008
  0.19008580068866623  0.19520256386258239  0.20031932703649857  0.20543609021041473
  0.23376060550114769  0.24846990669979868  0.26317920789844973  0.27788850909710078
  0.29232096718951101  0.30265697031977590  0.31297706430957495  0.32297950601651992
  0.33298194772346484  0.34036749897317692  0.34765777177460055  0.35504027337660637
  0.36319104288306875  0.37134181238953112  0.37957836707213249  0.38788477429738721
  0.39651387959521467  0.41231078609272537  0.50740083537309211  0.52676630699596261
  0.53722520155572595  0.54394144926763499  0.54789524907073306  0.55184904887383124
  0.55580284867692931  0.55975664848002737  0.56347495984093443  0.56665956184405497
  0.56984416384717540  0.57302876585029594  0.57621336785341637  0.57939796985653691
  0.58258257185965745  0.58583058464390370  0.58909815761334261  0.59236573058278141
  0.59563330355222033  0.59890087652165913  0.60216844949109805  0.60619099362934281
  0.61140201176664466  0.61661302990394662  0.62182404804124858  0.64737399732633383
  0.65309983192710330  0.65882566652787267  0.66455150112864203  0.67027522426238173
  0.67599771047791646  0.68172019669345119  0.68744268290898591  0.69316516912452064
  0.69888765534005526  0.70461014155558999  0.71829460623087160  0.73604654791991719
  0.74716679710452816  0.75811179223584535  0.76899687092963931  0.77988194962343338
  0.79076702831722745  0.81011576027491417  0.91879616829585775  0.92656374823118648
  0.93433132816651521  0.94209890810184393  0.94986648803717266  0.95763406797250139
  0.96532090200639464  0.97299974788253007  0.98259385186561765  1.00000000000000000
  0.08223211367925012  0.10006270092100854  0.11791591224587157  0.13710723656337770
  0.15399078960597956  0.16857027397850077  0.18314975835102185  0.19772924272354292
  0.25443534726840733  0.30387332582250998  0.31952699623949327  0.33448215266204512
  0.34421685452392481  0.35395155638580444  0.36419838070136340  0.37445677723658211
  0.38471517377180081  0.39497357030701946  0.42394149238472478  0.43311563577252782
  0.44114103108617048  0.44811491028724598  0.45508878948832149  0.46206266868939699
  0.46903654789047255  0.47601042709154817  0.48383578982756975  0.49236511791754606
  0.50092799030039725  0.50977719267799892  0.51862639505560071  0.52565582577282954
  0.53208062474497464  0.53850542371711985  0.54493022268926505  0.55135502166141015
  0.55777982063355525  0.56454787061759393  0.57226640030891296  0.57998493000023210
  0.62832352521086632  0.63871769942090106  0.64911187363093603  0.65950604784097100
  0.66990022205100586  0.68029439626104071  0.69298640289768387  0.71087110327431680
  0.72875580365094983  0.73637110741873169  0.74374494646567657  0.75068494936320040
  0.75519940392358631  0.75971385848397210  0.76422831304435801  0.76874276760474380
  0.77268664979921842  0.77613842236465114  0.77959019493008386  0.78304196749551658
  0.78649374006094919  0.78994551262638191  0.79332041679303689  0.79661887294228984
  0.79991732909154278  0.80321578524079573  0.80651424139004868  0.80981269753930174
  0.81326834139868565  0.81741515497222994  0.82156196854577435  0.82570878211931864
  0.82985559569286305  0.83435179299664020  0.84066402475859270  0.84697625652054520
  0.85328848828249770  0.91867503147794138  0.92276355204726168  0.92685207261658209
  0.93094059318590239  0.93502911375522280  0.93899594222210980  0.94277688977794138
  0.94655783733377297  0.95033878488960455  0.95411973244543613  0.95790068000126771
  0.95955840185169494  0.96094176887701455  0.96232513590233404  0.96370850292765364
  0.96509186995297325  0.96647523697829274  0.96768814722696939  1.00000000000000000
   3.3375298977583841E-009  -1.0000000000000000     
 F F F F F F F F F F F F F F F F F F F F F F F F F F F F F F F F
  <DiscreteSampler_grid>
  grouped_processes
  1 # 1 for a reference and 2 for a running grid.
  10 # Attribute 'min_bin_probing_points' of the grid.
  1 # Attribute 'grid_mode' of the grid. 1=='default',2=='initialization'
  0.0000000000000000 # Attribute 'small_contrib_threshold' of the grid.
  0.5000000000000000 # Attribute 'damping_power' of the grid.
 # binID   n_entries weight   weight_sqr   abs_weight
    13   10   1.716694115147277E+005   2.495030221765859E+011   1.716694115147277E+005
    16   10   3.888647421743539E+006   1.280227376240942E+014   3.888647421743539E+006
  </DiscreteSampler_grid>
