  0.04044220903332525  0.21021730026078708  0.21210126718824088  0.21398523411569470
  0.21586920104314852  0.21775316797060235  0.21963713489805614  0.22152110182550996
  0.22340506875296379  0.22528903568041758  0.22717300260787140  0.22905696953532523
  0.23132774672660167  0.23362243909493166  0.23591713146326165  0.23821182383159167
  0.24050651619992167  0.24280120856825166  0.24509590093658168  0.24739059330491167
  0.24968528567324166  0.25441188936834164  0.25952504145936867  0.26463819355039575
  0.26975134564142278  0.34484347117395880  0.43871835534884540  0.53259323952373194
  0.58914291853143330  0.60178640498302605  0.61442989143461868  0.62658984314946764
  0.63628472822282145  0.64598864112298870  0.65628185656039129  0.66657507199779376
  0.67686828743519623  0.68716150287259870  0.73147865950721491  0.73589708795680708
  0.74031551640639925  0.74473394485599143  0.74915237330558360  0.75357080175517577
  0.75798923020476794  0.76240765865436011  0.76682608710395228  0.77124451555354445
  0.77566294400313662  0.78008137245272879  0.78449980090232108  0.78891822935191325
  0.82714765864030437  0.87557553466886373  0.87674948654273521  0.87792343841660658
  0.87909739029047795  0.88027134216434932  0.88144529403822069  0.88261924591209207
  0.88379319778596344  0.88496714965983481  0.88614110153370618  0.88731505340757755
  0.88848900528144892  0.88966295715532029  0.89083690902919166  0.89201086090306303
  0.89318481277693451  0.89435876465080588  0.89553271652467725  0.89651141958392944
  0.89742291467469115  0.89833440976545287  0.89924590485621447  0.90015739994697619
  0.90106889503773790  0.90198039012849962  0.90289188521926134  0.90380338031002294
  0.90471487540078466  0.90562637049154637  0.90653786558230809  0.90744936067306969
  0.90836085576383141  0.90927235085459313  0.91018384594535484  0.91109534103611656
  0.91200683612687816  0.91291833121763988  0.91382982630840159  0.91474132139916331
  0.91565281648992503  0.91656431158068663  0.95505334742615777  1.00000000000000000
  0.03058336145346734  0.08433200838589898  0.08533068343846471  0.08632935849103043
  0.08732803354359617  0.08832670859616189  0.08932538364872761  0.09032405870129333
  0.09132273375385906  0.09232140880642478  0.09332008385899050  0.09431875891155622
  0.09531743396412196  0.09631610901668768  0.09731478406925341  0.09831345912181913
  0.09931213417438485  0.10031080922695058  0.10130948427951630  0.10230815933208202
  0.10330683438464776  0.10434553198155569  0.10563208314331589  0.10691863430507609
  0.10820518546683627  0.10949173662859647  0.11077828779035667  0.11206483895211686
  0.11335139011387706  0.11463794127563726  0.11592449243739746  0.11721104359915764
  0.11849759476091784  0.11978414592267804  0.12107069708443824  0.12235724824619842
  0.12364379940795862  0.12493035056971882  0.18914961290368623  0.19399832834236488
  0.19884704378104351  0.20369575921972213  0.20854447465840079  0.21339319009707947
  0.21824190553575815  0.22309062097443683  0.22793933641311551  0.23278805185179416
  0.23763676729047281  0.24248548272915144  0.24733419816783006  0.29645904881548163
  0.34059780426414266  0.35190129122689129  0.36320477818963981  0.37450826515238833
  0.38581175211513680  0.40753651964799292  0.51073194918138420  0.61392737871477565
  0.71712280824816699  0.75946220636912010  0.77334845382640527  0.78723470128369055
  0.80112094874097572  0.81351323518909524  0.81912509539292189  0.82473695559674853
  0.83034881580057518  0.83596067600440194  0.84157253620822858  0.84718439641205534
  0.85279625661588210  0.85840811681970874  0.86401997702353539  0.86963183722736204
  0.87511610538193152  0.87778977809621983  0.88046345081050814  0.88313712352479645
  0.88581079623908476  0.88848446895337307  0.89115814166766139  0.89383181438194970
  0.89638791977864929  0.89859393680687794  0.90079995383510658  0.90300597086333512
  0.90521198789156376  0.90741800491979230  0.90962402194802094  0.91183003897624959
  0.91403605600447813  0.91624207303270677  0.93893494546146372  1.00000000000000000
  0.03044551027089638  0.23340961193827839  0.23765255720989004  0.24189550248150166
  0.24613844775311330  0.25043955801640588  0.25532958087052965  0.26021960372465336
  0.26510962657877707  0.26999964943290078  0.27552459819135561  0.28118004085341447
  0.28683548351547328  0.29249092617753214  0.29814636883959089  0.30380181150164970
  0.30945725416370845  0.31511269682576726  0.32076813948782607  0.32642358214988482
  0.33207902481194362  0.41356039133457345  0.51665189274532008  0.53420914564392796
  0.54815042282258497  0.56209170000124198  0.57603297717989888  0.63244092300872556
  0.64818715210037936  0.65089240482708255  0.65359765755378574  0.65630291028048893
  0.65900816300719212  0.66171341573389519  0.66441866846059838  0.66712392118730157
  0.66982917391400476  0.67253442664070784  0.67523967936741103  0.67794493209411422
  0.68065018482081729  0.68335543754752048  0.68606069027422367  0.68876594300092675
  0.69147119572762994  0.69417644845433313  0.69688170118103621  0.69958695390773940
  0.70229220663444258  0.70499745936114566  0.70770271208784885  0.73558080688304717
  0.74693720230512262  0.75829359772719807  0.76964999314927351  0.78100638857134908
  0.79798590597687979  0.89589982180836147  0.89720689654571251  0.89851397128306354
  0.89982104602041457  0.90112812075776560  0.90243519549511664  0.90374227023246767
  0.90504934496981870  0.90635641970716974  0.90766349444452088  0.90897056918187191
  0.91027764391922295  0.91158471865657398  0.91289179339392501  0.91419886813127604
  0.91550594286862708  0.91671362824753722  0.91713304677857410  0.91755246530961099
  0.91797188384064776  0.91839130237168465  0.91881072090272153  0.91923013943375842
  0.91964955796479531  0.92006897649583208  0.92048839502686897  0.92090781355790585
  0.92132723208894274  0.92174665061997962  0.92216606915101640  0.92258548768205328
  0.92300490621309017  0.92342432474412706  0.92384374327516394  0.92426316180620072
  0.92468258033723760  0.92510199886827449  0.92526714175261804  1.00000000000000000
  0.00705363474767781  0.01041442316313703  0.01377521157859625  0.01713599999405548
  0.02049678840951470  0.02603882426157531  0.03182359445510331  0.03760836464863132
  0.07277020368148590  0.10511106075473996  0.10646263059138099  0.10781420042802201
  0.10916577026466304  0.11051734010130405  0.11186890993794507  0.11322047977458610
  0.11457204961122712  0.11592361944786814  0.11727518928450917  0.11862675912115019
  0.11997832895779120  0.12132989879443222  0.12268146863107325  0.12403303846771427
  0.12538460830435530  0.12673617814099630  0.12808774797763733  0.12943931781427837
  0.13079088765091937  0.13214245748756040  0.13349402732420143  0.13484559716084243
  0.13619716699748347  0.13754873683412450  0.13890030667076553  0.14025187650740653
  0.14160344634404756  0.14295501618068857  0.14430658601732960  0.14565815585397063
  0.14700972569061166  0.14836129552725269  0.14971286536389372  0.15106443520053475
  0.15241600503717581  0.15376757487381684  0.15511914471045787  0.15647071454709890
  0.15782228438373996  0.15917385422038099  0.16052542405702203  0.16187699389366306
  0.16322856373030409  0.16458013356694512  0.16593170340358618  0.21421189874717278
  0.31842859754921493  0.42264529635125708  0.46162563913291921  0.46663249659616673
  0.47163935405941432  0.47664621152266184  0.48165306898590937  0.48665992644915690
  0.49166678391240437  0.49667364137565190  0.50168049883889942  0.50668735630214690
  0.51169421376539437  0.51670107122864195  0.53903785417806926  0.64325455298011125
  0.74747125178215346  0.85168795058419555  0.85779461615778896  0.86151095600725769
  0.86522729585672642  0.86894363570619515  0.87265997555566388  0.87637631540513261
  0.88009265525460134  0.88380899510407007  0.88752533495353880  0.89124167480300753
  0.89495801465247626  0.89867435450194511  0.90239069435141384  0.90610703420088268
  0.90982337405035141  0.91353971389982014  0.93319475036069033  0.94859054404132714
  0.96001256130632695  0.97065316336006724  0.98184042391369741  1.00000000000000000
  0.00000002566052008  0.00000047481170594  0.00000050052237015  0.00000052623303436
  0.00000055194369857  0.00000057974464007  0.00000061694889363  0.00000065415314719
  0.00000069135740075  0.00000072856165431  0.00000075613054329  0.00000078301604308
  0.00000080990154288  0.00000083678704268  0.00000086367254248  0.00000089055804228
  0.00000091744354207  0.00000094754568544  0.00000098184712762  0.00000101614856980
  0.00000105045001197  0.00000108475145415  0.00000111905289633  0.00000115335433850
  0.00000118765578068  0.00000120762059424  0.00000122656775847  0.00000124551492271
  0.00000126446208694  0.00000128340925118  0.00000130235641541  0.00000132130357965
  0.00000134025074388  0.00000135919790812  0.00000137814507235  0.00000139709223659
  0.00000141603940082  0.00000143498656506  0.00000145393372929  0.00000147288089352
  0.00000149182805776  0.00000151077522199  0.00000153499749711  0.00000156258330597
  0.00000159016911483  0.00000161775492369  0.00000164534073255  0.00000167292654141
  0.00000170051235027  0.00000172809815913  0.00000175568396798  0.00000178326977684
  0.00000181085558570  0.00000183844139456  0.00000186602720342  0.00000189361301228
  0.00000192119882114  0.00000195205979567  0.00000198725471615  0.00000202244963663
  0.00000205764455712  0.00000209283947760  0.00000212803439808  0.00000216322931856
  0.00000219842423904  0.00000223361915952  0.00000226881408000  0.00000230400900048
  0.00000233920392097  0.00000237439884145  0.00000240959376193  0.00000244478868241
  0.00000333065144669  0.00001071186457693  0.00003472145198351  0.00009781266095058
  0.00011534637338264  0.00013593906973236  0.00015911603239204  0.00018765658716657
  0.00041489039114918  0.00134417450081760  0.00372557536264012  0.00400506085934419
  0.00428454635604826  0.00456403185275234  0.00486060296151870  0.00517447197153739
  0.00548834098155608  0.00580220999157477  0.00923057372281208  0.02987426184278950
  0.03986155693107103  0.03986155693108103  0.03986155693109103  1.00000000000000000
  0.00109099154414965  0.00165932106623299  0.00172560825410385  0.00179798815425809
  0.00187805613228649  0.00197968812296438  0.00208800746835066  0.00254408479513578
  0.00314318174011792  0.00317656602933308  0.00320995031854823  0.00324333460776339
  0.00327671889697855  0.00331010318619371  0.00334348747540886  0.00337734783585005
  0.00341332873784444  0.00344930963983884  0.00348529054183324  0.00352127144382764
  0.00355725234582203  0.00359323324781643  0.00362921414981083  0.00366770490221534
  0.00370648438019035  0.00374526385816536  0.00378404333614036  0.00382282281411537
  0.00386160229209038  0.00390038177006538  0.00396156320724398  0.00403704799310314
  0.00411253277896229  0.00418801756482145  0.00425940415820631  0.00432777151832964
  0.00439613887845296  0.00446450623857628  0.00453287359869961  0.00460536094674618
  0.00467904588484263  0.00475273082293909  0.00482641576103554  0.00490010069913199
  0.00500844190708275  0.00511771641230612  0.00522699091752949  0.00638816219868767
  0.00943755171339538  0.01206628045878707  0.01212845954281008  0.01219063862683308
  0.01225281771085609  0.01231499679487910  0.01237717587890210  0.01243935496292511
  0.01250153404694812  0.01256371313097112  0.01262589221499413  0.01268807129901714
  0.01275025038304014  0.01281242946706315  0.01287460855108616  0.01293678763510916
  0.01299584856133436  0.01304795767749085  0.01310006679364734  0.01315217590980384
  0.01320428502596033  0.01325639414211682  0.01330850325827332  0.01336061237442981
  0.01341272149058630  0.01346483060674280  0.01351693972289929  0.01356904883905578
  0.01362115795521227  0.01367326707136877  0.01372537618752526  0.01377748530368175
  0.01382959441983825  0.01388170353599474  0.01393381265215123  0.01398592176830772
  0.02016453511729975  0.02673891042965450  0.02673891042966450  0.02673891042967450
  0.02673891042968449  0.02673891042969449  0.02673891042970449  0.02673891042971449
  0.02673891042972449  0.02673891042973449  0.02673891042974449  1.00000000000000000
 -0.00242978731791178  0.01477093753159516  0.03019232122104665  0.07341094223865267
  0.12812860708729834  0.13382154671977811  0.13951448635225785  0.14520742598473760
  0.15090036561721740  0.15659330524969722  0.16228624488217702  0.16797918451465682
  0.17367212414713659  0.17936506377961633  0.18505800341209608  0.25290223841896803
  0.36743238860706895  0.37647346230658763  0.37805117223354762  0.37962888216050766
  0.38120659208746766  0.38278430201442770  0.38436201194138769  0.38593972186834774
  0.38751743179530773  0.38909514172226778  0.39067285164922777  0.39225056157618782
  0.39382827150314781  0.39540598143010786  0.39698369135706790  0.39856140128402789
  0.40013911121098794  0.40171682113794799  0.40329453106490804  0.40487224099186803
  0.40644995091882807  0.40802766084578812  0.40960537077274817  0.41118308069970821
  0.41276079062666821  0.41433850055362825  0.41591621048058830  0.41749392040754835
  0.41907163033450834  0.42064934026146839  0.42222705018842838  0.42380476011538842
  0.42538247004234842  0.42696017996930846  0.42853788989626845  0.43011559982322844
  0.43169330975018849  0.43327101967714848  0.43484872960410853  0.43642643953106852
  0.47409754696258832  0.56399652847558090  0.57055652609345464  0.57711652371132849
  0.58367652132920234  0.59023651894707618  0.59679651656495003  0.60335651418282388
  0.60991651180069772  0.61647650941857146  0.62303650703644531  0.64749354973972761
  0.65069375513213645  0.65389396052454529  0.65709416591695413  0.66029437130936297
  0.66349457670177181  0.66669478209418065  0.66989498748658949  0.67309519287899822
  0.67629539827140706  0.67949560366381578  0.68269580905622462  0.68589601444863346
  0.68909621984104219  0.69229642523345103  0.69549663062585987  0.69869683601826860
  0.70189704141067744  0.70509724680308616  0.70829745219549500  0.81352870127587829
  0.82650509660483973  0.83948149193380117  0.85245788726276261  0.86543428259172406
  0.90510277080781609  0.96744271249051039  0.98411067166453969  1.00000000000000000
  0.05497562487920128  0.09098541608651774  0.09863749883970220  0.10649486822571373
  0.11488691011862326  0.12327895201153279  0.16771464433969882  0.17098534164696536
  0.17425603895423189  0.17752673626149842  0.18079743356876496  0.18406813087603149
  0.18733882818329803  0.19060952549056456  0.19388022279783110  0.19715092010509763
  0.20042161741236414  0.20369231471963067  0.20696301202689721  0.21023370933416377
  0.21350440664143033  0.21677510394869690  0.22004580125596349  0.22331649856323005
  0.22658719587049661  0.24772453504224148  0.33553535993135158  0.42334618482046188
  0.44154052712769676  0.44635747559558669  0.45117442406347669  0.45599137253136668
  0.46080832099925667  0.46562526946714666  0.47044221793503666  0.47525916640292670
  0.48007611487081669  0.48489306333870669  0.48971001180659662  0.49452696027448662
  0.49934390874237655  0.57585057351451241  0.66366139840362270  0.75147222329273278
  0.83928304818184296  0.87558416049668042  0.87656883704417521  0.87755351359167011
  0.87853819013916490  0.87952286668665969  0.88050754323415448  0.88149221978164938
  0.88247689632914417  0.88346157287663896  0.88444624942413386  0.88543092597162865
  0.88641560251912344  0.88740027906661834  0.88838495561411313  0.88936963216160791
  0.89035430870910270  0.89133898525659760  0.89232366180409239  0.89330833835158718
  0.89429301489908208  0.89527769144657687  0.89609440439442467  0.89669358803763866
  0.89729277168085275  0.89789195532406674  0.89849113896728072  0.89909032261049471
  0.89968950625370869  0.90028868989692268  0.90088787354013666  0.90148705718335065
  0.90208624082656463  0.90268542446977862  0.90328460811299260  0.90388379175620670
  0.90448297539942069  0.90508215904263467  0.90568134268584866  0.90628052632906264
  0.90687970997227663  0.90747889361549061  0.90807807725870460  0.90867726090191858
  0.90927644454513257  0.90987562818834666  0.91047481183156065  0.91107399547477463
  0.91167317911798862  0.91227236276120260  0.91230291525522866  1.00000000000000000
  0.01065003474553422  0.02180505047790000  0.02277676762246674  0.02374848476703348
  0.02472020191160022  0.02569191905616696  0.02666363620073370  0.02763535334530044
  0.02860707048986718  0.02957878763443392  0.03055050477900066  0.03152222192356741
  0.03249393906813414  0.03346565621270088  0.03443737335726763  0.03540909050183436
  0.03638080764640110  0.03735252479096784  0.03832424193553458  0.03929595908010132
  0.04026767622466806  0.04123939336923479  0.04236805082785601  0.04361987324800440
  0.04487169566815278  0.04612351808830116  0.04737534050844955  0.04862716292859794
  0.04987898534874631  0.05113080776889470  0.05238263018904308  0.05363445260919146
  0.05488627502933985  0.05613809744948823  0.05738991986963661  0.05864174228978499
  0.05989356470993337  0.06114538713008176  0.06239720955023014  0.15466489110979648
  0.25507469694293639  0.30025416195023430  0.31376556858172444  0.32727697521321453
  0.34078838184470467  0.35515595930002791  0.45556576513316765  0.55597557096630768
  0.65638537679944753  0.69075588665482479  0.69547371745352637  0.70019154825222785
  0.70490937905092943  0.70962720984963101  0.71434504064833260  0.71906287144703418
  0.72378070224573576  0.72849853304443746  0.73321636384313893  0.73793419464184051
  0.74265202544054210  0.74736985623924357  0.77211666838702009  0.77757704387047732
  0.78303741935393445  0.78849779483739169  0.79391595164839590  0.79927572515219403
  0.80463549865599215  0.80999527215979039  0.81535504566358852  0.82071481916738664
  0.82607459267118488  0.83143436617498301  0.84043497840000703  0.85143334272969629
  0.89670877190382536  0.89931027237062844  0.90191177283743140  0.90451327330423448
  0.90711477377103755  0.90971627423784052  0.91231777470464359  0.91491927517144656
  0.91696684045661714  0.91788112924254417  0.91879541802847120  0.91970970681439823
  0.92062399560032526  0.92153828438625229  0.92245257317217932  0.92336686195810636
  0.92428115074403339  0.92519543952996042  0.92554063002268483  1.00000000000000000
  0.00562047561009723  0.05307499842525425  0.06465394230568711  0.07704365361665871
  0.13722382000515054  0.15083820002610274  0.15627034278787894  0.16170248554965513
  0.16713462831143133  0.17256677107320750  0.17799891383498365  0.18343105659675979
  0.18886319935853593  0.19429534212031208  0.19972748488208825  0.20515962764386439
  0.25384031461616574  0.33748287139255934  0.35264115275132385  0.36779943411008825
  0.38295771546885266  0.41231621488837017  0.47975194353864481  0.48125554317513919
  0.48275914281163362  0.48426274244812806  0.48576634208462244  0.48726994172111687
  0.48877354135761131  0.49027714099410569  0.49178074063060012  0.49328434026709456
  0.49478793990358894  0.49629153954008337  0.49779513917657775  0.49929873881307218
  0.50080233844956656  0.50230593808606105  0.50380953772255543  0.50531313735904981
  0.50681673699554430  0.50832033663203868  0.50982393626853306  0.51132753590502755
  0.51283113554152193  0.51433473517801631  0.51583833481451080  0.51734193445100518
  0.51884553408749956  0.52034913372399405  0.52185273336048843  0.52335633299698281
  0.52485993263347730  0.52636353226997168  0.52786713190646617  0.52937073154296055
  0.53087433117945504  0.53237793081594942  0.53388153045244391  0.53538513008893829
  0.53688872972543278  0.53839232936192716  0.53989592899842165  0.54139952863491603
  0.63167643238032245  0.66874299838007012  0.67179495869694306  0.67484691901381599
  0.67789887933068904  0.68095083964756198  0.68400279996443492  0.68705476028130785
  0.69010672059818090  0.69315868091505384  0.69621064123192677  0.69926260154879982
  0.70231456186567276  0.70536652218254570  0.70841848249941863  0.71147044281629168
  0.71452240313316473  0.71757436345003767  0.72062632376691071  0.72367828408378365
  0.72673024440065670  0.75124250632046419  0.83489848042750237  0.84115872973656947
  0.84741897904563657  0.85367922835470367  0.85924881907227191  0.86476009271378274
  0.87027136635529367  0.89054358785684717  0.94005877176920571  1.00000000000000000
  0.11974292596181235  0.12001552234096510  0.12028811872011787  0.12056071509927062
  0.12083331147842337  0.12110590785757613  0.12137850423672888  0.12165110061588164
  0.12192369699503440  0.12219629337418715  0.12246888975333990  0.12274148613249267
  0.12301408251164542  0.12328667889079817  0.12355927526995093  0.12383187164910368
  0.12410446802825643  0.12437706440740920  0.12464966078656195  0.12492225716571470
  0.12599171639698237  0.12737910865175348  0.12876650090652458  0.13015389316129569
  0.13154128541606680  0.13292867767083791  0.13431606992560902  0.13570346218038012
  0.13709085443515123  0.13847824668992234  0.13986563894469345  0.14125303119946456
  0.14264042345423564  0.14402781570900675  0.14541520796377785  0.22065337176851180
  0.31334597481883236  0.31928719051886584  0.32522840621889937  0.33116962191893290
  0.33704202867159394  0.34287502244320051  0.34870801621480713  0.35454100998641369
  0.36037400375802026  0.36620699752962682  0.37203999130123333  0.38085318574683219
  0.39273685208679687  0.47502384374888051  0.58211998353244609  0.61574147650238231
  0.63031673072469752  0.64489198494701272  0.65946723916932815  0.66926879059155608
  0.67441080641397222  0.67955282223638835  0.68469483805880460  0.68983685388122074
  0.69497886970363698  0.70012088552605312  0.70526290134846936  0.71040491717088550
  0.71554693299330174  0.72068894881571799  0.72583096463813424  0.76678795007840350
  0.87388408986196919  0.91838206834495983  0.92123858708555262  0.92409510582614551
  0.92695162456673841  0.92980814330733130  0.93266466204792409  0.93552118078851698
  0.93837769952910988  0.94123421826970277  0.94409073701029556  0.94694725575088845
  0.94980377449148135  0.95266029323207424  0.95551681197266702  0.95837066531582527
  0.96103682764464127  0.96370298997345727  0.96636915230227327  0.96903531463108927
  0.97170147695990527  0.97436763928872128  0.97703380161753728  0.98015884500036932
  0.98511913375027704  0.99007942250018477  0.99503971125009250  1.00000000000000000
  0.07051670153935748  0.19594760287884264  0.20439520575768530  0.21326140740230271
  0.22249317160836973  0.25439225815254646  0.34542126999799955  0.43645028184345264
  0.52747929368890578  0.56954741852968060  0.58100142590765103  0.59245543328562145
  0.60390944066359187  0.61536344804156229  0.63944395532967913  0.66929875515031434
  0.67305381400573949  0.67680887286116465  0.68056393171658991  0.68431899057201506
  0.68769377435814660  0.68896132046956304  0.69022886658097948  0.69149641269239592
  0.69276395880381236  0.69403150491522869  0.69529905102664513  0.69656659713806157
  0.69783414324947801  0.69910168936089445  0.70036923547231089  0.70163678158372733
  0.70290432769514377  0.70417187380656021  0.70543941991797654  0.70670696602939298
  0.70797451214080942  0.70924205825222586  0.71050960436364230  0.71177715047505874
  0.71304469658647518  0.71431224269789162  0.71557978880930806  0.71684733492072450
  0.71811488103214094  0.71938242714355738  0.72064997325497382  0.72191751936639026
  0.72318506547780670  0.72445261158922314  0.72572015770063958  0.72698770381205602
  0.72825524992347246  0.72954390749193387  0.73088659412157619  0.73222928075121840
  0.73357196738086061  0.73491465401050293  0.73625734064014514  0.73760002726978746
  0.73894271389942967  0.74028540052907199  0.74162808715871420  0.74297077378835652
  0.74431346041799873  0.74565614704764094  0.74699883367728326  0.74834152030692547
  0.74968420693656779  0.81961945143332360  0.91064846327877680  0.93889533790463853
  0.94087447825573345  0.94285361860682837  0.94483275895792329  0.94681189930901821
  0.94879103966011313  0.95077018001120794  0.95274932036230287  0.95472846071339779
  0.95670760106449271  0.95843689609826033  0.95901686372557260  0.95959683135288498
  0.96017679898019737  0.96075676660750964  0.96133673423482202  0.96191670186213429
  0.96249666948944668  0.96307663711675895  0.96365660474407133  0.96423657237138372
  0.96481653999869599  0.96539650762600837  0.96584374109903970  1.00000000000000000
  0.08608752091725666  0.10644138673321969  0.10871610679977264  0.11099082686632560
  0.11326554693287855  0.11554026699943150  0.11781498706598445  0.12008970713253742
  0.12236442719909037  0.12463914726564332  0.12730748151002097  0.13005003027802844
  0.13279257904603592  0.13553512781404339  0.13827767658205087  0.14102022535005837
  0.14376277411806584  0.17022297470117578  0.26976288661316300  0.27641916508973330
  0.28206571958156618  0.28771227407339911  0.29335882856523199  0.29900538305706487
  0.30465193754889769  0.31029849204073057  0.31594504653256339  0.32159160102439627
  0.32723815551622915  0.33288471000806197  0.41781045281818507  0.43153082631967882
  0.44525119982117256  0.45897157332266630  0.47269194682416021  0.53173314577030351
  0.54607428677925263  0.55097052367458521  0.55586676056991791  0.56076299746525060
  0.56334173090850725  0.56464626025321041  0.56595078959791345  0.56725531894261660
  0.56855984828731976  0.56986437763202280  0.57116890697672595  0.57247343632142900
  0.57377796566613215  0.57508249501083530  0.57638702435553835  0.57769155370024150
  0.57899608304494454  0.58030061238964770  0.58160514173435085  0.58290967107905389
  0.58421420042375705  0.58551872976846020  0.58682325911316324  0.58812778845786640
  0.58943231780256955  0.59073684714727270  0.59204137649197575  0.59334590583667890
  0.59465043518138205  0.59595496452608510  0.59725949387078825  0.59856402321549140
  0.59986855256019456  0.60117308190489760  0.60247761124960075  0.60378214059430391
  0.60511591039423696  0.60646190158266045  0.60780789277108382  0.60915388395950731
  0.61049987514793069  0.61184586633635418  0.61319185752477756  0.61453784871320105
  0.61588383990162443  0.61722983109004792  0.61857582227847130  0.61992181346689479
  0.62126780465531817  0.62261379584374166  0.62395978703216504  0.64761317711718225
  0.73119171588636556  0.74239868172335655  0.75331906533670090  0.76363528488300658
  0.80092017617601163  0.89717549444813616  0.90187681118647245  1.00000000000000000
  0.00454055865605671  0.00869362989801201  0.01284670113996731  0.01699977238192261
  0.02129747832162187  0.02733054598799702  0.03336361365437217  0.03939668132074731
  0.10759314693562816  0.20840113689077985  0.20984751267818413  0.21129388846558841
  0.21274026425299269  0.21418664004039695  0.21563301582780123  0.21707939161520551
  0.21852576740260979  0.21997214319001407  0.22141851897741832  0.22286489476482260
  0.22431127055222688  0.22575764633963116  0.22720402212703544  0.22865039791443972
  0.23009677370184398  0.23154314948924826  0.23298952527665251  0.23443590106405676
  0.23588227685146101  0.23732865263886530  0.23877502842626955  0.24022140421367380
  0.24166778000107808  0.24311415578848233  0.24456053157588659  0.24600690736329084
  0.24745328315069512  0.24889965893809937  0.25034589018235082  0.25179166179999690
  0.25323743341764293  0.25468320503528902  0.25612897665293505  0.25757474827058113
  0.25902051988822716  0.26046629150587325  0.26191206312351928  0.26335783474116536
  0.26480360635881139  0.26624937797645748  0.26769514959410351  0.26914092121174960
  0.27058669282939563  0.28295978558779400  0.29758043906914655  0.31220109255049899
  0.41603413304483178  0.41958762857320903  0.42252617627420258  0.42546472397519614
  0.42840327167618969  0.43134181937718324  0.43428036707817680  0.43721891477917035
  0.44015746248016391  0.44309601018115746  0.44603455788215102  0.44897310558314457
  0.45191165328413813  0.45485020098513168  0.45778874868612529  0.46072729638711885
  0.46366584408811246  0.46660439178910601  0.46954293949009962  0.47248148719109323
  0.47542003489208678  0.47835858259308039  0.55579612336614503  0.57369050171061564
  0.58563884669406896  0.59758719167752250  0.60953553666097593  0.62148388164442936
  0.69959142158821008  0.80528640314801370  0.91098138470781720  0.96122254492461012
  0.96645667744230634  0.97169080996000257  0.97692494247769890  0.98177195734613565
  0.98632896800960157  0.99088597867306749  0.99544298933653341  1.00000000000000000
  0.00269734462102253  0.35515679116817822  0.35614691566968976  0.35713704017120124
  0.35812716467271272  0.35911728917422425  0.36010741367573573  0.36109753817724721
  0.36208766267875875  0.36307778718027023  0.36406791168178176  0.36505803618329324
  0.36604816068480472  0.36703828518631626  0.36802840968782774  0.36901853418933922
  0.37000865869085076  0.37099878319236224  0.37198890769387372  0.37297903219538525
  0.37396915669689673  0.37495928119840821  0.37622142926198576  0.37749524406977286
  0.37876905887755996  0.38004287368534700  0.38131668849313410  0.38259050330092115
  0.38386431810870825  0.38513813291649535  0.38641194772428245  0.38768576253206949
  0.38895957733985659  0.39023339214764369  0.39150720695543073  0.39278102176321783
  0.39405483657100493  0.39532865137879197  0.39916121247194536  0.40467274628226230
  0.41018428009257923  0.41569581390289617  0.42120734771321305  0.42671888152352994
  0.43223041533384682  0.43774194914416370  0.44325348295448058  0.44876501676479746
  0.45427655057511435  0.46191945184874184  0.47550597815987516  0.48909250447100844
  0.50205582876427990  0.51248182751848059  0.52303545175795907  0.53410287142291446
  0.54517029108786985  0.55623771075282524  0.60421792957635378  0.60685434422320450
  0.60949075887005533  0.61212717351690604  0.61476358816375676  0.61740000281060747
  0.62003641745745830  0.62267283210430902  0.62530924675115973  0.62794566139801045
  0.63058207604486127  0.63321849069171199  0.63585490533856270  0.63849131998541342
  0.64112773463226425  0.64376414927911496  0.64640056392596568  0.64903697857281650
  0.65167339321966722  0.65430980786651805  0.65694622251336876  0.65958263716021959
  0.66221905180707030  0.66485546645392113  0.69811385611332233  0.77214956228895359
  0.77691515322572280  0.78168074416249211  0.78644633509926132  0.79121192603603052
  0.79540707902641850  0.79954205796921596  0.80367703691201342  0.80781201585481099
  0.81194699479760846  0.89953177327857781  0.95519495407740274  1.00000000000000000
  0.00361929259957399  0.00406067307926894  0.00450205355896390  0.00494343403865885
  0.00538481451835380  0.00582619499804876  0.00626757547774371  0.00670895595743866
  0.00715033643713362  0.00759171691682857  0.00803309739652353  0.00847447787621848
  0.00891585835591343  0.00935723883560838  0.00979861931530334  0.01023999979499829
  0.01068138027469324  0.01112276075438820  0.01156414123408315  0.01200552171377810
  0.01244690219347306  0.01288828267316801  0.01332966315286296  0.01377104363255792
  0.01421242411225287  0.01465380459194782  0.01509518507164278  0.01553656555133773
  0.01597794603103268  0.01641932651072764  0.01686070699042259  0.01730208747011754
  0.01774346794981250  0.01818484842950745  0.01862622890920240  0.01906760938889736
  0.01950898986859231  0.01995037034828727  0.02039175082798222  0.02083313130767717
  0.02136727059621257  0.02190145236111789  0.02243563412602321  0.02296981589092853
  0.02350399765583385  0.02403817942073917  0.02457236118564449  0.02510654295054981
  0.02564072471545513  0.02617490648036045  0.02670908824526577  0.02724327001017109
  0.02777745177507641  0.02831163353998173  0.02884581530488705  0.02937999706979237
  0.02991417883469769  0.03044836059960301  0.03098254236450833  0.03151672412941365
  0.03205090589431897  0.03258508765922429  0.03311926942412961  0.03365345118903493
  0.03418763295394025  0.03472181471884557  0.03525599648375088  0.03579017824865621
  0.03632436001356153  0.03685854177846685  0.03739272354337217  0.03792690530827749
  0.03846108707318281  0.03899526883808813  0.03952945060299345  0.04006363236789877
  0.04059781413280409  0.04113199589770941  0.04166617766261473  0.06966681389850092
  0.06966681389851093  0.06966681389852093  0.06966681389853094  0.06966681389854094
  0.06966681389855095  0.06966681389856096  0.06966681389857096  0.06966681389858097
  0.06966681389859097  0.06966681389860098  0.06966681389861099  0.06966681389862099
  0.06966681389863100  0.06966681389864100  0.06966681389865101  1.00000000000000000
  0.00032507975896199  0.42832549962148225  0.43816669463990160  0.44129545506136941
  0.44442421548283723  0.44755297590430504  0.45068173632577285  0.45381049674724067
  0.45693925716870848  0.46007451844311409  0.46321500411734606  0.46635548979157798
  0.46949597546580996  0.47263646114004193  0.47577694681427390  0.47891743248850582
  0.48205791816273774  0.48519840383696972  0.48833888951120163  0.49147937518543355
  0.49461986085966547  0.49776034653389739  0.53188728775329075  0.54308372763875890
  0.54463747359024151  0.54619121954172412  0.54774496549320673  0.54929871144468945
  0.55085245739617206  0.55240620334765467  0.55395994929913728  0.55551369525062000
  0.55706744120210261  0.55862118715358522  0.56017493310506783  0.56172867905655044
  0.56328242500803316  0.56483617095951577  0.56638991691099838  0.56794366286248099
  0.56949740881396360  0.57105115476544632  0.57260490071692893  0.57415864666841154
  0.57571239261989415  0.57726613857137687  0.57881988452285948  0.58037363047434209
  0.58192737642582471  0.58348112237730732  0.58503486832879004  0.58658861428027265
  0.58814236023175526  0.58969610618323798  0.59124985213472059  0.59280359808620331
  0.59435734403768592  0.59591108998916853  0.59746483594065125  0.59901858189213386
  0.60057232784361647  0.60212607379509919  0.60367981974658180  0.68049992535300452
  0.69351161186393140  0.69992721270427372  0.70634281354461603  0.71275841438495835
  0.71917401522530067  0.72558961606564298  0.73200521690598530  0.73842081774632762
  0.74483641858666993  0.77169422920010788  0.81602614975041365  0.82159731894605681
  0.82716848814170008  0.83273965733734334  0.83831082653298661  0.84388199572862987
  0.84945316492427325  0.85502068304668122  0.86056813588622116  0.86611558872576111
  0.87166304156530106  0.88116624371699726  0.89664103801742112  0.91211583231784521
  0.96034667479523350  0.96642737725952277  0.97250807972381192  0.97858878218810119
  0.98399473159175621  0.98932982106117073  0.99466491053058537  1.00000000000000000
  0.20761704047520968  0.30482083744111382  0.31839064475950640  0.33254341752027033
  0.39982509687305962  0.41135601912869335  0.42288694138432698  0.43441786363996060
  0.44594878589559422  0.45747970815122779  0.46293571510727916  0.46790604664911567
  0.47287637819095213  0.47784670973278864  0.48281704127462510  0.48778737281646151
  0.49275770435829797  0.49772803590013437  0.50269836744197083  0.50766869898380729
  0.51263903052564364  0.51760936206748009  0.55755495895584339  0.66206870483585900
  0.69184869999590526  0.69759585277337022  0.70334300555083507  0.70909015832830002
  0.71483731110576498  0.72058446388322994  0.72633161666069501  0.73207876943815986
  0.73782592221562482  0.74357307499308978  0.74932022777055463  0.83356554891877899
  0.83631767197225759  0.83906979502573631  0.84182191807921491  0.84457404113269363
  0.84732616418617224  0.85007828723965084  0.85283041029312956  0.85558253334660817
  0.85833465640008677  0.86108677945356538  0.86383890250704409  0.86659102556052270
  0.86934314861400130  0.87209527166747991  0.87484739472095852  0.87759951777443712
  0.88035164082791573  0.88310376388139444  0.88585588693487305  0.88860800998835165
  0.89136013304183026  0.89411225609530887  0.91690002745465338  0.91823123025861475
  0.91956243306257612  0.92089363586653750  0.92222483867049887  0.92355604147446024
  0.92488724427842162  0.92621844708238299  0.92754964988634436  0.92888085269030574
  0.93021205549426722  0.93154325829822859  0.93287446110218997  0.93420566390615134
  0.93553686671011271  0.93686806951407409  0.93804373837610588  0.93907885163917193
  0.94011396490223809  0.94114907816530424  0.94218419142837029  0.94321930469143644
  0.94425441795450260  0.94528953121756876  0.94632464448063480  0.94735975774370096
  0.94839487100676712  0.94942998426983316  0.95046509753289932  0.95150021079596547
  0.95253532405903163  0.95357043732209767  0.95460555058516383  0.95564066384822999
  0.95667577711129614  0.95771089037436219  0.98245686690012624  1.00000000000000000
   2.2747266573519446E-012  -1.0000000000000000     
 F F F F F F F F F F F F F F F F F F F F F F F F F F F F F F F F F F F F F F F F F F F F F F F F F F F F F F F F F F F F F F F F F F F F F F F F F F F F F F F F F F F F F F F F F F F F F F F F F F F F F F F F F F F F F F F F F F F F F F F F F F F F F F F F F F F F F F F F F F F F F F F F F F F F F F F F F F F F F F F F F F F F F F F F F F F F F F F F F F F F F F F F F F F F F F F F F F F F F F F F F F F F F F F F F F F F F F F F F F F F F F F F F F F F F F F F F F F F F F F F F F F F F F F F F F F F F F F F F F F F F F F F F F F F F F F F F F F F F F F F F F F F F F F F F F F F F F F F F F F F F F F F F F F F F F F F F F F F F F F F F F F F F F F F F F F F F F F F F F F F F F F F F F F F F F F F F F F F F F F F F F F F F F F F F F F F F F F F F F F F F F F F F F F F F F F F F F F F F F F F F F F F F F F F F F F F F F F F F F F F F F F F F F F F F F F F F F F F F F F F F F F F F F F F F F F F F F F F F F F F F F F F F F F F F F F F F F F F F F F F F F F F F F F F F F F F F F F F F F F F F F F F F F F F F F F F
  <DiscreteSampler_grid>
  grouped_processes
  1 # 1 for a reference and 2 for a running grid.
  10 # Attribute 'min_bin_probing_points' of the grid.
  1 # Attribute 'grid_mode' of the grid. 1=='default',2=='initialization'
  0.0000000000000000 # Attribute 'small_contrib_threshold' of the grid.
  0.5000000000000000 # Attribute 'damping_power' of the grid.
 # binID   n_entries weight   weight_sqr   abs_weight
    10   10   1.558616547204358E-001   1.693117573180611E-001   1.558616547204358E-001
  </DiscreteSampler_grid>
