  0.00816340934188965  0.10476252505175601  0.10535838343684527  0.10595424182193454
  0.10655010020702380  0.10714595859211307  0.10774181697720234  0.10833767536229161
  0.10893353374738086  0.10952939213247014  0.11012525051755939  0.11072110890264866
  0.11131696728773793  0.11191282567282720  0.11250868405791646  0.11310454244300573
  0.11370040082809499  0.11429625921318426  0.11489211759827353  0.11548797598336280
  0.11608383436845206  0.11667969275354133  0.11727555113863060  0.11787140952371986
  0.11846726790880913  0.11906312629389838  0.11965898467898765  0.12025484306407692
  0.12085070144916618  0.12144655983425545  0.12204241821934472  0.12263827660443398
  0.12323413498952325  0.12382999337461252  0.12442585175970178  0.12502838597813973
  0.12580746982379354  0.12658655366944735  0.12736563751510116  0.12814472136075497
  0.12892380520640878  0.12970288905206259  0.13048197289771640  0.13126105674337021
  0.13204014058902402  0.13281922443467786  0.13359830828033167  0.13437739212598548
  0.13515647597163929  0.13593555981729311  0.13671464366294692  0.13749372750860073
  0.13827281135425454  0.13905189519990835  0.13983097904556219  0.14061006289121600
  0.14138914673686981  0.14216823058252362  0.14294731442817743  0.14372639827383124
  0.14450548211948505  0.14528456596513886  0.16812827734024027  0.24354463880572666
  0.31896100027121305  0.39437736173669946  0.46176824649704717  0.48437207199702031
  0.50697589749699334  0.54259437984730630  0.55097490578652031  0.55935543172573421
  0.56773595766494822  0.57611648360416223  0.58449700954337624  0.59287753548259037
  0.60125806142180449  0.65340848657020500  0.69498350485881677  0.70864063209068973
  0.72229775932256268  0.73595488655443564  0.74961201378630860  0.79644849675580731
  0.80785818760428774  0.81926787845276816  0.83067756930124859  0.84208726014972901
  0.85349695099820955  0.91773631031414360  0.92723831843714521  0.93674032656014683
  0.94410537132567129  0.95128472263933739  0.95449756546258324  1.00000000000000000
  0.07371535808952762  0.12558842576030629  0.12617685152061262  0.12676527728091891
  0.12735370304122523  0.12794212880153152  0.12853055456183785  0.12911898032214414
  0.12970740608245046  0.13029583184275675  0.13088425760306308  0.13147268336336937
  0.13206110912367569  0.13264953488398198  0.13323796064428828  0.13382638640459460
  0.13441481216490089  0.13500323792520721  0.13559166368551351  0.13618008944581983
  0.13676851520612612  0.13735694096643244  0.13794536672673874  0.13853379248704506
  0.13912221824735135  0.13971064400765767  0.14029906976796397  0.14088749552827029
  0.14147592128857658  0.14206434704888291  0.14265277280918920  0.14324119856949552
  0.14382962432980181  0.14441805009010814  0.14500647585041443  0.14559490161072075
  0.14629095311393500  0.14706032412695602  0.14782969513997704  0.14859906615299806
  0.14936843716601911  0.15013780817904013  0.15090717919206115  0.15167655020508217
  0.15244592121810319  0.15321529223112421  0.15398466324414523  0.15475403425716627
  0.15552340527018729  0.15629277628320831  0.15706214729622933  0.15783151830925035
  0.15860088932227137  0.15937026033529242  0.16013963134831344  0.16090900236133446
  0.16167837337435548  0.16244774438737650  0.16321711540039752  0.16398648641341856
  0.16475585742643958  0.16552522843946060  0.16629459945248162  0.20512963141950688
  0.21731383622750222  0.22669797587439497  0.23608211552128766  0.24546625516818030
  0.25485039481507299  0.26423453446196560  0.29294083844279634  0.34355073939070019
  0.36587442616213839  0.38295551547547740  0.39641307247058011  0.40990086303405909
  0.42338865359753797  0.43687644416101684  0.50853935360640656  0.58302213036914885
  0.59455444417189074  0.60582263562065453  0.61709082706941809  0.62835901851818177
  0.63962720996694544  0.67929361741279615  0.75377639417553843  0.82825917093828072
  0.84104604142418093  0.84932259211173100  0.85732402740274949  0.86493720668250362
  0.87255038596225765  0.92533925611879142  0.93708108303451321  1.00000000000000000
  0.02590905619161590  0.16980319011273401  0.19055826867264997  0.20116401273221474
  0.21176975679177953  0.22237550085134442  0.23298124491090924  0.24358698897047401
  0.27294452827308457  0.28808129971521773  0.30321807115735072  0.31835484259948371
  0.33334318873957058  0.33428568535398351  0.33522818196839638  0.33617067858280930
  0.33711317519722217  0.33805567181163509  0.33899816842604796  0.33994066504046089
  0.34088316165487376  0.34182565826928668  0.34276815488369955  0.34371065149811247
  0.34465314811252534  0.34559564472693827  0.34653814134135114  0.34748063795576406
  0.34842313457017693  0.34936563118458985  0.35030812779900272  0.35125062441341565
  0.35219312102782852  0.35313561764224144  0.35407811425665431  0.35502061087106723
  0.35596310748548010  0.35690560409989297  0.35784810071430589  0.35879059732871876
  0.35973309394313163  0.36067559055754456  0.36161808717195743  0.36256058378637029
  0.36350308040078316  0.36444557701519609  0.36538807362960896  0.36633057024402182
  0.36727306685843475  0.36821556347284762  0.36915806008726049  0.37010055670167341
  0.37104305331608628  0.37198554993049915  0.37292804654491207  0.37387054315932494
  0.37481303977373781  0.37575553638815073  0.37669803300256360  0.37764052961697647
  0.37858302623138940  0.37952552284580227  0.38046801946021513  0.38141051607462806
  0.38235301268904093  0.38329550930345380  0.38423800591786672  0.38518050253227959
  0.38612299914669246  0.38706549576110538  0.38800799237551825  0.38895048898993112
  0.38989298560434404  0.39083548221875691  0.39177797883316978  0.39272047544758265
  0.39366297206199558  0.39460546867640844  0.39554796529082131  0.45260614839115104
  0.53403341889910017  0.61546068940704912  0.69688795991499808  0.77199911393039022
  0.78468658221450338  0.79737405049861654  0.81006151878272958  0.82274898706684263
  0.84683102109934782  0.91800200944216681  0.92738234377478990  0.93676267810741309
  0.94546606547209255  0.95411170354819375  0.96177352574538755  1.00000000000000000
  0.05051994695731084  0.05739375629694281  0.06578533221569390  0.07856151817492753
  0.13470317519129482  0.16724582631015439  0.16819499921677733  0.16914417212340027
  0.17009334503002321  0.17104251793664615  0.17199169084326910  0.17294086374989204
  0.17389003665651498  0.17483920956313792  0.17578838246976086  0.17673755537638380
  0.17768672828300675  0.17863590118962969  0.17958507409625263  0.18053424700287557
  0.18148341990949851  0.18243259281612145  0.18338176572274439  0.18433093862936736
  0.18528011153599031  0.18622928444261325  0.18717845734923619  0.18812763025585913
  0.18907680316248207  0.19002597606910501  0.19097514897572795  0.19192432188235090
  0.19287349478897384  0.19382266769559678  0.19477184060221972  0.19572101350884266
  0.19667018641546560  0.19761935932208854  0.19856853222871149  0.19951770513533446
  0.20046687804195740  0.20141605094858034  0.20236522385520328  0.20331439676182622
  0.20426356966844916  0.20521274257507210  0.20616191548169505  0.20711108838831799
  0.20806026129494093  0.20900939975825492  0.20995852431017634  0.21090764886209776
  0.21185677341401921  0.21280589796594063  0.21375502251786205  0.21470414706978347
  0.21565327162170489  0.21660239617362631  0.21755152072554776  0.21850064527746918
  0.21944976982939060  0.22039889438131202  0.22134801893323347  0.22229714348515489
  0.22324626803707631  0.22419539258899773  0.22514451714091915  0.22609364169284057
  0.22704276624476202  0.22799189079668344  0.22894101534860486  0.24078535852296173
  0.25602792063295110  0.27318488311433575  0.35517891719954559  0.43717295128475520
  0.48377484017428107  0.49322083330389915  0.50266682643351723  0.51211281956313537
  0.52155881269275339  0.53100480582237164  0.54045079895198977  0.55097191502428988
  0.56165186309603210  0.57233181116777432  0.58301175923951654  0.59369170731125886
  0.60464730287131097  0.62949483922184768  0.67202386365916333  0.75401789774437289
  0.83601193182958256  0.91800596591479244  0.96707433344285276  1.00000000000000000
  0.00000000139155874  0.00000000166991018  0.00000000168376079  0.00000000169761140
  0.00000000171146201  0.00000000172531263  0.00000000173916324  0.00000000175301385
  0.00000000176686446  0.00000000178071508  0.00000000179456569  0.00000000180841630
  0.00000000182226691  0.00000000183611753  0.00000000184996814  0.00000000186381875
  0.00000000187766936  0.00000000189151998  0.00000000190537059  0.00000000191922120
  0.00000000193307182  0.00000000194692243  0.00000000196077304  0.00000000197462365
  0.00000000198847427  0.00000000200232488  0.00000000201617549  0.00000000203002610
  0.00000000204387672  0.00000000205772733  0.00000000207157794  0.00000000208542855
  0.00000000209927917  0.00000000211331167  0.00000000213641682  0.00000000215952198
  0.00000000218262713  0.00000000220573229  0.00000000222883744  0.00000000225194259
  0.00000000227504775  0.00000000229815290  0.00000000232125805  0.00000000234436321
  0.00000000236746836  0.00000000239057352  0.00000000241367867  0.00000000243678382
  0.00000000245988898  0.00000000248299413  0.00000000250609929  0.00000000252920444
  0.00000000255230959  0.00000000257541475  0.00000000259851990  0.00000000262162505
  0.00000000264473021  0.00000000266783536  0.00000000269094052  0.00000000568291097
  0.00000001448997953  0.00000003701772108  0.00000004360058609  0.00000004822404120
  0.00000005359395538  0.00000005949271787  0.00000006578302135  0.00000007330886473
  0.00000008083470811  0.00000014865712331  0.00000018416662848  0.00000021317706596
  0.00000024934124867  0.00000028925266936  0.00000033653143198  0.00000066495677429
  0.00000169410810142  0.00000430917099456  0.00001094188315504  0.00002784096905502
  0.00007114983185647  0.00012860978486665  0.00014485490643492  0.00016213750167847
  0.00018133118018042  0.00022318231772457  0.00056789931330300  0.00144258825600999
  0.00366414019120343  0.00936669230105475  0.02391233230429545  0.03437671778655876
  0.03437671778656876  0.03437671778657875  0.03437671778658875  1.00000000000000000
  0.00104348952813456  0.00112560538565614  0.00120828343286053  0.00129337592430010
  0.00158635080810284  0.00176552226604390  0.00183109562559576  0.00190019425652396
  0.00197086787812701  0.00204513489438557  0.00212130547378895  0.00239383818051391
  0.00254646001831728  0.00264204796718317  0.00274115561944406  0.00284417834962181
  0.00295074865324694  0.00306182068021661  0.00337236608661079  0.00338294086228645
  0.00339351563796212  0.00340409041363779  0.00341466518931346  0.00342523996498913
  0.00343581474066480  0.00344638951634047  0.00345696429201614  0.00346753906769181
  0.00347811384336748  0.00348868861904315  0.00349926339471882  0.00350983817039449
  0.00352041294607016  0.00353098772174583  0.00354156249742149  0.00355213727309716
  0.00356271204877283  0.00357328682444850  0.00358386160012417  0.00359443637579984
  0.00360501115147551  0.00361558592715118  0.00362616070282685  0.00363606609479923
  0.00364478259642140  0.00365349909804357  0.00366221559966574  0.00367093210128790
  0.00367964860291007  0.00368836510453224  0.00369708160615441  0.00370579810777658
  0.00371451460939875  0.00372323111102092  0.00373194761264308  0.00374066411426525
  0.00374938061588742  0.00375809711750959  0.00376681361913176  0.00377553012075393
  0.00378424662237610  0.00379296312399826  0.00380167962562043  0.00381039612724260
  0.00381911262886477  0.00382782913048694  0.00383654563210911  0.00384526213373128
  0.00385397863535344  0.00386269513697561  0.00387141163859778  0.00388012814021995
  0.00388884464184212  0.00389756114346429  0.00390627764508646  0.00391499414670863
  0.00516235717962123  0.00691765062017481  0.00926932700950261  0.01241985410307956
  0.01654120829945069  0.01719284974433146  0.01719284974434146  0.01719284974435146
  0.01719284974436145  0.01719284974437145  0.01719284974438145  0.01719284974439145
  0.01719284974440145  0.01719284974441145  0.01719284974442145  0.01719284974443145
  0.01719284974444145  0.01719284974445144  0.01719284974446144  1.00000000000000000
  0.09266852935155237  0.21990981969898313  0.23164593879005707  0.24401909470313890
  0.29102369960643926  0.37043119812876829  0.44983869665109738  0.48493599961249745
  0.49408401499984356  0.50323203038718967  0.51238004577453578  0.52152806116188188
  0.53067607654922810  0.53982409193657432  0.60508006767583666  0.62568863529824081
  0.62660786615474151  0.62752709701124232  0.62844632786774302  0.62936555872424371
  0.63028478958074441  0.63120402043724511  0.63212325129374580  0.63304248215024650
  0.63396171300674731  0.63488094386324800  0.63580017471974870  0.63671940557624940
  0.63763863643275009  0.63855786728925079  0.63947709814575160  0.64039632900225230
  0.64131555985875299  0.64223479071525369  0.64315402157175439  0.64407325242825508
  0.64499248328475589  0.64591171414125659  0.64683094499775728  0.64775017585425798
  0.64866940671075879  0.64958863756725949  0.65050786842376018  0.65142709928026088
  0.65234633013676169  0.65326556099326238  0.65418479184976308  0.65510402270626378
  0.65602325356276459  0.65694248441926528  0.65786171527576598  0.65878094613226668
  0.65970017698876748  0.66061940784526818  0.66153863870176888  0.66245786955826957
  0.66337710041477038  0.66429633127127108  0.66521556212777178  0.66613479298427247
  0.66705402384077328  0.66797325469727398  0.66889248555377467  0.66981171641027537
  0.67073094726677607  0.67165017812327676  0.67256940897977757  0.67348863983627827
  0.67440787069277897  0.67532710154927966  0.67624633240578036  0.67716556326228106
  0.67808479411878186  0.67900402497528256  0.67992325583178326  0.68084248668828395
  0.68176171754478465  0.68268094840128535  0.68360017925778616  0.68451941011428685
  0.68543864097078755  0.68635787182728825  0.68727710268378894  0.74765257666838114
  0.76432534690358322  0.77908707611631656  0.79316717768546452  0.80331783296784876
  0.81348684439549002  0.82382988910828092  0.83417293382107183  0.84451597853386284
  0.85948215215753576  0.93888965067986485  0.97664646739131289  1.00000000000000000
  0.02562218507130941  0.05540980201513694  0.06954139661197363  0.08457432522886960
  0.10852575061244907  0.14587558232665926  0.14678340216868371  0.14769122201070820
  0.14859904185273265  0.14950686169475713  0.15041468153678161  0.15132250137880607
  0.15223032122083055  0.15313814106285500  0.15404596090487949  0.15495378074690397
  0.15586160058892842  0.15676942043095290  0.15767724027297736  0.15858506011500184
  0.15949287995702632  0.16040069979905078  0.16130851964107526  0.16221633948309971
  0.16312415932512420  0.16403197916714868  0.16493979900917313  0.16584761885119761
  0.16675535890723092  0.16766236282436656  0.16856936674150222  0.16947637065863785
  0.17038337457577352  0.17129037849290915  0.17219738241004481  0.17310438632718045
  0.17401139024431611  0.17491839416145177  0.17582539807858741  0.17673240199572307
  0.17763940591285871  0.17854640982999437  0.17945341374713000  0.18036041766426567
  0.18126742158140130  0.18217442549853696  0.18308142941567260  0.18398843333280826
  0.18489543724994392  0.18580244116707956  0.18670944508421522  0.18761644900135085
  0.18852345291848652  0.18943045683562215  0.19033746075275781  0.19124446466989345
  0.19215146858702911  0.19305847250416475  0.19396547642130041  0.19487248033843607
  0.19577948425557171  0.19668648817270737  0.19759349208984300  0.19850049600697867
  0.19940749992411430  0.20031450384124996  0.20122150775838560  0.20212851167552126
  0.20303551559265690  0.20394251950979256  0.20484952342692819  0.20575652734406386
  0.20666353126119952  0.20757053517833515  0.20976979117808087  0.21880460970872750
  0.22783942823937417  0.29607201573184921  0.37449840630162679  0.45292479687140436
  0.53135118744118204  0.55227944195504941  0.56449953479140402  0.57671962762775875
  0.58893972046411347  0.60115981330046819  0.66329560511055030  0.74172199568032793
  0.79537642448970380  0.80559149999090240  0.81556730647640596  0.82504320300943623
  0.84314721886044719  0.91076594988505044  0.91076594988506043  1.00000000000000000
  0.01416682799657181  0.01759452867428687  0.02146511835955334  0.03292946778209586
  0.05969243477505525  0.13546885464148167  0.21124527450790814  0.23645618545313360
  0.24600373314386445  0.25555128083459533  0.26509882852532618  0.27464637621605709
  0.28419392390678805  0.30813385747565625  0.33390334001518812  0.35661531565652932
  0.38943760980770353  0.44057973952957041  0.44900044335416800  0.45742114717876559
  0.46584185100336328  0.47426255482796098  0.48268325865255862  0.49110396247715621
  0.49952466630175379  0.57149897624113821  0.64727539610756468  0.72305181597399126
  0.77590299502172810  0.78962552227765714  0.80334804953358607  0.81276073182643105
  0.81354354322189770  0.81432635461736447  0.81510916601283112  0.81589197740829777
  0.81667478880376454  0.81745760019923119  0.81824041159469796  0.81902322299016461
  0.81980603438563127  0.82058884578109803  0.82137165717656468  0.82215446857203145
  0.82293727996749810  0.82372009136296476  0.82450290275843152  0.82528571415389818
  0.82606852554936494  0.82685133694483159  0.82763414834029825  0.82841695973576501
  0.82919977113123167  0.82998258252669843  0.83076539392216509  0.83154820531763174
  0.83233101671309850  0.83311382810856516  0.83376418560516019  0.83436292938907897
  0.83496167317299774  0.83556041695691641  0.83615916074083518  0.83675790452475396
  0.83735664830867262  0.83795539209259140  0.83855413587651018  0.83915287966042884
  0.83975162344434762  0.84035036722826639  0.84094911101218506  0.84154785479610383
  0.84214659858002261  0.84274534236394127  0.84334408614786005  0.84394282993177883
  0.84454157371569749  0.84514031749961627  0.84573906128353504  0.84633780506745371
  0.84693654885137248  0.84753529263529126  0.84813403641920992  0.84873278020312870
  0.84933152398704748  0.84993026777096614  0.85052901155488492  0.85112775533880369
  0.85172649912272236  0.85232524290664113  0.85292398669055991  0.85352273047447869
  0.85412147425839735  0.87498176495234170  0.87498176495235169  1.00000000000000000
  0.04003202517827360  0.06663341271809885  0.11334131366652488  0.19803054311982138
  0.23751130755249025  0.25070757683926814  0.26390384612604600  0.27710011541282392
  0.29029638469960195  0.36756188613103874  0.42076616313927701  0.43052276210235629
  0.44027936106543553  0.45003596002851481  0.45979255899159405  0.46954915795467345
  0.48037399785179774  0.52905566878113353  0.54479939301039160  0.56054311723964945
  0.57628684146890741  0.63011781054013583  0.71480703999343242  0.72998083954699755
  0.73096124710158905  0.73194165465618044  0.73292206221077194  0.73390246976536344
  0.73488287731995483  0.73586328487454633  0.73684369242913772  0.73782409998372922
  0.73880450753832072  0.73978491509291211  0.74076532264750361  0.74174573020209511
  0.74272613775668650  0.74370654531127800  0.74468695286586939  0.74566736042046089
  0.74664776797505239  0.74762817552964378  0.74860858308423528  0.74958899063882667
  0.75056939819341817  0.75154980574800967  0.75253021330260106  0.75351062085719256
  0.75449102841178406  0.75547143596637545  0.75645184352096695  0.75743225107555834
  0.75841265863014984  0.75939306618474134  0.76037347373933273  0.76135388129392423
  0.76233428884851562  0.76331469640310712  0.76429510395769862  0.76527551151229001
  0.76625591906688151  0.76723632662147290  0.76821673417606440  0.76919714173065590
  0.77017754928524729  0.77115795683983879  0.77213836439443029  0.77311877194902168
  0.77409917950361318  0.77507958705820468  0.77605999461279607  0.77704040216738757
  0.77802080972197907  0.77900121727657057  0.77998162483116196  0.78096203238575346
  0.78194243994034496  0.78292284749493635  0.78390325504952785  0.78488366260411935
  0.78586407015871085  0.78684447771330224  0.78782488526789374  0.78880529282248524
  0.78978570037707663  0.79076610793166813  0.79856414004129106  0.82171591661207011
  0.83274703614965973  0.84377815568724956  0.85480927522483940  0.86584039476242913
  0.88936817935290480  0.96196537016412353  0.98141006518024998  1.00000000000000000
  0.02777176698048912  0.03440514989309129  0.04103853280569347  0.05137301251829499
  0.06209461759452965  0.14170338511952515  0.19170702294902980  0.20118984190227093
  0.21067266085551209  0.22015547980875330  0.22963829876199451  0.23912111771523564
  0.24860393666847674  0.27140473086527023  0.27235755369831832  0.27331037653136642
  0.27426319936441451  0.27521602219746261  0.27616884503051070  0.27712166786355874
  0.27807449069660684  0.27902731352965493  0.27998013636270302  0.28093295919575112
  0.28188578202879921  0.28283860486184731  0.28379142769489535  0.28474425052794344
  0.28569707336099154  0.28664989619403963  0.28760271902708773  0.28855554186013582
  0.28950836469318392  0.29046118752623196  0.29141401035928005  0.29236683319232815
  0.29331965602537624  0.29427247885842428  0.29522530169147237  0.29617812452452047
  0.29713094735756851  0.29808377019061660  0.29903659302366470  0.29998941585671274
  0.30094223868976083  0.30189506152280893  0.30284788435585697  0.30380070718890506
  0.30475353002195316  0.30570635285500120  0.30665917568804929  0.30761199852109739
  0.30856482135414542  0.30951764418719352  0.31047046702024161  0.31142328985328965
  0.31237611268633775  0.31332893551938584  0.31428175835243388  0.31523458118548198
  0.31618740401853007  0.31714022685157811  0.31809304968462621  0.31904587251767430
  0.31999869535072234  0.32095151818377043  0.32190434101681853  0.32285716384986657
  0.32380998668291466  0.32476280951596276  0.32571563234901080  0.32666845518205889
  0.32762127801510699  0.32857410084815503  0.32952692368120312  0.33047974651425122
  0.33143256934729926  0.33238539218034735  0.33375506867757693  0.41607080022523241
  0.46577902557472517  0.48108111448664614  0.49638320339856701  0.51168529231048787
  0.55393828762319552  0.63625401917085089  0.71856975071850626  0.80088548226616163
  0.84856294010408784  0.87370209200785487  0.90568244680500387  0.92778120896457905
  0.94031083871787069  0.95191332841218368  0.95764285723368314  1.00000000000000000
  0.06507026751836140  0.06557344570720808  0.06607662389605476  0.06657980208490144
  0.06708298027374812  0.06758615846259480  0.06808933665144148  0.06859251484028817
  0.06909569302913486  0.06959887121798154  0.07010204940682822  0.07060522759567490
  0.07110840578452159  0.07161158397336827  0.07211476216221495  0.07261794035106163
  0.07312111853990831  0.07362429672875499  0.07412747491760167  0.07463065310644836
  0.07513383129529504  0.07563700948414172  0.07614018767298840  0.07664336586183508
  0.07714654405068176  0.07764972223952844  0.07815290042837512  0.07865607861722181
  0.07915925680606849  0.07966243499491517  0.08016561318376184  0.08066879137260852
  0.08117196956145520  0.08167514775030188  0.08217832593914856  0.08268150412799524
  0.08318468231684192  0.08386208029365398  0.08461252753324017  0.08536297477282637
  0.08611342201241254  0.08686386925199874  0.08761431649158492  0.08836476373117111
  0.08911521097075729  0.08986565821034348  0.09061610544992967  0.09136655268951585
  0.09211699992910204  0.09286744716868822  0.09361789440827442  0.09436834164786061
  0.09511878888744679  0.09586923612703298  0.09661968336661916  0.09737013060620535
  0.09812057784579153  0.09887102508537772  0.09962147232496391  0.10037191956455010
  0.10112236680413629  0.10187281404372248  0.10262326128330866  0.10337370852289485
  0.10412415576248103  0.17263918529604511  0.24522341359937425  0.31780764190270339
  0.39039187020603250  0.42422492281507912  0.43607154170072937  0.44791816058637968
  0.45976477947202998  0.47161139835768034  0.50545976961804973  0.57804399792137884
  0.65062822622470806  0.69744448314196461  0.71765627323800218  0.73786806333403987
  0.77901622880702404  0.85160045711035337  0.86089558527721077  0.86787112348012607
  0.87484666168304137  0.88182219988595667  0.88879773808887186  0.89577327629178716
  0.90274881449470257  0.90972435269761798  0.91701238269688856  0.96253829384488021
  0.97230098786016284  0.98185837115846364  0.99092918557923215  1.00000000000000000
  0.07651888926823928  0.24897055970384113  0.26959408157553777  0.29655500325153367
  0.30421763721845474  0.31188027118537581  0.31946524732072190  0.32704339008335209
  0.33462153284598228  0.34219967560861259  0.34977781837124289  0.35942210698588423
  0.37190965789378094  0.42689605348209031  0.49585851068117254  0.56482096788025471
  0.63378342507933694  0.65353138656150134  0.66285932347706700  0.67218726039263255
  0.68151519730819798  0.69084313422376353  0.70017107113932897  0.71695129396293156
  0.78591375116201379  0.85487620836109601  0.89612255529658480  0.89683475742652952
  0.89754695955647423  0.89825916168641895  0.89897136381636367  0.89968356594630838
  0.90039576807625310  0.90110797020619782  0.90182017233614253  0.90253237446608725
  0.90324457659603197  0.90395677872597668  0.90466898085592140  0.90538118298586612
  0.90609338511581083  0.90680558724575566  0.90751778937570038  0.90822999150564510
  0.90894219363558981  0.90965439576553453  0.91036659789547925  0.91107880002542396
  0.91179100215536868  0.91250320428531340  0.91321540641525811  0.91392760854520283
  0.91463981067514755  0.91535201280509226  0.91606421493503698  0.91669353748172577
  0.91686790998526335  0.91704228248880082  0.91721665499233840  0.91739102749587587
  0.91756539999941344  0.91773977250295091  0.91791414500648849  0.91808851751002596
  0.91826289001356354  0.91843726251710101  0.91861163502063858  0.91878600752417605
  0.91896038002771363  0.91913475253125110  0.91930912503478868  0.91948349753832614
  0.91965787004186372  0.91983224254540119  0.92000661504893877  0.92018098755247624
  0.92035536005601382  0.92052973255955139  0.92070410506308886  0.92087847756662644
  0.92105285007016391  0.92122722257370149  0.92140159507723896  0.92157596758077653
  0.92175034008431400  0.92192471258785158  0.92209908509138905  0.92227345759492663
  0.92244783009846409  0.92262220260200167  0.92279657510553914  0.92297094760907672
  0.92314532011261419  0.92331969261615177  0.92333603302637746  1.00000000000000000
  0.25729792912801103  0.26903365700937848  0.28682906564011168  0.34213769466446481
  0.40997992305825487  0.42664921375478426  0.43764770952777488  0.44497455843128109
  0.45230140733478735  0.45937225793197739  0.46525063380072035  0.47112900966946336
  0.47700738553820632  0.48291780864774891  0.48884683816748281  0.49477586768721671
  0.50077527155612722  0.50729623361522447  0.51381719567432160  0.52033815773341885
  0.58352389609251620  0.65136612448630626  0.71920835288009632  0.72976561956096453
  0.73046761595025178  0.73116961233953892  0.73187160872882606  0.73257360511811331
  0.73327560150740045  0.73397759789668759  0.73467959428597474  0.73538159067526199
  0.73608358706454913  0.73678558345383627  0.73748757984312352  0.73818957623241066
  0.73889157262169780  0.73959356901098494  0.74029556540027219  0.74099756178955933
  0.74169955817884647  0.74240155456813373  0.74310355095742087  0.74380554734670801
  0.74450754373599515  0.74520954012528240  0.74591153651456954  0.74661353290385668
  0.74731552929314393  0.74801752568243107  0.74871952207171821  0.74942151846100535
  0.75009447862873924  0.75063144771450185  0.75116841680026447  0.75170538588602709
  0.75224235497178971  0.75277932405755243  0.75331629314331505  0.75385326222907767
  0.75439023131484029  0.75492720040060290  0.75546416948636563  0.75600113857212825
  0.75653810765789087  0.75707507674365349  0.75761204582941610  0.75814901491517872
  0.75868598400094145  0.75922295308670407  0.75975992217246668  0.76029689125822930
  0.76083386034399192  0.76137082942975465  0.76190779851551726  0.76244476760127988
  0.76298173668704250  0.76351870577280512  0.76405567485856785  0.76459264394433046
  0.76512961303009308  0.76566658211585570  0.76620355120161832  0.76674052028738093
  0.76727748937314366  0.76781445845890628  0.76835142754466890  0.76888839663043151
  0.76942536571619413  0.76996233480195686  0.77049930388771948  0.77384943167368558
  0.77384943167369558  0.77384943167370557  0.77384943167371556  1.00000000000000000
  0.03092437585194910  0.03640772835538743  0.04204822345245955  0.05137120938508864
  0.06069419531771772  0.07067668193501056  0.08081759621084619  0.09095851048668191
  0.10109942476251765  0.16524736467711718  0.21529400472800836  0.22899717104386949
  0.24270033735973048  0.25640350367559150  0.27010666999145244  0.33958761176753549
  0.36640412881459689  0.39322064586165811  0.43793974603842017  0.43897022163412969
  0.44000069722983914  0.44103117282554866  0.44206164842125817  0.44309212401696768
  0.44412259961267719  0.44515307520838671  0.44618355080409616  0.44721402639980568
  0.44824450199551519  0.44927497759122470  0.45030545318693421  0.45133592878264372
  0.45236640437835318  0.45339687997406269  0.45442735556977221  0.45545783116548172
  0.45648830676119123  0.45751878235690074  0.45854925795261026  0.45957973354831977
  0.46061020914402928  0.46164068473973879  0.46267116033544831  0.46370163593115782
  0.46473211152686733  0.46576258712257684  0.46679306271828636  0.46782353831399587
  0.46885401390970538  0.46988448950541489  0.47091496510112441  0.47194544069683392
  0.47297591629254343  0.47400639188825294  0.47503686748396245  0.47606734307967197
  0.47709781867538148  0.47812829427109099  0.47915876986680050  0.48018919363508228
  0.48121961700312998  0.48225004037117769  0.48328046373922540  0.48431088710727310
  0.48534131047532081  0.48637173384336851  0.48740215721141622  0.48843258057946398
  0.48946300394751169  0.49049342731555939  0.49152385068360710  0.49255427405165481
  0.49358469741970251  0.49461512078775022  0.49564554415579792  0.49667596752384569
  0.49770639089189339  0.49873681425994110  0.49976723762798880  0.51264952594121638
  0.52899026115244208  0.56130294193727082  0.64886907306195751  0.73643520418664443
  0.82400133531133124  0.91156746643601816  0.96052904531616257  0.96524151488079568
  0.96995398444542869  0.97466645401006180  0.97935266424548040  0.98348213139638430
  0.98761159854728819  0.99174106569819220  0.99587053284909610  1.00000000000000000
  0.00432581506065322  0.00474907979241836  0.00517234452418349  0.00559560925594863
  0.00601887398771376  0.00644213871947890  0.00686540345124403  0.00728866818300917
  0.00771193291477430  0.00813519764653944  0.00855846237830457  0.00898172711006971
  0.00940499184183484  0.00982825657359998  0.01025152130536511  0.01067478603713025
  0.01109805076889538  0.01152131550066051  0.01194458023242565  0.01236784496419078
  0.01279110969595592  0.01321437442772105  0.01363763915948619  0.01406090389125132
  0.01448416862301646  0.01490743335478159  0.01533069808654673  0.01575396281831186
  0.01617722755007700  0.01660049228184213  0.01702375701360727  0.01744702174537240
  0.01787028647713754  0.01829355120890267  0.01871681594066781  0.01914008067243294
  0.01956334540419808  0.01998661013596321  0.02040987486772835  0.02083313959949348
  0.02136727059621257  0.02190145236111789  0.02243563412602321  0.02296981589092853
  0.02350399765583385  0.02403817942073917  0.02457236118564449  0.02510654295054981
  0.02564072471545513  0.02617490648036045  0.02670908824526577  0.02724327001017109
  0.02777745177507641  0.02831163353998173  0.02884581530488705  0.02937999706979237
  0.02991417883469769  0.03044836059960301  0.03098254236450833  0.03151672412941365
  0.03205090589431897  0.03258508765922429  0.03311926942412961  0.03365345118903493
  0.03418763295394025  0.03472181471884557  0.03525599648375088  0.03579017824865621
  0.03632436001356153  0.03685854177846685  0.03739272354337217  0.03792690530827749
  0.03846108707318281  0.03899526883808813  0.03952945060299345  0.04006363236789877
  0.04059781413280409  0.04113199589770941  0.04166617766261473  0.04556147991816025
  0.04556147991817025  0.04556147991818025  0.04556147991819025  0.04556147991820025
  0.04556147991821025  0.04556147991822024  0.04556147991823024  0.04556147991824024
  0.04556147991825024  0.04556147991826024  0.04556147991827024  0.04556147991828024
  0.04556147991829024  0.04556147991830024  0.04556147991831024  1.00000000000000000
  0.06429415543874104  0.25732979880318357  0.26465959760636715  0.27209776792064322
  0.28011467574810583  0.28813158357556840  0.33649238992940100  0.41667484079163869
  0.49685729165387621  0.51069755160462316  0.52183149206015544  0.53296543251568784
  0.54409937297122024  0.55523331342675253  0.59035050769999631  0.67053295856223394
  0.70882460183277651  0.70975403040140239  0.71068345897002816  0.71161288753865404
  0.71254231610727981  0.71347174467590568  0.71440117324453145  0.71533060181315733
  0.71626003038178310  0.71718945895040898  0.71811888751903474  0.71904831608766062
  0.71997774465628639  0.72090717322491227  0.72183660179353804  0.72276603036216391
  0.72369545893078968  0.72462488749941556  0.72555431606804133  0.72648374463666709
  0.72741317320529297  0.72834260177391874  0.72927203034254462  0.73020145891117039
  0.73113088747979627  0.73206031604842203  0.73298974461704780  0.73391917318567368
  0.73484860175429945  0.73577803032292532  0.73670745889155109  0.73763688746017686
  0.73856631602880274  0.73949574459742851  0.74042517316605438  0.74135460173468015
  0.74228403030330592  0.74321345887193180  0.74414288744055757  0.74507231600918344
  0.74600174457780921  0.74693117314643498  0.74786060171506086  0.74879003028368663
  0.74971945885231250  0.75064888742093827  0.75157831598956404  0.75250774455818992
  0.75343717312681568  0.75436660169544145  0.75529603026406733  0.75622545883269310
  0.75715488740131898  0.75808431596994474  0.75901374453857051  0.75994317310719639
  0.76087260167582216  0.76180203024444804  0.76273145881307380  0.76366088738169957
  0.76459031595032545  0.76551974451895122  0.76644917308757710  0.76737860165620286
  0.76830803022482863  0.76923745879345451  0.77016688736208028  0.77342740161586399
  0.78259531308542785  0.79176126907818989  0.80074351329145677  0.80972575750472353
  0.81870800171799041  0.82769024593125728  0.83833687371057908  0.85179626604841141
  0.92022778676400552  0.96723432900476070  0.98393135158328160  1.00000000000000000
  0.27454548676808688  0.29347192795097538  0.32700077712353259  0.34443162840527047
  0.35654111000232747  0.36865059159938440  0.38051505005494696  0.39210941611065764
  0.40561396881808559  0.42002232982434873  0.43443069083061175  0.48130479017055955
  0.49030577261833608  0.49930675506611261  0.50830773751388914  0.51730871996166572
  0.52630970240944230  0.53531068485721889  0.56395149011171641  0.63978712575354013
  0.68785733973085683  0.68882093947302414  0.68978453921519145  0.69074813895735876
  0.69171173869952607  0.69267533844169338  0.69363893818386069  0.69460253792602800
  0.69556613766819531  0.69652973741036261  0.69749333715252992  0.69845693689469723
  0.69942053663686454  0.70038413637903185  0.70134773612119916  0.70231133586336636
  0.70327493560553367  0.70423853534770098  0.70520213508986829  0.70616573483203560
  0.70712933457420291  0.70809293431637021  0.70905620533232072  0.71001936707645141
  0.71098252882058199  0.71194569056471269  0.71290885230884327  0.71387201405297396
  0.71483517579710454  0.71579833754123512  0.71676149928536581  0.71772466102949639
  0.71868782277362708  0.71965098451775766  0.72061414626188836  0.72157730800601894
  0.72254046975014963  0.72350363149428021  0.72446679323841079  0.72542995498254148
  0.72639311672667206  0.72735627847080275  0.72831944021493333  0.72925679457312875
  0.73000555493580943  0.73075431529849000  0.73150307566117057  0.73225183602385124
  0.73300059638653181  0.73374935674921238  0.73449811711189306  0.73524687747457362
  0.73599563783725419  0.73674439819993476  0.73749315856261544  0.73824191892529600
  0.73899067928797657  0.73973943965065725  0.74048820001333782  0.74123696037601838
  0.74198572073869895  0.74273448110137963  0.74348324146406020  0.74423200182674076
  0.74498076218942144  0.74572952255210201  0.74647828291478258  0.74722704327746314
  0.74797580364014382  0.74872456400282439  0.74947332436550496  0.77249309307453307
  0.84832872871635689  0.91267061630884805  0.91267061630885804  1.00000000000000000
   4.7055927771784645E-013  -1.0000000000000000     
 F F F F F F F F F F F F F F F F F F F F F F F F F F F F F F F F F F F F F F F F F F F F F F F F F F F F F F F F F F F F F F F F F F F F F F F F F F F F F F F F F F F F F F F F F F F F F F F F F F F F F F F F F F F F F F F F F F F F F F F F F F F F F F F F F F F F F F F F F F F F F F F F F F F F F F F F F F F F F F F F F F F F F F F F F F F F F F F F F F F F F F F F F F F F F F F F F F F F F F F F F F F F F F F F F F F F F F F F F F F F F F F F F F F F F F F F F F F F F F F F F F F F F F F F F F F F F F F F F F F F F F F F F F F F F F F F F F F F F F F F F F F F F F F F F F F F F F F F F F F F F F F F F F F F F F F F F F F F F F F F F F F F F F F F F F F F F F F F F F F F F F F F F F F F F F F F F F F F F F F F F F F F F F F F F F F F F F F F F F F F F F F F F F F F F F F F F F F F F F F F F F F F F F F F F F F F F F F F F F F F F F F F F F F F F F F F F F F F F F F F F F F F F F F F F F F F F F F F F F F F F F F F F F F F F F F F F F F F F F F F F F F F F F F F F F F F F F F F F F F F F F F F F F F F F F F F
  <DiscreteSampler_grid>
  grouped_processes
  1 # 1 for a reference and 2 for a running grid.
  10 # Attribute 'min_bin_probing_points' of the grid.
  1 # Attribute 'grid_mode' of the grid. 1=='default',2=='initialization'
  0.0000000000000000 # Attribute 'small_contrib_threshold' of the grid.
  0.5000000000000000 # Attribute 'damping_power' of the grid.
 # binID   n_entries weight   weight_sqr   abs_weight
    10   10   4.799590634524934E-004   6.812299677430987E-007   4.799590634524934E-004
  </DiscreteSampler_grid>
