  0.02845594914452258  0.20977536608905525  0.21121739884477725  0.21265943160049922
  0.21410146435622121  0.21554349711194321  0.21698552986766520  0.21842756262338719
  0.21986959537910916  0.22131162813483116  0.22275366089055315  0.22419569364627515
  0.22563772640199711  0.22707975915771911  0.22852179191344110  0.23016576287747631
  0.23197309524771334  0.23378042761795037  0.23558775998818737  0.23739509235842440
  0.23920242472866141  0.24100975709889844  0.24281708946913544  0.24462442183937247
  0.24643175420960947  0.24823908657984650  0.25006726423363590  0.25268621245608974
  0.25530516067854359  0.25792410890099737  0.26054305712345122  0.26316200534590500
  0.26578095356835885  0.26839990179081263  0.27817652885429567  0.38184078623362527
  0.48550504361295493  0.58488294029246735  0.61240859910966250  0.62896998990301389
  0.63628716549441378  0.64360434108581355  0.65092205526630520  0.65824000538776628
  0.66555795550922736  0.67287590563068844  0.68019385575214941  0.68766723906288307
  0.73059646576933868  0.73298075705936994  0.73536504834940120  0.73774933963943257
  0.74013363092946383  0.74251792221949509  0.74490221350952646  0.74728650479955772
  0.74967079608958898  0.75205508737962035  0.75443937866965161  0.75682366995968287
  0.75920796124971424  0.76159225253974550  0.76397654382977676  0.76636083511980813
  0.76874512640983939  0.77112941769987065  0.77351370898990202  0.77589800027993328
  0.77828229156996465  0.78066658285999591  0.78305087415002728  0.78543516544005865
  0.78781945673008991  0.79020374802012128  0.83172612217695940  0.87643537579095132
  0.87889929747057149  0.88136321915019167  0.88382714082981184  0.88629106250943213
  0.88875498418905230  0.89121890586867247  0.89368282754829276  0.89609003771849671
  0.89810812139196872  0.90012620506544072  0.90214428873891273  0.90416237241238462
  0.90618045608585662  0.90819853975932863  0.91021662343280063  0.91223470710627264
  0.91425279077974464  0.91627087445321653  0.97842351783724113  1.00000000000000000
  0.08243567503674473  0.08555517030504778  0.08777700727676231  0.08999884424847684
  0.09222068122019138  0.09444251819190590  0.09666435516362043  0.09888619213533496
  0.10110802910704948  0.10332986607876402  0.10586037648271523  0.10857737881755331
  0.11129438115239138  0.11401138348722945  0.11672838582206752  0.11944538815690559
  0.12216239049174366  0.12487939282658173  0.18860128285697439  0.19122978734701773
  0.19385829183706108  0.19648679632710445  0.19911530081714779  0.20174380530719113
  0.20437230979723447  0.20700081428727785  0.20962931877732122  0.21225782326736459
  0.21488632775740796  0.21751483224745133  0.22014333673749470  0.22277184122753810
  0.22540034571758147  0.22802885020762484  0.23065735469766821  0.23328585918771155
  0.23591436367775490  0.23854286816779827  0.24117137265784161  0.24379987714788495
  0.24642838163792830  0.24905688612797167  0.32467827923439174  0.34086414326268716
  0.34899952105702520  0.35713489885136324  0.36527027664570122  0.37340565444003920
  0.38154103223437713  0.38967641002871511  0.42415708593845747  0.54062396915126198
  0.65709085236406639  0.75622749681735080  0.78701556395427119  0.81299772791062297
  0.81588708429018553  0.81877644066974797  0.82166579704931053  0.82455515342887298
  0.82744450980843542  0.83033386618799798  0.83322322256756043  0.83611257894712299
  0.83900193532668554  0.84189129170624799  0.84478064808581055  0.84767000446537311
  0.85055936084493555  0.85344871722449811  0.85633807360406067  0.85922742998362311
  0.86211678636318556  0.86500614274274812  0.86789549912231057  0.87078485550187312
  0.87367421188143557  0.87648855508990087  0.87923929277921009  0.88199003046851943
  0.88474076815782865  0.88749150584713798  0.89024224353644721  0.89299298122575654
  0.89574371891506577  0.89801176100533042  0.90026354812320086  0.90251533524107119
  0.90476712235894152  0.90701890947681185  0.90927069659468218  0.91152248371255262
  0.91377427083042295  0.91602605794829328  0.93893283368676861  1.00000000000000000
  0.03658133399809149  0.23127533307626513  0.23338399948586350  0.23549266589546189
  0.23760133230506028  0.23970999871465865  0.24181866512425704  0.24392733153385543
  0.24603599794345379  0.24814466435305219  0.25031071923766168  0.25289707397965167
  0.25548342872164159  0.25806978346363157  0.26065613820562150  0.26324249294761148
  0.26582884768960141  0.26841520243159139  0.27101826737370760  0.27386153282034187
  0.27670479826697614  0.27954806371361041  0.28239132916024468  0.28523459460687894
  0.28807786005351321  0.29092112550014748  0.29376439094678175  0.29660765639341602
  0.29945092184005023  0.30229418728668450  0.30513745273331871  0.30798071817995298
  0.31082398362658720  0.31366724907322147  0.31651051451985568  0.31935377996648995
  0.32219704541312422  0.32504031085975843  0.32788357630639270  0.33072684175302691
  0.34289719094873866  0.45774342088170106  0.53450824992440038  0.56485261543491583
  0.62823442711400534  0.64812529423398191  0.65083203266689116  0.65353877109980041
  0.65624550953270966  0.65895224796561891  0.66165898639852805  0.66436572483143730
  0.66707246326434655  0.66977920169725569  0.67248594013016494  0.67519267856307408
  0.67789941699598333  0.68060615542889247  0.68331289386180172  0.68601963229471086
  0.68872637072762011  0.69143310916052925  0.69413984759343850  0.69684658602634775
  0.69955332445925689  0.70226006289216614  0.70496680132507528  0.70767353975798453
  0.73377259273622975  0.74178515102450704  0.74979770931278422  0.75781026760106152
  0.76582282588933881  0.77383538417761610  0.78184794246589351  0.78986050075417080
  0.88062461744825438  0.89815280166195643  0.90082631470106400  0.90349982774017157
  0.90617334077927925  0.90884685381838681  0.91152036685749438  0.91419387989660195
  0.91673420736491340  0.91763379533759815  0.91853338331028289  0.91943297128296775
  0.92033255925565249  0.92123214722833724  0.92213173520102210  0.92303132317370684
  0.92393091114639159  0.92483049911907633  0.92524052597751638  1.00000000000000000
  0.00705131766163522  0.00869758711298020  0.01034385656432518  0.01199012601567015
  0.01363639546701513  0.01528266491836011  0.01692893436970509  0.01857520382105006
  0.02022147327239504  0.02273195040063442  0.02575361213987191  0.02877527387910941
  0.03179693561834691  0.03481859735758441  0.03784025909682191  0.04086192083605941
  0.06490603327751815  0.10485882867987166  0.10770191745648700  0.11054500623310233
  0.11338809500971767  0.11623118378633300  0.11907427256294832  0.12191736133956366
  0.12476045011617899  0.12760353889279433  0.13044662766940965  0.13328971644602500
  0.13613280522264032  0.13897589399925567  0.14181898277587099  0.14466207155248631
  0.14750516032910166  0.15034824910571704  0.15319133788233241  0.15603442665894776
  0.15887751543556314  0.16172060421217849  0.16456369298879386  0.19769449373251413
  0.31688523452885653  0.43607597532519898  0.46057089706569282  0.46332223897874331
  0.46607358089179379  0.46882492280484428  0.47157626471789482  0.47432760663094531
  0.47707894854399580  0.47983029045704628  0.48258163237009677  0.48533297428314720
  0.48808431619619769  0.49083565810924812  0.49358700002229861  0.49633834193534909
  0.49908968384839952  0.50184102576144995  0.50459236767450044  0.50734370958755093
  0.51009505150060142  0.51284639341365190  0.51559773532670239  0.51834907723975276
  0.53240374431272819  0.65159448510907059  0.77078522590541287  0.85503134074273079
  0.85790939598459481  0.86078745122645872  0.86366550646832274  0.86654356171018676
  0.86942161695205067  0.87229967219391469  0.87517772743577871  0.87805578267764262
  0.88093383791950663  0.88381189316137065  0.88668994840323456  0.88956800364509858
  0.89244605888696260  0.89532411412882651  0.89820216937069053  0.90108022461255455
  0.90395827985441857  0.90683633509628259  0.90971439033814661  0.91259244558001062
  0.91547050082187464  0.94095329548405415  0.94938431362421027  0.95781533176436640
  0.96532329881872736  0.97277084114044987  0.97891662855515649  1.00000000000000000
  0.00000007584926509  0.00000088897943792  0.00000091146603048  0.00000093395262304
  0.00000095643921560  0.00000097892580815  0.00000100141240071  0.00000102389899327
  0.00000104638558582  0.00000106887217838  0.00000109850364270  0.00000113273056800
  0.00000116695749330  0.00000120118441860  0.00000123541134391  0.00000126963826921
  0.00000130386519451  0.00000133809211981  0.00000138094215304  0.00000142439373670
  0.00000146784532037  0.00000151129690403  0.00000155474848769  0.00000159820007136
  0.00000164165165502  0.00000279898458065  0.00000504986126573  0.00000521801839078
  0.00000538617551583  0.00000555433264088  0.00000572248976593  0.00000589064689098
  0.00000605880401603  0.00000624090732979  0.00000645004761496  0.00000665918790014
  0.00000686832818532  0.00000707746847049  0.00000728660875567  0.00000749574904084
  0.00000771255800871  0.00000797266984679  0.00000823278168487  0.00000849289352295
  0.00000875300536103  0.00000901311719911  0.00000927322903719  0.00000953334087527
  0.00000985060877020  0.00001017022037391  0.00001048983197762  0.00001080944358132
  0.00001112905518503  0.00001144866678874  0.00001176827839245  0.00001214110507692
  0.00001253861224127  0.00001293611940563  0.00001333362656998  0.00001373113373433
  0.00001412864089869  0.00001452614806304  0.00001496296039835  0.00001545734778567
  0.00001595173517298  0.00001644612256030  0.00001694050994761  0.00001743489733493
  0.00001792928472225  0.00002159621368210  0.00005068450834116  0.00007022111444679
  0.00014370562958747  0.00048921781325721  0.00167983291184945  0.00574747182967288
  0.01957069643927720  0.03120265000203142  0.03228799850363233  0.03337334700523324
  0.03445869550683415  0.03554404400843506  0.03662939251003597  0.03771474101163688
  0.03882239259062813  0.03993607633171738  0.04104976007280663  0.04216344381389589
  0.04327712755498515  0.04439081129607440  0.04550449503716366  0.04661817877825291
  0.07490964420844683  0.07563916185018932  0.07563916185019932  1.00000000000000000
  0.01057930575476524  0.01701767429139888  0.01731176652386349  0.01761588475368685
  0.01796107005765596  0.01830625536162506  0.01935422448016902  0.02080842455853731
  0.02566418013271226  0.03132213069624820  0.03153184269158643  0.03174155468692466
  0.03195126668226289  0.03216097867760111  0.03237069067293934  0.03258040266827757
  0.03279011466361580  0.03300936798993431  0.03322941996991301  0.03344947194989171
  0.03366952392987040  0.03388957590984910  0.03410962788982780  0.03432967986980650
  0.03455593858449028  0.03478684036869413  0.03501774215289797  0.03524864393710181
  0.03547954572130566  0.03571044750550949  0.03594134928971333  0.03617240740005544
  0.03640401539657986  0.03663562339310428  0.03686723138962869  0.03709883938615311
  0.03733044738267752  0.03756205537920194  0.03779366337572636  0.03799742978003067
  0.03817667887197612  0.03835592796392158  0.03853517705586703  0.03871442614781248
  0.03889367523975794  0.03907292433170339  0.03925217342364884  0.03943142251559430
  0.03961067160753975  0.03979085837574091  0.03997894545930694  0.04016703254287297
  0.04035511962643900  0.04054320671000503  0.04073129379357106  0.04091938087713709
  0.04110746796070312  0.04129555504426916  0.04148364212783518  0.04167172921140121
  0.04193182080466534  0.04222572730717249  0.04251963380967964  0.04281354031218679
  0.04310744681469394  0.04340135331720109  0.04369525981970824  0.05268190486864571
  0.06914779575389032  0.07830466131544081  0.07882160944976659  0.07933855758409236
  0.07985550571841814  0.08037245385274391  0.08088940198706969  0.08140635012139547
  0.08191503685020522  0.08235936053531900  0.08280368422043279  0.08324800790554657
  0.08369233159066035  0.08413665527577413  0.08458097896088791  0.08502530264600169
  0.08546962633111548  0.08660487858920182  0.09405159079594039  0.09405159079595039
  0.09405159079596040  0.09405159079597041  0.09405159079598041  0.09405159079599042
  0.09405159079600042  0.09405159079601043  0.09405159079602043  1.00000000000000000
 -0.00242978731791178  0.03207415067311428  0.12510806844100134  0.12801923843857013
  0.13093040843613893  0.13384157843370773  0.13675274843127652  0.13966391842884532
  0.14257508842641411  0.14548625842398291  0.14839742842155174  0.15130859841912056
  0.15421976841668938  0.15713093841425821  0.16004210841182706  0.16295327840939589
  0.16586444840696471  0.16877561840453351  0.17168678840210230  0.17459795839967110
  0.17750912839723990  0.18042029839480869  0.18333146839237749  0.18624263838994629
  0.25787232957629719  0.37516381934013832  0.37817132087045335  0.38117882240076845
  0.38418632393108354  0.38719382546139858  0.39020132699171367  0.39320882852202876
  0.39621633005234380  0.39922383158265895  0.40223133311297404  0.40523883464328914
  0.40824633617360423  0.41125383770391932  0.41426133923423442  0.41726884076454956
  0.42027634229486460  0.42328384382517970  0.42629134535549473  0.42929884688580983
  0.43230634841612492  0.43531384994643996  0.47133042781774653  0.56334353641159252
  0.56653849983735749  0.56973346326312235  0.57292842668888733  0.57612339011465230
  0.57931835354041716  0.58251331696618214  0.58570828039194711  0.58890324381771209
  0.59209820724347706  0.59529317066924203  0.59848813409500701  0.60168309752077198
  0.60487806094653696  0.60807302437230182  0.61126798779806679  0.61446295122383177
  0.61765791464959663  0.62085287807536160  0.62404784150112658  0.64745833633765304
  0.65050254548905662  0.65354675464046019  0.65659096379186377  0.65963517294326746
  0.66267938209467103  0.66572359124607461  0.66876780039747818  0.67181200954888176
  0.67485621870028534  0.67790042785168891  0.68094463700309238  0.68398884615449596
  0.68703305530589953  0.69007726445730311  0.69312147360870668  0.69616568276011026
  0.69920989191151384  0.70225410106291741  0.70529831021432088  0.70870713203607971
  0.81393481935171197  0.82278531885794881  0.83163581836418565  0.83973314464740745
  0.84765173115930725  0.87612481828721822  0.90187681118647245  1.00000000000000000
  0.05497562487920128  0.08945184147993383  0.09557034962653441  0.10168885777313498
  0.10827155075647410  0.11517016143494936  0.12206877211342462  0.16706422774848970
  0.16912045148838023  0.17117667522827076  0.17323289896816130  0.17528912270805183
  0.17734534644794236  0.17940157018783290  0.18145779392772340  0.18351401766761394
  0.18557024140750447  0.18762646514739501  0.18968268888728554  0.19173891262717607
  0.19379513636706661  0.19585136010695714  0.19790758384684767  0.19996380758673821
  0.20202003132662874  0.20407625506651927  0.20613247880640981  0.20818870254630034
  0.21024492628619090  0.21230115002608146  0.21435737376597200  0.21641359750586256
  0.21846982124575312  0.22052604498564365  0.22258226872553422  0.22463849246542478
  0.22669471620531534  0.22875093994520587  0.31624512525696957  0.42539058042996886
  0.44029459985395375  0.44343794625295735  0.44658129265196100  0.44972463905096460
  0.45286798544996826  0.45601133184897186  0.45915467824797551  0.46229802464697917
  0.46544137104598282  0.46858471744498648  0.47172806384399013  0.47487141024299379
  0.47801475664199744  0.48115810304100110  0.48430144944000469  0.48744479583900835
  0.49058814223801195  0.49373148863701560  0.49687483503601920  0.50063130840492032
  0.60977676357791966  0.71892221875091877  0.82806767392391789  0.87622258109217654
  0.87836745262859528  0.88051232416501390  0.88265719570143253  0.88480206723785115
  0.88694693877426978  0.88909181031068840  0.89123668184710703  0.89338155338352576
  0.89552642491994439  0.89767129645636301  0.89981616799278163  0.90196103952920037
  0.90410591106561899  0.90625078260203773  0.90839565413845635  0.91054052567487498
  0.91268539721129371  0.91483026874771234  0.91697514028413096  0.91912001182054970
  0.92126488335696832  0.92340975489338695  0.92555462642980557  0.92769949796622420
  0.92984436950264282  0.93198924103906144  0.93413411257548018  0.93627898411189880
  0.96154346329802165  0.97492731689305001  0.98762314188844158  1.00000000000000000
  0.01065003474553422  0.02296368636393291  0.02509403939453255  0.02722439242513220
  0.02935474545573185  0.03148509848633150  0.03361545151693115  0.03574580454753080
  0.03787615757813044  0.04000651060873009  0.04224165317054750  0.04484678317416881
  0.04745191317779010  0.05005704318141140  0.05266217318503270  0.05526730318865400
  0.05787243319227529  0.06047756319589660  0.08747769690771733  0.19914906648864097
  0.29672997326536754  0.32625034445661194  0.36023455603851456  0.47190592561943817
  0.58357729520036172  0.68767487718059939  0.69019515323037073  0.69271542928014207
  0.69523570532991341  0.69775598137968475  0.70027625742945609  0.70279653347922744
  0.70531680952899878  0.70783708557877012  0.71035736162854157  0.71287763767831291
  0.71539791372808426  0.71791818977785571  0.72043846582762705  0.72295874187739839
  0.72547901792716984  0.72799929397694119  0.73051957002671253  0.73303984607648387
  0.73556012212625521  0.73808039817602655  0.74060067422579789  0.74312095027556935
  0.74564122632534069  0.74816150237511203  0.77106592966555632  0.77383631705132994
  0.77660670443710356  0.77937709182287718  0.78214747920865091  0.78491786659442453
  0.78768825398019815  0.79045864136597177  0.79319130251690251  0.79589479357555704
  0.79859828463421167  0.80130177569286631  0.80400526675152084  0.80670875781017548
  0.80941224886883012  0.81211573992748465  0.81481923098613929  0.81752272204479393
  0.82022621310344845  0.82292970416210309  0.82563319522075773  0.82833668627941226
  0.83104017733806690  0.83451727636720929  0.84231768069924595  0.85011808503128261
  0.89611780984765343  0.89875528615550460  0.90139276246335576  0.90403023877120681
  0.90666771507905797  0.90930519138690913  0.91194266769476018  0.91458014400261134
  0.91685877759929257  0.91777843397870951  0.91869809035812644  0.91961774673754337
  0.92053740311696031  0.92145705949637724  0.92237671587579417  0.92329637225521111
  0.92421602863462815  0.92513568501404508  0.92554063002268483  1.00000000000000000
  0.01577835877736404  0.04921536670734374  0.05676406674802073  0.06452751987596425
  0.07297049194804184  0.08141346402011942  0.14651933437769848  0.14927457728507432
  0.15202982019245012  0.15478506309982593  0.15754030600720176  0.16029554891457756
  0.16305079182195337  0.16580603472932917  0.16856127763670498  0.17131652054408075
  0.17407176345145653  0.17682700635883233  0.17958224926620811  0.18233749217358389
  0.18509273508095969  0.18784797798833547  0.19060322089571125  0.19335846380308702
  0.19611370671046280  0.19886894961783860  0.20162419252521438  0.20437943543259016
  0.20713467833996596  0.27576619789490336  0.34975491043656193  0.38147513416096201
  0.46116473444490741  0.48158438159314554  0.48443150144751657  0.48727862130188754
  0.49012574115625857  0.49297286101062954  0.49581998086500056  0.49866710071937159
  0.50151422057374262  0.50436134042811354  0.50720846028248456  0.51005558013685559
  0.51290269999122662  0.51574981984559765  0.51859693969996856  0.52144405955433959
  0.52429117940871062  0.52713829926308176  0.52998541911745278  0.53283253897182381
  0.53567965882619484  0.53852677868056587  0.54137389853493689  0.64875269105682420
  0.66911624034384265  0.67199837624071834  0.67488051213759404  0.67776264803446973
  0.68064478393134553  0.68352691982822122  0.68640905572509692  0.68929119162197261
  0.69217332751884830  0.69505546341572400  0.69793759931259969  0.70081973520947549
  0.70370187110635118  0.70658400700322688  0.70946614290010257  0.71234827879697837
  0.71523041469385407  0.71811255059072976  0.72099468648760556  0.72387682238448126
  0.72675895828135706  0.74881443636030753  0.83421660882334692  0.83724258446484401
  0.84026856010634110  0.84329453574783819  0.84632051138933539  0.84934648703083249
  0.85237246267232958  0.85518110825914051  0.85767318993322739  0.86016527160731426
  0.86265735328140103  0.86514943495548791  0.86764151662957478  0.87013359830366166
  0.87262567997774843  0.88064026443013010  0.94005877176920571  1.00000000000000000
  0.03206282456715907  0.10643144809428935  0.10869622952191196  0.11096101094953459
  0.11322579237715720  0.11549057380477981  0.11775535523240244  0.12002013666002505
  0.12228491808764766  0.12454969951527028  0.12721489473911302  0.12997946082007972
  0.13274402690104645  0.13550859298201315  0.13827315906297988  0.14103772514394658
  0.14380229122491331  0.17662219317152308  0.29266180573493022  0.31493599042243614
  0.31787431908564823  0.32081264774886031  0.32375097641207240  0.32668930507528449
  0.32962763373849657  0.33256596240170866  0.33545232985780110  0.33832033052612265
  0.34118833119444419  0.34405633186276574  0.34692433253108734  0.34979233319940889
  0.35266033386773044  0.35552833453605198  0.35839633520437347  0.36126433587269502
  0.36413233654101651  0.36700033720933806  0.36986833787765955  0.37273633854598109
  0.37672841074094132  0.38493089544297088  0.39313338014500049  0.47367701706605925
  0.58971662962946625  0.63115659642335598  0.66198555673603976  0.66893575206152001
  0.67161105968956203  0.67428636731760416  0.67696167494564630  0.67963698257368832
  0.68231229020173045  0.68498759782977259  0.68766290545781461  0.69033821308585674
  0.69301352071389888  0.69568882834194101  0.69836413596998304  0.70103944359802517
  0.70371475122606730  0.70639005885410933  0.70906536648215146  0.71174067411019359
  0.71441598173823573  0.71709128936627786  0.71976659699432000  0.72244190462236213
  0.72511721225040426  0.72779251987844640  0.78560361550686075  0.90164322807026775
  0.91910292354790968  0.92190150810622684  0.92470009266454412  0.92749867722286139
  0.93029726178117866  0.93309584633949594  0.93589443089781321  0.93869301545613049
  0.94149160001444776  0.94429018457276492  0.94708876913108220  0.94988735368939947
  0.95268593824771675  0.95548452280603402  0.95828310736435129  0.96107730161112159
  0.96387141562540246  0.96666552963968322  0.96945964365396409  0.97225375766824484
  0.97504787168252571  0.97784198569680658  0.98634688257702008  1.00000000000000000
  0.07051670153935748  0.19285147211527104  0.19820294423054208  0.20355441634581312
  0.20897730637971557  0.21499629675054377  0.22101528712137200  0.22703427749220020
  0.28861260671154332  0.38067364478508958  0.47273468285863596  0.56309042676120546
  0.58676721594799197  0.61044400513477870  0.66046383703780243  0.66838653713594709
  0.67023065971458207  0.67207478229321704  0.67391890487185202  0.67576302745048700
  0.67760715002912197  0.67945127260775695  0.68129539518639193  0.68313951776502690
  0.68498364034366188  0.68682776292229686  0.68833422651064868  0.68964699635271920
  0.69095976619478972  0.69227253603686034  0.69358530587893086  0.69489807572100137
  0.69621084556307189  0.69752361540514252  0.69883638524721303  0.70014915508928355
  0.70146192493135417  0.70277469477342469  0.70408746461549521  0.70540023445756583
  0.70671300429963635  0.70802577414170687  0.70933854398377749  0.71065131382584801
  0.71196408366791863  0.71327685350998915  0.71458962335205967  0.71590239319413029
  0.71721516303620081  0.71852793287827144  0.71984070272034195  0.72115347256241258
  0.72246624240448309  0.72377901224655361  0.72509178208862424  0.72640455193069475
  0.72771732177276538  0.72903009161483590  0.73093202064135798  0.73290236048454138
  0.73487270032772489  0.73684304017090829  0.73881338001409169  0.74078371985727509
  0.74275405970045849  0.74472439954364189  0.74669473938682529  0.74866507923000869
  0.77968895933976945  0.87174999741331582  0.93805280854215833  0.93998705884076161
  0.94192130913936478  0.94385555943796795  0.94578980973657112  0.94772406003517440
  0.94965831033377757  0.95159256063238074  0.95352681093098401  0.95546106122958718
  0.95739531152819035  0.95862442231334322  0.95918959280404925  0.95975476329475518
  0.96031993378546121  0.96088510427616725  0.96145027476687328  0.96201544525757932
  0.96258061574828535  0.96314578623899139  0.96371095672969742  0.96427612722040346
  0.96484129771110949  0.96540646820181553  0.96584374109903970  1.00000000000000000
 -0.00299883286158243  0.10630409077803490  0.10844151488940308  0.11057893900077126
  0.11271636311213942  0.11485378722350760  0.11699121133487578  0.11912863544624394
  0.12126605955761212  0.12340348366898028  0.12565963071846364  0.12826619444978038
  0.13087275818109709  0.13347932191241382  0.13608588564373053  0.13869244937504727
  0.14129901310636397  0.14390557683768071  0.17400130310766121  0.27112002477332731
  0.27385678923123152  0.27659355368913574  0.27933031814703990  0.28206708260494412
  0.28480384706284834  0.28754061152075255  0.29027737597865672  0.29301414043656093
  0.29575090489446509  0.29848766935236926  0.30122443381027342  0.30396119826817763
  0.30669796272608180  0.30943472718398596  0.31217149164189012  0.31490825609979434
  0.31764502055769850  0.32038178501560266  0.32311854947350682  0.32585531393141098
  0.32859207838931520  0.33132884284721936  0.36227433829585115  0.43094947617248924
  0.45968030900829321  0.51396924955170575  0.54352031793988431  0.54601202533804960
  0.54850373273621478  0.55099544013438007  0.55348714753254524  0.55597885493071053
  0.55847056232887571  0.56096226972704100  0.56318072177643430  0.56495870936294668
  0.56673669694945905  0.56851468453597143  0.57029267212248380  0.57207065970899618
  0.57384864729550855  0.57562663488202093  0.57740462246853341  0.57918261005504579
  0.58096059764155816  0.58273858522807054  0.58451657281458291  0.58629456040109540
  0.58807254798760777  0.58985053557412015  0.59162852316063252  0.59340651074714501
  0.59518449833365739  0.59696248592016976  0.59874047350668225  0.60051846109319462
  0.60229644867970700  0.60407443626621937  0.60660796802765238  0.60918283678731067
  0.61175770554696896  0.61433257430662713  0.61690744306628542  0.61948231182594360
  0.62205718058560189  0.62463204934526018  0.71770615105145941  0.73599919169820049
  0.74364146346084814  0.75114767217503953  0.75797993983861345  0.76481220750218726
  0.78367464416682542  0.80794775883356729  0.80794775883357728  1.00000000000000000
  0.00454055865605671  0.00638436138435211  0.00822816411264751  0.01007196684094291
  0.01191576956923832  0.01375957229753372  0.01560337502582912  0.01744717775412452
  0.01929098048241993  0.02130221482779056  0.02417010446249712  0.02703799409720368
  0.02990588373191023  0.03277377336661680  0.03564166300132336  0.03850955263602991
  0.04137744227073648  0.14555365365958164  0.20956481577506977  0.21226167091242265
  0.21495852604977553  0.21765538118712840  0.22035223632448128  0.22304909146183416
  0.22574594659918704  0.22844280173653991  0.23113965687389276  0.23383651201124561
  0.23653336714859846  0.23923022228595131  0.24192707742330416  0.24462393256065701
  0.24732078769800986  0.25001764267828097  0.25271447380438061  0.25541130493048025
  0.25810813605657990  0.26080496718267954  0.26350179830877918  0.26619862943487882
  0.26889546056097852  0.27942999951703934  0.30997680993227855  0.41670988178200769
  0.41944021418879734  0.42217054659558700  0.42490087900237666  0.42763121140916632
  0.43036154381595598  0.43309187622274564  0.43582220862953530  0.43855254103632496
  0.44128287344311462  0.44401320584990428  0.44674353825669394  0.44947387066348360
  0.45220420307027320  0.45493453547706286  0.45766486788385252  0.46039520029064224
  0.46312553269743190  0.46585586510422161  0.46858619751101127  0.47131652991780099
  0.47404686232459065  0.47677719473138030  0.49359080024886565  0.56575818142308409
  0.57383128065300182  0.58190437988291965  0.58997747911283760  0.59805057834275543
  0.60612367757267338  0.61419677680259122  0.62226987603250905  0.70146654925269614
  0.81700555319074220  0.93254455712878814  0.96036002021022104  0.96296905406966971
  0.96557808792911837  0.96818712178856703  0.97079615564801558  0.97340518950746424
  0.97601422336691290  0.97862325722636156  0.98085116822870455  0.98297881620329286
  0.98510646417788128  0.98723411215246959  0.98936176012705801  0.99148940810164632
  0.99361705607623474  0.99574470405082305  0.99787235202541147  1.00000000000000000
  0.00269734462102253  0.35631549477185553  0.35846432287704433  0.36061315098223312
  0.36276197908742192  0.36491080719261071  0.36705963529779950  0.36920846340298830
  0.37135729150817709  0.37350611961336588  0.37580105602286606  0.37842925312471104
  0.38105745022655602  0.38368564732840094  0.38631384443024591  0.38894204153209089
  0.39157023863393586  0.39419843573578084  0.39688970153404968  0.39968477374701883
  0.40247984595998793  0.40527491817295702  0.40806999038592617  0.41086506259889527
  0.41366013481186437  0.41645520702483346  0.41925027923780256  0.42204535145077166
  0.42484042366374075  0.42763549587670979  0.43043056808967889  0.43322564030264799
  0.43602071251561708  0.43881578472858618  0.44161085694155522  0.44440592915452432
  0.44720100136749341  0.44999607358046251  0.45279114579343155  0.45558621800640065
  0.45884514670635462  0.48867517645578240  0.50488585721625556  0.51276176329890832
  0.52063766938156120  0.52851439427259206  0.53639114002380928  0.54426788577502649
  0.55214463152624371  0.56002137727746093  0.60500820205146699  0.60766906137804011
  0.61032992070461334  0.61299078003118646  0.61565163935775968  0.61831249868433280
  0.62097335801090603  0.62363421733747915  0.62629507666405237  0.62895593599062560
  0.63161679531719872  0.63427765464377195  0.63693851397034507  0.63959937329691829
  0.64226023262349141  0.64492109195006464  0.64758195127663776  0.65024281060321099
  0.65290366992978421  0.65556452925635744  0.65822538858293067  0.66088624790950379
  0.66354710723607702  0.66620796656265024  0.76010372779817437  0.77313421710260355
  0.77567673323692177  0.77821924937123999  0.78076176550555809  0.78330428163987631
  0.78584679777419453  0.78838931390851275  0.79093183004283096  0.79314047573128899
  0.79521340033101873  0.79728632493074847  0.79935924953047821  0.80143217413020795
  0.80350509872993769  0.80557802332966744  0.80765094792939729  0.80972387252912703
  0.81179679712885677  0.88710040899280018  0.95538545052210488  1.00000000000000000
  0.07868446069144008  0.07912292387929516  0.07956138706715024  0.07999985025500532
  0.08043831344286040  0.08087677663071548  0.08131523981857056  0.08175370300642563
  0.08219216619428071  0.08263062938213579  0.08306909256999087  0.08393340847837982
  0.08544360937120780  0.08695381026403577  0.08846401115686375  0.08997421204969172
  0.09148441294251970  0.09299461383534767  0.09450481472817565  0.09601501562100362
  0.09752521651383160  0.09903541740665958  0.10054561829948755  0.10205581919231553
  0.10356602008514350  0.10485297442441457  0.10599250240600233  0.10713203038759009
  0.10827155836917786  0.10941108635076562  0.11055061433235339  0.11169014231394114
  0.11282967029552891  0.11396919827711667  0.11510872625870444  0.11624825424029220
  0.11738778222187995  0.11852731020346773  0.11966683818505548  0.12080636616664325
  0.12194589414823101  0.12308542212981878  0.12422495011140654  0.12533056114326613
  0.12636404897042972  0.12739753679759330  0.12843102462475686  0.12946451245192045
  0.13049800027908404  0.13153148810624760  0.13256497593341118  0.13359846376057477
  0.13463195158773833  0.13566543941490192  0.13669892724206550  0.13773241506922906
  0.13876590289639265  0.13979939072355624  0.14083287855071980  0.14186636637788338
  0.14289985420504697  0.14393334203221053  0.14496682985937412  0.14599661266329450
  0.14700716962090218  0.14801772657850984  0.14902828353611752  0.15003884049372521
  0.15104939745133289  0.15205995440894057  0.15307051136654826  0.15408106832415594
  0.15509162528176362  0.15610218223937128  0.15711273919697896  0.15812329615458665
  0.15913385311219433  0.16014441006980201  0.16115496702740970  0.16216552398501738
  0.16317608094262503  0.16418663790023272  0.16519719485784040  0.16620775181544808
  0.20980194154166357  0.26218083564078676  0.26218083564079675  0.26218083564080674
  0.26218083564081673  0.26218083564082673  0.26218083564083672  0.26218083564084671
  0.26218083564085670  0.26218083564086669  0.26218083564087669  1.00000000000000000
  0.00032507975896199  0.42484660090749560  0.43302653514832445  0.43892166220360257
  0.44205917721240656  0.44519669222121055  0.44833420723001455  0.45147172223881854
  0.45460923724762253  0.45774675225642653  0.46094014582302373  0.46414638852859574
  0.46735263123416770  0.47055887393973972  0.47376511664531168  0.47697135935088364
  0.48017760205645565  0.48338384476202756  0.48659008746759952  0.48979633017317148
  0.49300257287874344  0.49620881558431540  0.49941505828988730  0.54319353403985471
  0.54636194245263348  0.54953035086541224  0.55269875927819112  0.55586716769096989
  0.55903557610374865  0.56220398451652742  0.56537239292930619  0.56854080134208496
  0.57170920975486372  0.57487761816764249  0.57804602658042126  0.58121443499320002
  0.58438284340597879  0.58755125181875767  0.59071966023153644  0.59388806864431520
  0.59705647705709408  0.60022488546987285  0.60339329388265173  0.68778436888852368
  0.69114589433633689  0.69450741978415020  0.69786894523196341  0.70123047067977673
  0.70459199612758994  0.70795352157540326  0.71131504702321646  0.71467657247102978
  0.71803809791884310  0.72139962336665642  0.72476114881446974  0.72812267426228305
  0.73148419971009626  0.73484572515790958  0.73820725060572279  0.74156877605353611
  0.74493030150134931  0.74829182694916263  0.81105492900243792  0.81553334586054871
  0.81860241939771961  0.82167149293489050  0.82474056647206129  0.82780964000923218
  0.83087871354640308  0.83394778708357398  0.83701686062074487  0.84008593415791577
  0.84315500769508667  0.84622408123225756  0.84929315476942846  0.85236222830659936
  0.85543129159139286  0.85850034024763322  0.86156938890387358  0.86463843756011394
  0.86770748621635430  0.87077653487259465  0.87384558352883501  0.89591860146942048
  0.95852130595427909  0.96264569941312284  0.96677009287196658  0.97089448633081032
  0.97501887978965407  0.97914327324849781  0.98262246142180543  0.98609796913744430
  0.98957347685308328  0.99304898456872215  0.99652449228436102  1.00000000000000000
  0.29051595528920499  0.32214893309928583  0.39681316664326094  0.40518550839846834
  0.41355785015367580  0.42193019190888320  0.43030253366409055  0.43867487541929795
  0.44704721717450530  0.45541955892971264  0.46011341553236901  0.46284370272363290
  0.46557398991489679  0.46830427710616063  0.47103456429742452  0.47376485148868841
  0.47649513867995230  0.47922542587121614  0.48195571306248003  0.48468600025374386
  0.48741628744500770  0.49014657463627154  0.49287686182753537  0.49560714901879926
  0.49833743621006310  0.50106772340132699  0.50379801059259077  0.50652829778385466
  0.50925858497511844  0.51198887216638234  0.51471915935764623  0.51744944654891001
  0.52017973374017390  0.61093962567676863  0.68856075948369044  0.69155951427020457
  0.69455826905671869  0.69755702384323282  0.70055577862974694  0.70355453341626106
  0.70655328820277519  0.70955204298928931  0.71255079777580344  0.71554955256231756
  0.71854830734883179  0.72154706213534592  0.72454581692186004  0.72754457170837417
  0.73054332649488829  0.73354208128140241  0.73654083606791654  0.73953959085443066
  0.74253834564094479  0.74553710042745891  0.74853585521397303  0.81062466503726172
  0.83564196091217458  0.83849807736112714  0.84135419381007959  0.84421031025903204
  0.84706642670798449  0.84992254315693705  0.85277865960588950  0.85563477605484195
  0.85849089250379440  0.86134700895274685  0.86420312540169930  0.86705924185065175
  0.86991535829960420  0.87277147474855665  0.87562759119750910  0.87848370764646144
  0.88133982409541389  0.88419594054436634  0.88705205699331879  0.88990817344227124
  0.89276428989122369  0.89562040634017615  0.91878155227615022  0.92160294584651903
  0.92442433941688795  0.92724573298725677  0.93006712655762558  0.93288852012799439
  0.93570991369836332  0.93834484043336830  0.94065610831536772  0.94296737619736704
  0.94527864407936646  0.94758991196136588  0.94990117984336520  0.95221244772536462
  0.95452371560736393  0.95683498348936336  0.98245686690012612  1.00000000000000000
   2.3602598006223372E-014  -1.0000000000000000     
 F F F F F F F F F F F F F F F F F F F F F F F F F F F F F F F F F F F F F F F F F F F F F F F F F F F F F F F F F F F F F F F F F F F F F F F F F F F F F F F F F F F F F F F F F F F F F F F F F F F F F F F F F F F F F F F F F F F F F F F F F F F F F F F F F F F F F F F F F F F F F F F F F F F F F F F F F F F F F F F F F F F F F F F F F F F F F F F F F F F F F F F F F F F F F F F F F F F F F F F F F F F F F F F F F F F F F F F F F F F F F F F F F F F F F F F F F F F F F F F F F F F F F F F F F F F F F F F F F F F F F F F F F F F F F F F F F F F F F F F F F F F F F F F F F F F F F F F F F F F F F F F F F F F F F F F F F F F F F F F F F F F F F F F F F F F F F F F F F F F F F F F F F F F F F F F F F F F F F F F F F F F F F F F F F F F F F F F F F F F F F F F F F F F F F F F F F F F F F F F F F F F F F F F F F F F F F F F F F F F F F F F F F F F F F F F F F F F F F F F F F F F F F F F F F F F F F F F F F F F F F F F F F F F F F F F F F F F F F F F F F F F F F F F F F F F F F F F F F F F F F F F F F F F F F F F F
  <DiscreteSampler_grid>
  grouped_processes
  1 # 1 for a reference and 2 for a running grid.
  10 # Attribute 'min_bin_probing_points' of the grid.
  1 # Attribute 'grid_mode' of the grid. 1=='default',2=='initialization'
  0.0000000000000000 # Attribute 'small_contrib_threshold' of the grid.
  0.5000000000000000 # Attribute 'damping_power' of the grid.
 # binID   n_entries weight   weight_sqr   abs_weight
    10   10   4.337363018982677E-001   9.223264884791966E-001   4.337363018982677E-001
  </DiscreteSampler_grid>
