  0.00265908308166482  0.01388748047641277  0.02158504494211691  0.03048310359334889
  0.03962096877568727  0.04769875027778103  0.05656758975448905  0.06854006571010453
  0.08230358918498151  0.09468781473978152  0.10619912488179852  0.11730048284305848
  0.12979143235807158  0.13932030011552052  0.14776027605848197  0.15545004370874366
  0.16519671437954284  0.17700050584642962  0.19051006955946104  0.20518171628943241
  0.21875059755432630  0.23015037449257772  0.24076479712890539  0.25101119904356001
  0.26120085966601014  0.27134244509374578  0.28134833090985184  0.29050385931051548
  0.29768899851240221  0.30620034323267281  0.31310962730545516  0.31940537937606650
  0.32792006218302527  0.33876627039373380  0.34867943141911745  0.35788407921242987
  0.36735702202931098  0.37791097873076374  0.39000110410993732  0.40154424285349849
  0.41219900645504587  0.42297576284339439  0.43368534941826886  0.44418138284613057
  0.45452327200258502  0.46462249578022990  0.47423944389983003  0.48318649774539840
  0.49185738340659974  0.50170102319049592  0.51303318713545154  0.52385649490847286
  0.53454676313077476  0.54493860109683856  0.55720981272683312  0.57224998760048684
  0.58461610769266015  0.59246202070218013  0.59976895950288411  0.60761965476101099
  0.61677105240960783  0.62896629245818925  0.64405777171530765  0.65659246185373643
  0.66730103722619527  0.67591194344137995  0.68348894533212889  0.69146828955135020
  0.70282313337990288  0.71561557146733046  0.72931385007003358  0.74424822474218344
  0.75927256779844432  0.77346009844622809  0.78656804756782217  0.79917956421096881
  0.81215652048820797  0.82480432495040334  0.83747043708259961  0.84870073935382240
  0.85910500229526954  0.87115073444607560  0.88046226815419415  0.89278061508349271
  0.90479265248991503  0.91598488214025142  0.92522772632714267  0.93416403943400128
  0.94418104001033876  0.95435286418769727  0.96294790004778186  0.96843261478222242
  0.97476475960995146  0.98440083835809478  0.99231842133672199  1.00000000000000000
  0.00843798256992530  0.00906066065955044  0.01029385629409972  0.01156564279032938
  0.01267344341330620  0.01378983813810721  0.01504728605079329  0.01645079974648846
  0.01776764969149015  0.01938035057079840  0.02140790657575507  0.02409834594057654
  0.02772213138228815  0.03212290092399833  0.03718789375722804  0.04356232589986558
  0.05147366178753354  0.05965898189413011  0.06714438424696310  0.07522275470353798
  0.08549800364222283  0.09673154211743736  0.10828479755088906  0.12106791239431038
  0.13403300514902794  0.14895259945459088  0.16967590540893854  0.19055127052686113
  0.21138048545419988  0.22918031048548887  0.24858557833531372  0.26661134914218010
  0.28544908073691300  0.30585294003188462  0.32445135346315751  0.34055470746143229
  0.35425001792426963  0.36978057667894965  0.38268623997228846  0.39637636218603206
  0.41372568022125833  0.42965140389686690  0.44438500898635303  0.45943988513510703
  0.47246695421124274  0.48710833215122706  0.50325663227249418  0.51986000937341625
  0.53528110691233322  0.55126467244870758  0.56877463131815087  0.58626032019128149
  0.60492285956078251  0.62325921344361601  0.64230291488792701  0.66136535963796039
  0.68186444881772046  0.70385382300632471  0.72529449706444338  0.74533558772885988
  0.76238459335819964  0.77717761886667802  0.79250268956898484  0.80813417499547824
  0.82766615534077348  0.84990755127047124  0.86951555445562190  0.88644241257745415
  0.90034090155810931  0.91208154870884584  0.92243704658033132  0.93197572990352706
  0.94160187630964187  0.95028235931896166  0.95715403840803093  0.96165623092515506
  0.96503042445793630  0.96798253876724172  0.97015775687805861  0.97178245915204364
  0.97346213178442464  0.97512209298640395  0.97697275941711093  0.97952003432128421
  0.98119370738228451  0.98241788107074701  0.98362901508346245  0.98464467592594551
  0.98553069075223632  0.98625494582060580  0.98697059222863648  0.98786105159638060
  0.98885315084440684  0.98972682061939510  0.99012376962625703  1.00000000000000000
  0.00300924890985870  0.01514672435387738  0.02620431157651185  0.03817569745940179
  0.05167594062079938  0.06475753863742333  0.07615953286017756  0.08669573736777972
  0.09769951214274941  0.11013628859095279  0.12168492710097059  0.13246580801849445
  0.14277260479300802  0.15228030090657729  0.16265376391825212  0.17202202861083704
  0.17967947741721943  0.18850070276332362  0.19610328390851883  0.20609446485139998
  0.21578399404137372  0.22183207566629504  0.22918520984538956  0.24078763411570203
  0.25382670501218557  0.26446521862093464  0.27426296242306886  0.28400410143583743
  0.29394555234904718  0.30383006840435833  0.31300049540468888  0.32166668873679061
  0.33053064608235666  0.33910986180425612  0.34519945092285254  0.35256932973781119
  0.36062484660180921  0.36796574231918666  0.37533725657788758  0.38412557384329199
  0.39645375563879820  0.41051481867374273  0.42429953226021366  0.43723488856676995
  0.44939561368113512  0.46141957113458404  0.47427500561837976  0.48861384852624079
  0.50351675282918418  0.51462800077823223  0.52515258862128755  0.53235473563424229
  0.53916900344058483  0.54545961984263758  0.55279786751953730  0.56188756919242044
  0.57011640919264484  0.57714290096393361  0.58400603009798602  0.59274967431211434
  0.60415238440201557  0.61615275646820311  0.62676046530533192  0.63663176327949045
  0.64651749573320771  0.65864746946247710  0.67192219525913499  0.68376641262463811
  0.69534246370477637  0.70570905307187726  0.71585363082625519  0.72686330994304427
  0.73933986779321903  0.75305495317498650  0.76614294706392660  0.77793731235648911
  0.78953551564059410  0.80061255448830859  0.81172040491371067  0.82251817578912911
  0.83192631315626120  0.84324272065388295  0.85309900985374632  0.86117107240585389
  0.86792301266996852  0.87725630207550920  0.88908698278864662  0.90163047672501717
  0.91138972200572443  0.92243727155622945  0.93405021530897514  0.94550811304538795
  0.95750662230365846  0.96942169087308605  0.98159575319949144  1.00000000000000000
  0.00847787269075143  0.00899031089630065  0.00999943856237767  0.01111105660181176
  0.01228619553645347  0.01352784594168190  0.01482106716877415  0.01625240082915323
  0.01784427644351900  0.01955296134697061  0.02150425893767851  0.02377487692660590
  0.02667451100746043  0.03006714582713370  0.03323754299913001  0.03700817166788464
  0.04147740598876467  0.04705443408790549  0.05299002611552295  0.06063323708382187
  0.07519660970279923  0.09456188418621485  0.11353876201303228  0.13417095910631480
  0.14928423976364058  0.16380763642703000  0.17727413674820131  0.19127167005682041
  0.20404467066303994  0.21981851377609790  0.23289344823090197  0.24782047060431983
  0.26724223827912441  0.28087138558212965  0.29688971196015834  0.31280772886313812
  0.33479322648884424  0.35699769325348912  0.37608238547736900  0.39528557068234660
  0.41688641399551146  0.44170542567437565  0.46180017167678000  0.47366468046869625
  0.48880230963703186  0.50382204664590591  0.51652400103065843  0.52597487931215126
  0.54305251066353277  0.55851221445721289  0.57807723958250901  0.60499764517051347
  0.63086461848342357  0.65744484884136123  0.68543753122564532  0.71438451977997930
  0.74017329920277508  0.75989380126837425  0.78157911038329064  0.80257178954795805
  0.82912257320409577  0.85102427611993359  0.87277820801291250  0.89153959672124139
  0.90758417562465399  0.92140113208682684  0.93260456215308352  0.94194097541904553
  0.94940752431069619  0.95396293982536684  0.95771509037668878  0.96073674693081978
  0.96304295535690554  0.96548447179919838  0.96810760820666497  0.97038505791316965
  0.97254937714502332  0.97434587399970940  0.97582771927133738  0.97724606117874990
  0.97862672296041398  0.98007665432048141  0.98148052487368076  0.98265936244116148
  0.98362553463790625  0.98450105046317382  0.98539363428240079  0.98620440354577199
  0.98699967554760726  0.98776595649688959  0.98844654725703596  0.98901758095889425
  0.98949050201588473  0.98988075411033716  0.99007140817134931  1.00000000000000000
  0.00000000076663357  0.00000000079784355  0.00000000082189302  0.00000000084536046
  0.00000000086850436  0.00000000089226101  0.00000000091715781  0.00000000094419921
  0.00000000096957484  0.00000000099567529  0.00000000102215042  0.00000000104916535
  0.00000000107737064  0.00000000109587719  0.00000000111211912  0.00000000113349042
  0.00000000115795426  0.00000000118585002  0.00000000121738174  0.00000000125018869
  0.00000000127792055  0.00000000130359267  0.00000000133002411  0.00000000135463384
  0.00000000138050091  0.00000000140827521  0.00000000143559900  0.00000000146458567
  0.00000000149590750  0.00000000152613945  0.00000000155412334  0.00000000158543397
  0.00000000161910598  0.00000000164909371  0.00000000167561186  0.00000000170110133
  0.00000000173243695  0.00000000176900940  0.00000000180759834  0.00000000184930506
  0.00000000189008887  0.00000000193024166  0.00000000196325260  0.00000000199464994
  0.00000000203207833  0.00000000207822677  0.00000000214179917  0.00000000221386402
  0.00000000228367935  0.00000000235512515  0.00000000243485197  0.00000000252248093
  0.00000000261290869  0.00000000270284539  0.00000000278926032  0.00000000287570621
  0.00000000296819608  0.00000000306642762  0.00000000317311713  0.00000000329365251
  0.00000000342991712  0.00000000359350900  0.00000000376820271  0.00000000394439226
  0.00000000413096744  0.00000000433417444  0.00000000454694103  0.00000000476950631
  0.00000000498359997  0.00000000515039313  0.00000000532657998  0.00000000550840287
  0.00000000578580067  0.00000000614915978  0.00000000642514127  0.00000000664879892
  0.00000000691220585  0.00000000728940141  0.00000000778446758  0.00000000841459047
  0.00000000926232258  0.00000001043689010  0.00000001173947529  0.00000001308710949
  0.00000001533053822  0.00000001836688853  0.00000002388545574  0.00000003614080874
  0.00000006078783490  0.00000013144328166  0.00000106742956182  0.00005144588368451
  0.00058933051977302  0.19701056448113130  0.58994144437707641  1.00000000000000000
  0.00018613517412514  0.00028252757899827  0.00037257310700804  0.00050043085318934
  0.00063177152615951  0.00072609619809462  0.00080522132569104  0.00088331050517053
  0.00097124782339115  0.00107297988933906  0.00118738236017235  0.00130403317192990
  0.00139167189742414  0.00145691752081306  0.00152262473674640  0.00159362686377178
  0.00172390327563992  0.00190349339813338  0.00209866065244609  0.00229245365925268
  0.00246856965627027  0.00261842757090662  0.00276369494608198  0.00292992475067357
  0.00310799719270016  0.00329124567224872  0.00347301390798116  0.00362127880939800
  0.00375221917946783  0.00388954348717570  0.00401125104147679  0.00418747970531036
  0.00440679427825324  0.00461554214991311  0.00478802332797655  0.00493407640415151
  0.00505747672163128  0.00522333975387685  0.00539144418376331  0.00552049572120331
  0.00561978111011048  0.00572313420328949  0.00586732604808768  0.00599988610325031
  0.00613876268987220  0.00638536061998864  0.00669072219412445  0.00699876019858211
  0.00728197054668087  0.00754726872225610  0.00780316280632523  0.00805713950212836
  0.00834726530716255  0.00872503609288481  0.00918372643310580  0.00962211903544936
  0.01004705095729798  0.01048461970227087  0.01096664418938753  0.01146801433642936
  0.01197152719563441  0.01247755522824331  0.01297325732948034  0.01358520024963702
  0.01415097064703655  0.01465203540109756  0.01508612943377250  0.01554674565340782
  0.01603904989398599  0.01656426170259468  0.01709474226667975  0.01762061647390213
  0.01839125997739643  0.01962642561079979  0.02097476586906031  0.02219314498152057
  0.02318351233842307  0.02410353544515943  0.02501176326833902  0.02570632856174095
  0.02637002027684966  0.02713823552564255  0.02813578572033370  0.02939120672754977
  0.03080225503840444  0.03236009533674124  0.03385122511269129  0.03497647403136084
  0.03597060891746784  0.03698341146354023  0.03779597354425669  0.03922125294928992
  0.06743480637682210  0.09564835980435428  0.48941676305154141  1.00000000000000000
 -0.00413117996682603  0.01321361539736662  0.03012594612690724  0.04530465632908529
  0.05956897071663503  0.07321624629674989  0.08673148310678877  0.10184551117275670
  0.11676813560864219  0.13144371277703484  0.14538438858158578  0.15356282072231489
  0.16136770649680326  0.17055124821208598  0.18161375925272652  0.19061512703133032
  0.19993499428146613  0.21042169271632372  0.22159072038617059  0.23311908473829848
  0.24295729085498699  0.25114745933094501  0.26114421921267683  0.27049456586576576
  0.27860751961778135  0.28574117633686613  0.29245309512624995  0.30062167571000037
  0.31085511100997359  0.32380550650611106  0.33432365728690788  0.34041903162156695
  0.34593348144110647  0.35197101427701211  0.36028899744599846  0.37089273508188031
  0.38092526538154048  0.39049940713260733  0.39909894115290329  0.40788470447569597
  0.41743709953222830  0.42890697205411038  0.44129792708558618  0.45457301550821383
  0.46867513678645484  0.48193148618954151  0.49411753447644541  0.50656343721500996
  0.51972788353420396  0.53228506398472419  0.54426245078901125  0.55670116449647578
  0.56776298568133088  0.57834903014691874  0.58838245090388175  0.59877861120862585
  0.60995020666515809  0.62044292987698546  0.62997546248119740  0.63892157497817681
  0.64821185690393324  0.65980778186455802  0.67358805611218375  0.68884137698841519
  0.70318441687059030  0.71594812475041025  0.72696111267728414  0.73511907665214393
  0.74434707091206520  0.75416036164884803  0.76468478646743299  0.77123921334542256
  0.77927705176991180  0.78735039015694008  0.79453002550277096  0.80185054518218679
  0.81079843831598142  0.82826496240102021  0.84461293858056752  0.85660320307210436
  0.86570466435559379  0.87398767475066719  0.88373478694651486  0.89322060068990472
  0.90254404201142657  0.90917556719792625  0.91567543846330346  0.92556101521492873
  0.93780168758774951  0.94934042848754030  0.95845056389830163  0.96508169722402659
  0.97328320486988484  0.98241139838913438  0.99165211788459184  1.00000000000000000
 -0.00295764602679790  0.01121939681698907  0.02550344437701140  0.04059759723262834
  0.05161162034703697  0.06065742306466086  0.07052457952037777  0.08352915989358077
  0.09239173129139279  0.10080546522612882  0.11161697428435735  0.12325330055939261
  0.13455058109197524  0.14431093890190333  0.15351658158170700  0.16325000865125755
  0.17229304098944451  0.18161725777056995  0.19511677919062276  0.21025690375710290
  0.22494683510376584  0.23969105149907144  0.25292965042351684  0.26604233381490439
  0.27887935991287227  0.29121020932585090  0.30484327467935529  0.31987601187718567
  0.33482590655601208  0.34826308055229932  0.35999885379495028  0.37093555897532421
  0.38156714978806994  0.39407498487637538  0.40779131160909815  0.42324438384374830
  0.43621823514444669  0.44581412948104143  0.45319288443718919  0.45969200200455940
  0.46598982968338221  0.47196781588366182  0.48381726913178891  0.49305243660692488
  0.50210948093622287  0.51159238967045195  0.52165309255984971  0.53080676055874809
  0.53978189446913982  0.55044074920783936  0.56266430221016650  0.57587483933916783
  0.58882830914595197  0.60029000236876939  0.61034116437214647  0.61953691388749710
  0.62816706473696216  0.63543254257152937  0.64461529536797635  0.65724666282840549
  0.67021684173900031  0.68234281843036626  0.69546812270436364  0.70517756759496308
  0.71203373681117543  0.71733313146993571  0.72295576840955944  0.73010366652660852
  0.73703779449257956  0.74413984160666302  0.75156609333628155  0.75959989344880618
  0.76967849022732004  0.78116012734509954  0.79341310985474789  0.80514077387392002
  0.81745875504393783  0.83185257941265045  0.84596459051336559  0.85873655761881318
  0.87139684592021160  0.88395775182955283  0.89476483623108505  0.90573489247207839
  0.91197620384014311  0.91850893178595505  0.92478422219244016  0.93011672209292418
  0.93618490606465332  0.94394510527605779  0.95235365237698266  0.96038397029231071
  0.96923539012748350  0.97832658040616038  0.98861499338237169  1.00000000000000000
 -0.00380313431358843  0.01292302505258925  0.02798672161626469  0.04182451150686371
  0.05479997853274314  0.06632355574181034  0.07707191078575470  0.08738730609072813
  0.09869427205342669  0.11032324359222286  0.12119792047637087  0.13138906175433987
  0.14185053571031023  0.15349118928683733  0.16516088671363446  0.17572041386760145
  0.18726507649506499  0.19870558281211775  0.20945388481083932  0.21923446829167301
  0.22783305805791393  0.23661145758847935  0.24618853466440654  0.25845009719334022
  0.27032765681704080  0.27882735283414672  0.28657575912899214  0.29394867285546905
  0.30274506238484150  0.31153734216793377  0.32025901102039062  0.32951520244571214
  0.33960911785796621  0.35065547581334755  0.36207994008414363  0.37372785807827041
  0.38553661636209624  0.39605494152080534  0.40450412286229182  0.41103228070516046
  0.41746061668830792  0.42318794925769188  0.42958989545597742  0.43911112404427505
  0.44605589409283980  0.45332844713207010  0.46086471777056448  0.46738657513460591
  0.47353766681386761  0.48056514421049035  0.48896080902417094  0.49800325863405254
  0.50953689646193157  0.52138793878873890  0.53274539766935125  0.54396648791364832
  0.55531405240436515  0.56660517826269352  0.57963684583339159  0.58993688620446971
  0.59767027470249701  0.60534633548600547  0.61300278131885511  0.62286830106454549
  0.63071878646106083  0.63621181049453135  0.64371470384246487  0.65230806642795391
  0.66149227336344318  0.67156323242299332  0.68326651541748806  0.69789032219610370
  0.71649206766711482  0.73627307211440929  0.75421760972098006  0.76902930252018120
  0.78097136255106003  0.79129953563385780  0.80144452660645793  0.81255721337250542
  0.82540151164039433  0.83979617545352581  0.85257287679431659  0.86459864991642366
  0.87670240068840877  0.89025606916185696  0.90321569187297079  0.91491454689883001
  0.92506861664932027  0.93389265702411473  0.94292109280603598  0.95159764970856109
  0.96162502158911356  0.97390691508103611  0.98669412963209646  1.00000000000000000
 -0.00402720420897820  0.01155393021819335  0.02459200530201361  0.03709222625068465
  0.05052178857199453  0.06242710651294386  0.07277657796815225  0.08383889264178090
  0.09479088170429598  0.10480467949050368  0.11490618354252344  0.12401740978450591
  0.13305929916146839  0.14225980264962904  0.15109234562729409  0.15921208169394274
  0.16723529292950151  0.17857889790752746  0.19143809371695752  0.20480800903409463
  0.21635077765495495  0.22344554438423989  0.23118712517208004  0.23997605715382495
  0.24808286550117029  0.25602584353537516  0.26498446796433783  0.27580535553293783
  0.28696590100693203  0.29862140658367609  0.31176299987027434  0.32587436394901514
  0.33809574284864241  0.34855248192629884  0.35919589456233347  0.37004316955087074
  0.38107570326769319  0.39410945718843954  0.40907867818442539  0.42224905207572205
  0.43581793648916162  0.44894543423994965  0.45919112549052110  0.46956934270342349
  0.48141004232715900  0.49123765324194424  0.49846712956189387  0.50612107466905776
  0.51420299944215531  0.52439426228009323  0.53632228385755798  0.54762173944096959
  0.55912268553957178  0.57129334960660771  0.58394867539039841  0.59749018059590364
  0.61068467284421724  0.62189353170206285  0.63299327631403335  0.64429799481979178
  0.65501073539442822  0.66499349982979106  0.67428613027341688  0.68339463955518154
  0.69201309043967196  0.69992566981705451  0.70927291085626853  0.72083529534893243
  0.73125257494546358  0.74076920638236787  0.74997455355849518  0.76262027739669169
  0.77483401960035891  0.78708586293321070  0.79727448261098954  0.80725374432380226
  0.81801824802818435  0.82982609563076715  0.84306113502839541  0.85517242613740208
  0.86318177103564686  0.87020071136762323  0.87769788186379727  0.88616544868375191
  0.89486907488167877  0.90285873505217884  0.91075454515201915  0.92037839375877550
  0.93094306239243485  0.94070185576642440  0.94845654910895161  0.95755286258238570
  0.96731809080967768  0.97739318004139641  0.98837768461319853  1.00000000000000000
 -0.00212171010640517  0.00799428012621108  0.01727058371397120  0.02603707714499784
  0.03483877029447409  0.04361443416352377  0.05310848072772738  0.06394394677141622
  0.07553791494127945  0.08815229623493553  0.10071972184269379  0.11131430989148737
  0.12089189190787804  0.13046524303036042  0.14037849469417721  0.15197232147532119
  0.16559575948838332  0.17798267386957028  0.18957113457355562  0.20181303382141988
  0.21049204328019364  0.21819780391630650  0.22664644864412434  0.23602649221632629
  0.24518690308044044  0.25217204715011832  0.25903609497989483  0.26839466475149004
  0.27699693019801919  0.28517036272681229  0.29377758572923018  0.30392719128809809
  0.31586487768040650  0.32784064831727799  0.33871035137337580  0.34751445740257753
  0.35336108328541443  0.36041995555596057  0.36797868439709686  0.37637737298639196
  0.38751393584833410  0.39971153301436291  0.41254244662554840  0.42565513662196486
  0.43706782701378716  0.44756773532823840  0.45928598015261990  0.47193045667073247
  0.48466693049287402  0.49929802909913462  0.51461782556652891  0.52912698289142768
  0.53845867687801108  0.54805337332222315  0.55822706376666942  0.56750133998958652
  0.57649912170843176  0.58508519521103119  0.59444657510675003  0.60385144216495734
  0.61221535065085897  0.62118947942968161  0.62724286825491082  0.63216397395389334
  0.63924517647435219  0.64771269105129092  0.65619987520358281  0.66551343883369563
  0.67641655493567354  0.68659013721592344  0.69546222168593919  0.70463618259419669
  0.71576172813660288  0.72773545257048611  0.73864896913060019  0.74687921570674376
  0.75441296236717292  0.76316617727913738  0.77199880916830821  0.78229778420772578
  0.79415742334263695  0.80457441445064748  0.81452705309683449  0.82740867741211599
  0.84145019257715647  0.85494784450909656  0.86810514518910864  0.88404048697088933
  0.90312939907284917  0.92385328215174145  0.94055385552004467  0.95424267058305112
  0.96506574841681958  0.97598736357888694  0.98723141672472281  1.00000000000000000
 -0.00153881192434137  0.00649988018155759  0.01515691378146622  0.02516746105094068
  0.03527312231346379  0.04656426441112820  0.05736970666904936  0.07101385036648911
  0.08730441251754634  0.10409325304740433  0.11884372120235304  0.12938605489463811
  0.13783624756282217  0.14606805074588625  0.15238770027456208  0.15802817702371080
  0.16390140333004619  0.17086905563777169  0.18323560719474230  0.19862260715189428
  0.21379316342676041  0.22668475036555052  0.23800198614780083  0.24790205666171197
  0.25934860465153009  0.27180843608925653  0.28474077916500418  0.29729784356180577
  0.30994834691694867  0.32276091824442593  0.33559781194634863  0.34798065056437472
  0.35950308384563773  0.37116664073470451  0.38205254373628544  0.39164439023036840
  0.39883028866280873  0.40699732455319326  0.41761230087129675  0.42815807424526064
  0.43769393179933075  0.44690412572040317  0.45708786203326479  0.46765660266749409
  0.47896318728251219  0.49056981735982125  0.50155248966644006  0.51432824160305424
  0.52724468947058500  0.53873168960019679  0.54809996470044853  0.55663864016155207
  0.56558911086939656  0.57409731448004586  0.58196838506866677  0.59015314073442449
  0.60008340654139702  0.61058790750075109  0.62151679616515187  0.63109004193304374
  0.64006210197776225  0.64922577477082555  0.65851726859005644  0.66928426676893704
  0.67932695395212439  0.69091561754506325  0.70193091984451206  0.71072779668992536
  0.71906851382610204  0.72863124152815983  0.73741625066725169  0.74496551073052641
  0.75134862934876812  0.75995192425621461  0.77052852399047145  0.78126860634687390
  0.79388637675166029  0.80654776285648389  0.81658227138357686  0.82796877145195469
  0.83992471079746334  0.84929697007732896  0.85674905537986557  0.86363389426736015
  0.87096552755700218  0.87834842944069902  0.88530636921441974  0.89684417982837072
  0.90845003575600414  0.92068164068573066  0.93414696621863713  0.94841398398338062
  0.96255426919386777  0.97528290638792370  0.98744214762695703  1.00000000000000000
 -0.00453358083664381  0.01421570490178027  0.03044493076558353  0.04355575871114819
  0.05456215829680195  0.06586823086665604  0.07848256265194711  0.09245256020968111
  0.10769887244790748  0.12287472288701443  0.13266916577047852  0.14311034674909101
  0.15440626966044352  0.16529839721114972  0.17520569716765033  0.18467326263925021
  0.19563256645762633  0.20682435305257135  0.21509101741058204  0.22503136931854370
  0.23532781311250006  0.24531107601362173  0.25607984037513937  0.26693071996033568
  0.27918108023714977  0.29231441593883273  0.30591611105757954  0.31949234405715177
  0.33159327111791559  0.34056903220679852  0.34781307018621577  0.35585938917128629
  0.36577791202493654  0.37678069664779168  0.38747043117310886  0.39818347463915810
  0.40823100502184451  0.41775485494147346  0.42671917358523753  0.43559861032190056
  0.44636635842496825  0.45958058792449469  0.47322000898185179  0.48616159622696065
  0.49827664946234651  0.50772390167023651  0.51670726453489357  0.52659198519470407
  0.53690953963376442  0.54838960828869088  0.55994883423396924  0.57114118369554912
  0.58289914734499737  0.59445762244716183  0.60582969163462119  0.61690616989771896
  0.62720999033670533  0.63700192593086491  0.64700061292131161  0.65616877390670703
  0.66444424554043557  0.67201911167440864  0.67963838892474904  0.68652645784958455
  0.69167120153973394  0.69659000185991904  0.70105194038802365  0.70717929059797513
  0.71457354179383381  0.72289010786012964  0.73114264512929539  0.73985088607694061
  0.75210640346519908  0.76504678812086091  0.77559511464807118  0.78406936336144684
  0.79427987730819538  0.80472950487320927  0.81305172566160933  0.82363874369476520
  0.83297651162485475  0.84494974593821814  0.85604661911019631  0.86627478130931623
  0.87680367405180715  0.88729115504264577  0.89842644059266397  0.91011648620022811
  0.92385987665110891  0.93833028534352714  0.95137879024027039  0.96229009116297981
  0.97116876321939105  0.97968560675588801  0.98907190169380388  1.00000000000000000
 -0.00265450377358577  0.00982024968204756  0.02200391614328850  0.03176334060617130
  0.04260424000186375  0.05338087890202887  0.06419305864523644  0.07483422946714920
  0.08568994183988755  0.09680501720480421  0.10893495747470057  0.12050071149741112
  0.13122925336916516  0.14153360029846745  0.15182176595341079  0.16242577900451546
  0.17353275444446772  0.18515776841422360  0.19702199690265285  0.20884860505593897
  0.22305403182912717  0.23863680203174045  0.25251711547501743  0.26819905133569699
  0.27924868832302907  0.28828974518888750  0.29633119637645178  0.30400938509908282
  0.31184609979213868  0.32158990103941948  0.33284055988763783  0.34414873489412862
  0.35655443898089301  0.36890127157129154  0.37834860805035364  0.38737583658460500
  0.39667041814966308  0.40422558233629868  0.41213134497609599  0.42151815913385121
  0.43025686795954005  0.43845898833052954  0.44555233655769400  0.45449309148606842
  0.46464705493337577  0.47519739806419514  0.48587461481664662  0.49620738229163192
  0.50517027469793507  0.51415201795815890  0.52383859349357642  0.53415290693345352
  0.54514158192358686  0.55440275092625591  0.56154972764269939  0.56824668389494104
  0.57367575229576495  0.58006675645790950  0.58706811719605922  0.59400625957964270
  0.60374322687900384  0.61706418132613283  0.63042634097794825  0.64507948997469178
  0.66000086054342399  0.67278223940383097  0.68480809521164410  0.69610957876089707
  0.70901638464688577  0.72252211406761235  0.73367022924178682  0.74431770269161446
  0.75329483887838411  0.76032090552492904  0.76868737338884030  0.77595932916380894
  0.78216497505681581  0.78775063514363630  0.79387821004473447  0.80227823111889585
  0.81137430265625243  0.81957432476271397  0.82799656647126363  0.83449866045967502
  0.84284035547043090  0.85375192152511148  0.86664229314224572  0.88127487862272713
  0.89740490874179124  0.91238218972443452  0.92597751342439361  0.94071604929388586
  0.95583738716703459  0.97015428870495635  0.98457521190790098  1.00000000000000000
 -0.00197521590859985  0.00661820078962924  0.01640897760607481  0.02592348203761668
  0.03644119011578327  0.04688141198874695  0.05758851613207249  0.06747302374452244
  0.07626595964895497  0.08466643945801262  0.09475415330520098  0.10772902394666606
  0.12257102932108670  0.13711569425195402  0.14808529386069619  0.15606341945383359
  0.16444577428077503  0.17280353245384469  0.18217928231143987  0.19478136880564892
  0.20773914965428691  0.22145152570418417  0.23636494714150086  0.24969557929465905
  0.25898229247293686  0.26572095201653606  0.27251922941295470  0.27915619776904743
  0.28554152024629104  0.29454551659844785  0.30534374813642584  0.31545872895950205
  0.32406480859252862  0.33260194455728370  0.34167780160869543  0.35167635360235622
  0.36327391507975554  0.37515238406091045  0.38541899036788285  0.39475674091814478
  0.40401644328661640  0.41634668558939547  0.43109840118492321  0.44261700843649571
  0.45067808156441069  0.45952252123781862  0.46965529579062093  0.48183419575505632
  0.49533012930999837  0.50818058805793986  0.52195900501993253  0.53620010929646333
  0.54823283140726586  0.55729998319367624  0.56462569422394016  0.57297122484530638
  0.58263243117717178  0.59259716258673767  0.60572317398635134  0.62073958624026537
  0.63560238467915331  0.64884405213068452  0.66016880327482141  0.67041720754107548
  0.67960287084262472  0.68882088482889547  0.69788144853345235  0.70715048488072441
  0.71839356255555786  0.73017694180031834  0.74356647283820021  0.75952823454521590
  0.77303314104575604  0.78554055560520952  0.79427411365630896  0.80195862605120971
  0.81013933768755053  0.81870228499703823  0.82754212733639099  0.83548867554136175
  0.84410027800774112  0.85320600857656115  0.86185027025103922  0.87248670003602802
  0.88358481430909874  0.89472789730919255  0.90619446888836164  0.91781437857031212
  0.92824137645622984  0.93698298160401816  0.94598165376286436  0.95589511322000786
  0.96595677987746764  0.97617649437949527  0.98756245296212453  1.00000000000000000
  0.00646005408619086  0.00709158301983457  0.00763479401023138  0.00797527585022816
  0.00820790386359852  0.00842897119786738  0.00864891110784637  0.00883065638180065
  0.00898011025607051  0.00912986493035634  0.00927079389028274  0.00945492370277242
  0.00965518810131006  0.00985188979633101  0.01005022800570427  0.01023549793882961
  0.01041119837085528  0.01058891906555851  0.01077529689556114  0.01095977827330324
  0.01111705089858855  0.01126514385838740  0.01141548275004235  0.01156334100601212
  0.01172471730601804  0.01191239063259482  0.01208871083805492  0.01229364698666054
  0.01252306683119645  0.01274949256836106  0.01297194523039760  0.01319755521258094
  0.01343004010524640  0.01367456753209995  0.01393998071790199  0.01421913064253896
  0.01454280513726184  0.01491898574159877  0.01529088819890114  0.01563997228431606
  0.01597296442943294  0.01630950776644976  0.01665546836267369  0.01700409610153063
  0.01736730073641264  0.01775523313675692  0.01816634830062516  0.01858586057460852
  0.01898318497939173  0.01933883112758169  0.01968983065713464  0.02008936624761865
  0.02039422368861026  0.02060979843531355  0.02081776070146573  0.02108190306196265
  0.02149956215165424  0.02199960439879412  0.02256457516590774  0.02316940248557923
  0.02387116318332241  0.02463175760824669  0.02543276974871658  0.02633620154836309
  0.02734815138906325  0.02837726191231712  0.02930609869944748  0.03003241115034199
  0.03082495816233754  0.03175827471418071  0.03273680597098431  0.03374439083303119
  0.03479399247299872  0.03582306528907514  0.03708197368735008  0.03856462310041085
  0.04013135202069014  0.04129639185640514  0.04205039908096386  0.04286427191830447
  0.04392433408481644  0.04550227342353708  0.04799079665626035  0.05144706628778985
  0.05455530095686224  0.05665702709752668  0.05989845885585773  0.06327000140405453
  0.06735737883824408  0.07320222460510876  0.08330440374591981  0.09760117719294831
  0.11698436070402478  0.16022927243261456  0.71692485049786514  1.00000000000000000
 -0.00127236013995585  0.00516479718942268  0.01403457797853514  0.02370480843661958
  0.03400146992298527  0.04523046799420236  0.05709619602183415  0.06923192123687655
  0.07803584981883725  0.08597225212681396  0.09391134566813904  0.10312062499690750
  0.11599188675093840  0.13253600384177525  0.14642608234340576  0.15685306024218240
  0.16560435770909418  0.17648119562064774  0.18577052520317847  0.19559129974997935
  0.20605073518683825  0.21585793501519321  0.22457604139239751  0.23329440247070346
  0.24234326549993299  0.25171461771070086  0.26063560325550150  0.26898120089343264
  0.27830478261271596  0.28805866196406898  0.29731384443570730  0.30514619381370195
  0.31287551304434630  0.32130977596839883  0.33041068808455054  0.34090157406140709
  0.35071943477873396  0.36082353166257747  0.37140670865553149  0.38141519082415659
  0.38945576872310883  0.39927265017725705  0.41260214371714765  0.42690308743159328
  0.44069511682112317  0.45363973409547825  0.46597680572430827  0.47748923114694503
  0.48866577578471376  0.49931488415684361  0.51074025070473561  0.52216549984623850
  0.53188440656583580  0.54084831259766253  0.54942323078557942  0.55535075313590587
  0.56098169587962232  0.57103826640979138  0.58444745026044154  0.59779440312302023
  0.61211033945940663  0.62696612186946143  0.64096895095721351  0.65479058413208679
  0.66855418483447149  0.68269093159621452  0.69536110630645864  0.70658531316976403
  0.71623598154580859  0.72491071454981570  0.73415796523715837  0.74344679467289165
  0.75369694814698973  0.76464211997477483  0.77674169244508084  0.78968177222010050
  0.80248125418961636  0.81472634847322412  0.82628015483423656  0.83716336490026078
  0.84618796714828393  0.85493353292589147  0.86297173105599168  0.87427466539942544
  0.88553249098765885  0.89812996754362273  0.91186864671554724  0.92273595512642126
  0.93180534156167560  0.94074897426029391  0.94713709233032661  0.95505655860463357
  0.96565137096488796  0.97636450998692592  0.98737530037903964  1.00000000000000000
 -0.06071228589761388  0.49572073024708896  0.57217861649470203  0.60766145790612913
  0.63113608900696561  0.64739346849052304  0.66103043891456958  0.67446112507361144
  0.68274325619068699  0.68986648221167779  0.69549470347928199  0.70155892421477706
  0.71537171478176265  0.72546243908086250  0.73447107474693307  0.74285898510898751
  0.75092124018300377  0.75928861554263172  0.76722237129780213  0.77483258795498366
  0.78153499328848208  0.78766793950159575  0.79384671708783194  0.79912662920419697
  0.80324348530083745  0.80735733580833990  0.81129997996705361  0.81446037402704086
  0.81752860525185189  0.82048520467017327  0.82424109637110843  0.82771498646415254
  0.83089825124760741  0.83426834950785445  0.83751216121674654  0.84036936126005335
  0.84311344527828846  0.84630987850944106  0.84953226469240906  0.85235483263376111
  0.85568140467932985  0.85897123523466901  0.86171501074232426  0.86438288080665227
  0.86708534243842617  0.87029130759041951  0.87313742718678133  0.87592500543476481
  0.87907494131496688  0.88218696615208392  0.88513997959454627  0.88816090469216336
  0.89124754391465089  0.89433591914979749  0.89740931701291682  0.90051296908051137
  0.90319608523135642  0.90543560099524700  0.90747981262168564  0.90952622848092757
  0.91149152116153043  0.91363030439121318  0.91584775212093528  0.91799012247271827
  0.92002751507169445  0.92205391681960736  0.92420260761232520  0.92642314329225361
  0.92840697138863726  0.93037941721272210  0.93237664241394302  0.93425736291288430
  0.93629259213627725  0.93819078842728298  0.93973922784435893  0.94129282080870735
  0.94296457430635183  0.94439865405578283  0.94567436538927252  0.94696723258203686
  0.94850689093403673  0.95043481615824077  0.95215714531285656  0.95379362650241639
  0.95561196810918403  0.95777981894255515  0.96016221871170637  0.96276210127305006
  0.96513786593241047  0.96786611949382861  0.97074699742866366  0.97383353103778325
  0.97735793606683141  0.98170943718930481  0.98864765533865573  1.00000000000000000
   1.7053000183091324E-009  -1.0000000000000000     
 F F F F F F F F F F F F F F F F F F F F F F F F F F F F F F F F F F F F F F F F F F F F F F F F F F F F F F F F F F F F F F F F F F F F F F F F F F F F F F F F F F F F F F F F F F F F F F F F F F F F F F F F F F F F F F F F F F F F F F F F F F F F F F F F F F F F F F F F F F F F F F F F F F F F F F F F F F F F F F F F F F F F F F F F F F F F F F F F F F F F F F F F F F F F F F F F F F F F F F F F F F F F F F F F F F F F F F F F F F F F F F F F F F F F F F F F F F F F F F F F F F F F F F F F F F F F F F F F F F F F F F F F F F F F F F F F F F F F F F F F F F F F F F F F F F F F F F F F F F F F F F F F F F F F F F F F F F F F F F F F F F F F F F F F F F F F F F F F F F F F F F F F F F F F F F F F F F F F F F F F F F F F F F F F F F F F F F F F F F F F F F F F F F F F F F F F F F F F F F F F F F F F F F F F F F F F F F F F F F F F F F F F F F F F F F F F F F F F F F F F F F F F F F F F F F F F F F F F F F F F F F F F F F F F F F F F F F F F F F F F F F F F F F F F F F F F F F F F F F F F F F F F F F F F F F F F
  <DiscreteSampler_grid>
  grouped_processes
  1 # 1 for a reference and 2 for a running grid.
  10 # Attribute 'min_bin_probing_points' of the grid.
  1 # Attribute 'grid_mode' of the grid. 1=='default',2=='initialization'
  0.0000000000000000 # Attribute 'small_contrib_threshold' of the grid.
  0.5000000000000000 # Attribute 'damping_power' of the grid.
 # binID   n_entries weight   weight_sqr   abs_weight
    10   10   7.860908789467401E-002   4.061566736618425E-002   7.860908789467401E-002
  </DiscreteSampler_grid>
