  0.01652239602486606  0.01713650206199648  0.01775060809912690  0.01836471413625731
  0.01897882017338773  0.01959292621051814  0.02020703224764856  0.02082113828477898
  0.02433051229980651  0.02789854604067097  0.03146657978153542  0.03503461352239987
  0.03860264726326433  0.04219547982212082  0.04593907011515540  0.04968266040818997
  0.05342625070122455  0.05716984099425912  0.06091343128729369  0.13467604382585335
  0.25994022269187256  0.27454545165707417  0.27861112544062172  0.28267679922416922
  0.28674247300771671  0.29080814679126427  0.29487382057481171  0.29893949435835920
  0.30300516814190670  0.30707084192545414  0.31113651570900164  0.31520218949254908
  0.31926786327609658  0.32333353705964402  0.32739921084319151  0.33146488462673895
  0.39595955935627697  0.39900205327307658  0.40204454718987620  0.40508704110667582
  0.40812953502347543  0.41117202894027505  0.41421452285707466  0.41725701677387428
  0.42029951069067389  0.42334200460747345  0.42638449852427307  0.42942699244107263
  0.43246948635787225  0.43551198027467181  0.43855447419147142  0.44159696810827098
  0.44463946202507060  0.44768195594187016  0.45072444985866977  0.45376694377546933
  0.45680943769226895  0.52085637240564431  0.56441927340631814  0.56729435858102328
  0.57016944375572831  0.57304452893043345  0.57591961410513859  0.57879469927984373
  0.58166978445454876  0.58454486962925389  0.58741995480395903  0.59029503997866417
  0.59317012515336931  0.59604521032807445  0.59892029550277959  0.60179538067748473
  0.60467046585218986  0.60754555102689500  0.61042063620160014  0.61329572137630528
  0.61617080655101031  0.61904589172571545  0.62192097690042059  0.62479606207512561
  0.66889260728890643  0.67262467163180573  0.67635673597470503  0.68008880031760421
  0.68382086466050351  0.68754419284236756  0.69066026381684309  0.69377633479131851
  0.69689240576579392  0.70000847674026934  0.70312454771474475  0.70624061868922017
  0.74947164226795671  0.87473582113397597  0.96233229782492280  1.00000000000000000
  0.10898723168381824  0.11115303130986121  0.11331883093590417  0.11548463056194713
  0.11765043018799010  0.11981622981403306  0.12198202944007604  0.12414782906611900
  0.12704982407956056  0.13042940025009900  0.13380897642063744  0.13718855259117588
  0.14056812876171432  0.14394770493225276  0.19681372097804312  0.27176071422807402
  0.27434990032534667  0.27693908642261938  0.27952827251989210  0.28211745861716481
  0.28470664471443752  0.28729583081171023  0.28988501690898294  0.29224844695275287
  0.29411379635507007  0.29597914575738726  0.29784449515970446  0.29970984456202165
  0.30157519396433891  0.30344054336665610  0.30530589276897330  0.30717124217129049
  0.30903659157360769  0.31090194097592488  0.31276729037824208  0.31463263978055928
  0.31649798918287653  0.31836333858519372  0.32022868798751092  0.32209403738982811
  0.32395938679214531  0.32582473619446251  0.32769008559677970  0.32955543499909690
  0.33142078440141415  0.33328613380373134  0.33591601621840095  0.33856574606099155
  0.34121547590358214  0.34386520574617269  0.34651493558876328  0.34916466543135383
  0.35181439527394442  0.35497326758244852  0.36215838711277076  0.36934350664309307
  0.37652862617341532  0.38371374570373756  0.39089886523405981  0.43195802925193139
  0.54183078959494679  0.54519986496503459  0.54856894033512227  0.55193801570521006
  0.55530709107529785  0.55867616644538565  0.56204524181547344  0.56541431718556123
  0.56878339255564903  0.57215246792573682  0.57552154329582461  0.57889061866591240
  0.58225969403600020  0.58562876940608799  0.58899784477617578  0.59236692014626358
  0.59573599551635137  0.59910507088643927  0.60247414625652707  0.62616432171425473
  0.62983744163923661  0.63351056156421848  0.63718368148920024  0.64085680141418211
  0.64452992133916398  0.64782311475071874  0.65090733693503289  0.65399155911934714
  0.65707578130366129  0.66016000348797543  0.66324422567228958  0.66632844785660372
  0.76934655043342359  0.88467327521670658  0.95587879133655484  1.00000000000000000
  0.01453635482232140  0.06479014187960731  0.06708028375921463  0.06937042563882194
  0.07166056751842925  0.07395070939803657  0.07624085127764388  0.07853099315725119
  0.08082113503685850  0.08311127691646582  0.08586695788175387  0.08867262514748285
  0.09147829241321183  0.09428395967894079  0.09708962694466977  0.09989529421039875
  0.10270096147612773  0.10780932845604849  0.11543648233735609  0.12306363621866369
  0.18815115368159702  0.19089254583981330  0.19363393799802955  0.19637533015624584
  0.19911672231446209  0.20185811447267837  0.20459950663089466  0.20734089878911091
  0.21008229094732722  0.21282368310554350  0.21556507526375981  0.21830646742197612
  0.22104785958019241  0.22378925173840872  0.22653064389662500  0.22927203605484131
  0.23201342821305759  0.23475482037127385  0.23749621252949013  0.24023760468770639
  0.24297899684592267  0.24572038900413895  0.24846178116235521  0.29202301280942877
  0.29559263034594646  0.29916224788246415  0.30273186541898184  0.30630148295549953
  0.30987110049201722  0.31344071802853490  0.31701033556505265  0.32057995310157034
  0.32414957063808802  0.32771918817460571  0.33128880571112340  0.33485842324764109
  0.33842804078415883  0.34199765832067658  0.34556727585719432  0.34913689339371201
  0.35270651093022976  0.39673527683047910  0.40031604958539768  0.40389682234031626
  0.40747759509523485  0.41105836785015343  0.41463914060507195  0.41821991335999054
  0.42180068611490906  0.42538145886982764  0.42896223162474617  0.43254300437966470
  0.43612377713458322  0.43970454988950181  0.44328532264442033  0.44686609539933886
  0.45044686815425738  0.45402764090917597  0.45760841366409449  0.55634243689669538
  0.67922982544390487  0.69113067320946908  0.69502331667761819  0.69891596014576729
  0.70280860361391650  0.70670124708206561  0.71023059012003387  0.71349763604260519
  0.71676468196517651  0.72003172788774783  0.72329877381031904  0.72656581973289036
  0.75422522290556027  0.87711261145276975  0.98178727864747461  1.00000000000000000
  0.20511417975183369  0.27341494929210070  0.27599656525086813  0.27857818120963557
  0.28115979716840306  0.28374141312717049  0.28632302908593793  0.28890464504470537
  0.29148626100347280  0.29343510920775723  0.29533641685026507  0.29723772449277291
  0.29913903213528076  0.30104033977778860  0.30294164742029650  0.30484295506280434
  0.30674426270531219  0.30864557034782003  0.31054687799032787  0.31244818563283572
  0.31481604067394003  0.31719696624551491  0.31957789181708979  0.32195881738866466
  0.32433974296023954  0.32672066853181442  0.32910159410338929  0.33148251967496417
  0.33371572468488936  0.33543318344140571  0.33715064219792212  0.33886810095443853
  0.34058555971095489  0.34230301846747130  0.34402047722398765  0.34573793598050406
  0.34745539473702047  0.34917285349353683  0.35089031225005324  0.35260777100656965
  0.35439935449591520  0.35691968715150901  0.35944001980710277  0.36196035246269653
  0.36448068511829029  0.36700101777388405  0.36952135042947781  0.37204168308507157
  0.37456201574066539  0.37663600595166408  0.37861611611580959  0.38059622627995510
  0.38257633644410061  0.38455644660824606  0.38653655677239157  0.38851666693653708
  0.39049677710068259  0.39247688726482810  0.39445699742897355  0.39655378523278417
  0.39891654599271925  0.40127930675265427  0.40364206751258930  0.40600482827252432
  0.40836758903245934  0.41073034979239437  0.41309311055232939  0.41545587131226441
  0.41781863207219944  0.42018139283213446  0.42254415359206948  0.42490691435200445
  0.42726967511193947  0.42963243587187450  0.43199519663180946  0.43435795739174449
  0.43672071815167951  0.43976063480341243  0.44313380205361624  0.44650696930382000
  0.44988013655402381  0.45325330380422757  0.45662647105443138  0.48111330545616954
  0.48769593648707177  0.49427856751797400  0.50076331587351453  0.50659777386457039
  0.51243223185562614  0.51826668984668200  0.57968654651147689  0.68476490988360306
  0.78984327325572923  0.89492163662785518  0.94208252920325097  1.00000000000000000
  0.00000000743882612  0.00000003184595585  0.00000003288790987  0.00000003392986389
  0.00000003497181791  0.00000003601377193  0.00000003705572595  0.00000003809767997
  0.00000003913963399  0.00000004067523410  0.00000004230116217  0.00000004392709025
  0.00000004555301832  0.00000004717894639  0.00000004880487446  0.00000006656992227
  0.00000032084832657  0.00000094771133200  0.00000099536859689  0.00000104302586179
  0.00000109068312669  0.00000113834039158  0.00000118599765648  0.00000124571597180
  0.00000130651874387  0.00000136732151593  0.00000142812428800  0.00000148892706007
  0.00000155843995089  0.00000163601421159  0.00000171358847229  0.00000179116273298
  0.00000186873699368  0.00000235406301379  0.00001131682504206  0.00001426236851307
  0.00001501808496276  0.00001577380141245  0.00001652951786213  0.00001728523431182
  0.00001823199520765  0.00001919616415730  0.00002016033310695  0.00002112450205660
  0.00002208867100626  0.00002330639425373  0.00002453651404780  0.00002576663384188
  0.00002699675363596  0.00002822687343003  0.00007784338296910  0.00008602313854988
  0.00009420289413067  0.00010429236743112  0.00011472837997257  0.00012609512375420
  0.00013940974626213  0.00015272436877006  0.00041546576368582  0.00043643691373077
  0.00045740806377572  0.00047837921382067  0.00049935036386562  0.00052032151391057
  0.00054571387584038  0.00057246958788047  0.00059922529992056  0.00062598101196065
  0.00065273672400074  0.00068206939616642  0.00071620525067310  0.00075034110517978
  0.00078447695968646  0.00081861281419313  0.00085274866869981  0.00370615528974629
  0.00616466045016721  0.00639907861985035  0.00663349678953350  0.00686791495921664
  0.00710233312889979  0.00733675129858294  0.00757116946826608  0.00781120029149625
  0.00805453250008980  0.00829786470868336  0.00854119691727691  0.00878452912587046
  0.00902786133446401  0.00927119354305756  0.00951452575165111  0.00975785796024467
  0.04217779574688577  0.04248884655175026  0.04248884655176026  1.00000000000000000
  0.00073702189172368  0.00291568622803131  0.00292957667209242  0.00294346711615352
  0.00295735756021463  0.00297124800427573  0.00298513844833684  0.00299902889239795
  0.00301291933645905  0.00302680978052016  0.00304070022458126  0.00305459066864237
  0.00306848111270347  0.00308237155676458  0.00309626200082568  0.00311015244488679
  0.00312404288894790  0.00314170610286880  0.00316061749023716  0.00317952887760551
  0.00319844026497387  0.00321735165234223  0.00323626303971059  0.00325517442707895
  0.00327408581444731  0.00329299720181566  0.00331190858918402  0.00333081997655238
  0.00334973136392074  0.00336864275128910  0.00339303879024992  0.00341812296882744
  0.00344320714740495  0.00346829132598247  0.00349337550455998  0.00351845968313750
  0.00354354386171501  0.00356862804029253  0.00359371221887004  0.00361879639744756
  0.00392485232702182  0.00396507725758888  0.00400530218815594  0.00404552711872299
  0.00408575204929005  0.00412597697985711  0.00416620191042416  0.00420642684099122
  0.00424872174301854  0.00429207534791745  0.00433542895281635  0.00437878255771526
  0.00442213616261416  0.00446548976751307  0.00450884337241197  0.00455250234967295
  0.00459922797557794  0.00464595360148292  0.00469267922738791  0.00473940485329290
  0.00478613047919788  0.00483285610510287  0.00487958173100786  0.00593612911320561
  0.00856910254718013  0.01236924881652644  0.01785364661015363  0.02576830166621150
  0.02976826205294104  0.03006013641097061  0.03035201076900018  0.03064388512702975
  0.03093575948505932  0.03122763384308889  0.03151950820111846  0.03181138255914803
  0.03207937491941027  0.03233890264051779  0.03259843036162530  0.03285795808273281
  0.03311748580384032  0.03337701352494784  0.03363654124605535  0.03389606896716287
  0.03415559668827038  0.03674809205373682  0.04589688730678135  0.04589688730679135
  0.04589688730680135  0.04589688730681134  0.04589688730682134  0.04589688730683134
  0.04589688730684134  0.04589688730685134  0.04589688730686134  1.00000000000000000
  0.05069499810536707  0.05190335036655916  0.05311170262775125  0.05432005488894334
  0.05552840715013543  0.05673675941132753  0.05794511167251962  0.05915346393371170
  0.06036181619490379  0.06157016845609588  0.06310309850560114  0.06571961999836762
  0.06833614149113407  0.07095266298390053  0.07356918447666699  0.07618570596943344
  0.07880222746219991  0.08141874895496637  0.08424966913540044  0.08766537728291883
  0.09108108543043723  0.09449679357795564  0.09791250172547403  0.10132820987299243
  0.10474391802051082  0.10815962616802918  0.11157533431554754  0.11499104246306591
  0.11840675061058427  0.12182245875810263  0.12523816690562101  0.12865387505313935
  0.13206958320065773  0.13548529134817608  0.13890099949569445  0.14231670764321280
  0.14573241579073118  0.14852189013961783  0.15129229903804783  0.15406270793647781
  0.15683311683490780  0.15960352573333778  0.16237393463176777  0.16514434353019777
  0.16764477609628833  0.16981591140609614  0.17198704671590395  0.17415818202571176
  0.17632931733551954  0.17850045264532735  0.18067158795513516  0.18284272326494297
  0.18501385857475078  0.18718499388455859  0.18935612919436640  0.19152726450417421
  0.19369839981398201  0.19586953512378980  0.19804067043359760  0.20021180574340541
  0.20238294105321322  0.20455407636302103  0.20672521167282884  0.20900534527292142
  0.21159680793542979  0.21418827059793813  0.21677973326044650  0.21937119592295484
  0.22196265858546321  0.22455412124797158  0.22714558391047993  0.22998379579417902
  0.23369633826092284  0.23740888072766664  0.24112142319441043  0.24483396566115426
  0.24854650812789805  0.25225905059464188  0.25597159306138567  0.25968413552812952
  0.26339667799487332  0.26710922046161711  0.27082176292836091  0.38715337465373006
  0.50383706907985493  0.62052076350597973  0.72966708315815421  0.73693157200219706
  0.74419606084623979  0.75129395763700935  0.75772985015149064  0.76416574266597193
  0.77060163518045321  0.84114969174067178  0.84114969174068177  1.00000000000000000
 -0.00028491417566935  0.00334630929588137  0.00669261859176275  0.01003892788764412
  0.01338523718352549  0.01673154647940687  0.02007785577528825  0.02391885542279921
  0.02790410506284332  0.03188935470288743  0.03587460434293154  0.03985985398297566
  0.11006410656901297  0.23519091914710014  0.36031773172518733  0.41830155950196851
  0.42127590149124766  0.42425024348052681  0.42722458546980596  0.43019892745908506
  0.43317326944836421  0.43614761143764336  0.43912195342692251  0.44209629541620166
  0.44507063740548075  0.44804497939475990  0.45101932138403905  0.45399366337331820
  0.45696800536259730  0.45994234735187645  0.46291668934115565  0.46589103133043480
  0.46886537331971395  0.47183971530899316  0.47481405729827231  0.47778839928755146
  0.48334994448235452  0.49114563196512356  0.49894131944789255  0.50673700693066159
  0.51453269441343064  0.52232838189619968  0.53012406937896872  0.53791975686173787
  0.60665267935447942  0.68849411342099187  0.69130332008260509  0.69411252674421819
  0.69692173340583141  0.69973094006744452  0.70254014672905774  0.70534935339067084
  0.70815856005228406  0.71096776671389728  0.71377697337551038  0.71658618003712360
  0.71939538669873682  0.72220459336035003  0.72501380002196325  0.72782300668357636
  0.73033598018820811  0.73257735767714571  0.73481873516608331  0.73706011265502092
  0.73930149014395852  0.74154286763289612  0.74378424512183372  0.74602562261077132
  0.74826700009970892  0.75082909164945066  0.75448446002297032  0.75813982839649008
  0.76179519677000973  0.76545056514352949  0.76910593351704915  0.77276130189056891
  0.77641667026408867  0.78007203863760832  0.78372740701112809  0.78738277538464785
  0.79103814375816761  0.81492577204058803  0.81859253353822869  0.82225929503586925
  0.82592605653350981  0.82959281803115037  0.83325957952879093  0.83632908993373278
  0.83938634054295025  0.84244359115216771  0.84550084176138529  0.84855809237060276
  0.85161534297982022  0.87487318742190268  0.96103352705637601  1.00000000000000000
  0.12328600486119590  0.12721533866543430  0.12943067733086860  0.13164601599630291
  0.13386135466173721  0.13607669332717151  0.13829203199260581  0.14050737065804011
  0.14272270932347442  0.14493804798890872  0.14699931108311751  0.14895607718568471
  0.15091284328825189  0.15286960939081909  0.15482637549338629  0.15678314159595347
  0.15873990769852067  0.16069667380108787  0.16265343990365505  0.16461020600622225
  0.16656697210878943  0.16940165379832461  0.17228346528560326  0.17516527677288191
  0.17804708826016052  0.18092889974743917  0.18381071123471779  0.18669252272199643
  0.18957433420927505  0.19245614569655370  0.19533795718383234  0.19821976867111099
  0.20110158015838961  0.20398339164566825  0.20686520313294687  0.26857744773554970
  0.29480700838599649  0.29867447111868506  0.30254193385137368  0.30640939658406230
  0.31027685931675092  0.31414432204943954  0.31801178478212816  0.32187924751481678
  0.32574671024750540  0.32961417298019402  0.33348163571288264  0.33734909844557132
  0.34121656117825994  0.34508402391094861  0.34895148664363729  0.35281894937632591
  0.37670859623237252  0.38025425898099596  0.38379992172961941  0.38734558447824285
  0.39089124722686630  0.39443690997548975  0.39798257272411325  0.40152823547273675
  0.40507389822136020  0.40861956096998370  0.41216522371860720  0.41571088646723070
  0.41925654921585415  0.42280221196447759  0.42634787471310104  0.42989353746172448
  0.43343920021034793  0.43698486295897138  0.52217054485054815  0.52976184042092855
  0.53735313599130896  0.54494443156168926  0.55253572713206955  0.56012702270244985
  0.56771831827283015  0.57530961384321044  0.58290090941359074  0.69914634582137714
  0.77231391356956292  0.77587068797632397  0.77942746238308513  0.78298423678984619
  0.78654101119660724  0.79009778560336841  0.79306371293849987  0.79556333317268269
  0.79806295340686551  0.80056257364104844  0.80306219387523126  0.80556181410941419
  0.80806143434359701  0.80924433867136636  0.80924433867137635  1.00000000000000000
  0.00272708733876545  0.00567838385693337  0.00862968037510129  0.01158097689326920
  0.01453227341143712  0.01748356992960504  0.02043486644777295  0.02433150912405501
  0.02837570929284996  0.03241990946164490  0.03646410963043984  0.04050830979923478
  0.04731176660610723  0.05522276929886152  0.06313377199161582  0.07104477468437013
  0.07895577737712443  0.08463639853990594  0.08755381972285811  0.09047124090581028
  0.09338866208876244  0.09630608327171461  0.09922350445466677  0.10214092563761894
  0.10508919132345575  0.10810753031387428  0.11112586930429282  0.11414420829471135
  0.11716254728512988  0.12018088627554842  0.12319922526596695  0.12621756425638547
  0.12923590324680401  0.13225424223722254  0.13527258122764108  0.13829092021805961
  0.14130925920847814  0.14432759819889668  0.20946666799173833  0.31319949456412499
  0.31690893380342755  0.32061837304273016  0.32432781228203272  0.32803725152133528
  0.33174669076063784  0.33545612999994046  0.33916556923924301  0.34287500847854563
  0.34658444771784824  0.35029388695715086  0.35400332619645347  0.35771276543575603
  0.36142220467505859  0.36513164391436120  0.36884108315366376  0.37255052239296632
  0.41812971140161342  0.48064709445115311  0.48349785540246709  0.48634861635378107
  0.48919937730509505  0.49205013825640903  0.49490089920772301  0.49775166015903699
  0.50060242111035091  0.50345318206166489  0.50630394301297887  0.50915470396429285
  0.51200546491560683  0.51485622586692081  0.51770698681823479  0.52055774776954877
  0.52340850872086286  0.52625926967217684  0.52911003062349082  0.53196079157480480
  0.53481155252611889  0.53766231347743287  0.54051307442874685  0.61726142956400043
  0.74423914043670536  0.75355218257453160  0.75727318346709416  0.76099418435965682
  0.76471518525221938  0.76843618614478193  0.77193712820674054  0.77503960221630075
  0.77814207622586085  0.78124455023542105  0.78434702424498115  0.78744949825454136
  0.79055197226410145  0.79455858866373708  0.79455858866374707  1.00000000000000000
 -0.00015408198038737  0.12705736028940878  0.12911472057881754  0.13117208086822632
  0.13322944115763510  0.13528680144704386  0.13734416173645264  0.13940152202586142
  0.14145888231527018  0.14351624260467896  0.14557360289408774  0.14803897808772015
  0.15056330528990042  0.15308763249208071  0.15561195969426098  0.15813628689644127
  0.16066061409862153  0.16318494130080180  0.16570926850298209  0.22942702497046277
  0.23340249655296869  0.23737796813547463  0.24135343971798057  0.24532891130048648
  0.24930438288299242  0.25327985446549833  0.25725532604800427  0.26123079763051021
  0.26520626921301615  0.26918174079552204  0.27204421913254490  0.27411568756607446
  0.27618715599960397  0.27825862443313348  0.28033009286666305  0.28240156130019256
  0.28447302973372213  0.28654449816725164  0.28861596660078120  0.29068743503431071
  0.29292200386124612  0.29530279836406170  0.29768359286687723  0.30006438736969276
  0.30244518187250830  0.30482597637532388  0.30720677087813941  0.30958756538095494
  0.31196835988377053  0.31434915438658606  0.31672994888940159  0.31911074339221712
  0.32149153789503271  0.32387233239784824  0.32625312690066377  0.32863392140347936
  0.33101471590629489  0.33627306380882499  0.41764033362347114  0.42104719520323469
  0.42445405678299825  0.42786091836276180  0.43126777994252535  0.43467464152228891
  0.43808150310205241  0.44148836468181596  0.44489522626157951  0.44830208784134307
  0.45170894942110662  0.45511581100087017  0.45852267258063373  0.46192953416039734
  0.46533639574016095  0.46874325731992450  0.47215011889968811  0.47555698047945166
  0.47896384205921527  0.58502917082617123  0.69759307107926916  0.81015697133236697
  0.92272087158546490  0.96047183172703232  0.96360000872483331  0.96672818572263430
  0.96985636272043529  0.97298453971823617  0.97611271671603717  0.97922827697778747
  0.98182474235556394  0.98442120773334052  0.98701767311111699  0.98961413848889357
  0.99221060386667004  0.99480706924444662  0.99740353462222320  1.00000000000000000
  0.03507691224416104  0.03607630813402309  0.03707570402388514  0.03807509991374718
  0.03907449580360923  0.04007389169347128  0.04107328758333333  0.04320660397407647
  0.04699710473888159  0.05078760550368670  0.05457810626849181  0.05836860703329693
  0.06215910779810205  0.18059366508129326  0.23098929309226585  0.23390232012186887
  0.23681534715147193  0.23972837418107495  0.24264140121067801  0.24555442824028104
  0.24846745526988409  0.25138048229948712  0.25429350932909017  0.25720653635869317
  0.26011956338829623  0.26303259041789928  0.26594561744750234  0.26885864447710534
  0.27177167150670839  0.27468469853631150  0.27759772556591455  0.28051075259551761
  0.28342377962512066  0.28633680665472377  0.28924983368432683  0.31253018901442986
  0.31561446143437383  0.31869873385431785  0.32178300627426182  0.32486727869420579
  0.32795155111414975  0.33103582353409378  0.33412009595403774  0.33720436837398177
  0.34028864079392579  0.34337291321386981  0.34645718563381378  0.34954145805375780
  0.35262573047370183  0.35571000289364585  0.35879427531358982  0.36187854773353378
  0.36496282015347775  0.36804709257342177  0.37113136499336574  0.37421563741330971
  0.47176347408997454  0.52319781208002580  0.52700012762690795  0.53080244317379011
  0.53460475872067215  0.53840707426755419  0.54220938981443634  0.54601170536131838
  0.54981402090820042  0.55361633645508246  0.55741865200196450  0.56122096754884665
  0.56502328309572869  0.56882559864261073  0.57262791418949277  0.57643022973637481
  0.58023254528325685  0.60727475388889507  0.63197985198605899  0.64006396362295193
  0.64814807525984486  0.65623218689673779  0.66431629853363072  0.67240041017052365
  0.68048452180741659  0.70465338488428786  0.83441713043576482  0.87784014708244062
  0.88197273850694435  0.88610532993144808  0.89023792135595170  0.89437051278045543
  0.89807505399906140  0.90154505799744911  0.90501506199583681  0.90848506599422463
  0.91195506999261233  0.91542507399100004  0.95764732758204130  1.00000000000000000
  0.01545053323109939  0.25208822497875327  0.25417644995750660  0.25626467493625987
  0.25835289991501315  0.26044112489376642  0.26252934987251975  0.26461757485127302
  0.26670579983002629  0.26879402480877956  0.27087393853961006  0.27260735947949710
  0.27434078041938420  0.27607420135927130  0.27780762229915834  0.27954104323904544
  0.28127446417893248  0.28300788511881958  0.28474130605870662  0.28647472699859372
  0.28820814793848076  0.28994156887836786  0.29167823595317033  0.29408771309320775
  0.29649719023324517  0.29890666737328259  0.30131614451332001  0.30372562165335742
  0.30613509879339490  0.30854457593343232  0.31095405307346974  0.31333704959813663
  0.31567263883432151  0.31800822807050633  0.32034381730669120  0.32267940654287608
  0.32501499577906096  0.32735058501524578  0.32968617425143065  0.33202176348761553
  0.33627734438002094  0.34299206147997402  0.34970677857992710  0.35642149567988018
  0.36313621277983321  0.36985092987978618  0.40028644256278129  0.50873445828441521
  0.61718247400604920  0.72563048972768318  0.83407850544931694  0.87713159504569915
  0.88055495003303696  0.88397830502037467  0.88740166000771237  0.89082501499505018
  0.89424836998238788  0.89767172496972558  0.90109507995706339  0.90451843494440121
  0.90794178993173891  0.91136514491907672  0.91478849990641453  0.91774376867486951
  0.92013008153114018  0.92251639438741095  0.92490270724368162  0.92728902009995240
  0.92967533295622307  0.93206164581249384  0.93444795866876462  0.93683427152503529
  0.93976315780880249  0.94290197659246222  0.94604079537612196  0.94917961415978180
  0.95231843294344154  0.95545725172710128  0.95852409272124262  0.96080302087214753
  0.96308194902305233  0.96536087717395724  0.96763980532486216  0.96991873347576696
  0.97219766162667187  0.97447658977757678  0.97675551792848159  0.97903444607938650
  0.98163766333095448  0.98426085428367538  0.98688404523639617  0.98950723618911696
  0.99213042714183775  0.99475361809455853  0.99737680904727932  1.00000000000000000
  0.00687938531239825  0.31545565428421912  0.31841130856843824  0.32136696285265742
  0.32432261713687655  0.32727827142109567  0.33023392570531479  0.33318957998953391
  0.33670674633302750  0.34025261896376757  0.34379849159450765  0.34734436422524773
  0.35089023685598780  0.36339075385528530  0.38183914522224988  0.38940153129621213
  0.39696391737017445  0.40452630344413681  0.41208868951809918  0.41965107559206150
  0.42721346166602375  0.43477584773998607  0.51516188416876507  0.52422407439983565
  0.52778099932023459  0.53133792424063353  0.53489484916103247  0.53845177408143141
  0.54200869900183035  0.54556562392222929  0.54912254884262823  0.55267947376302706
  0.55623639868342600  0.55979332360382494  0.56335024852422377  0.56690717344462271
  0.57046409836502165  0.57402102328542048  0.57757794820581942  0.58113487312621837
  0.62969441705238216  0.75108357968903805  0.79348065778992327  0.79620568634361266
  0.79893071489730205  0.80165574345099133  0.80438077200468072  0.80710580055837011
  0.80983082911205950  0.81255585766574889  0.81528088621943828  0.81800591477312767
  0.82073094332681706  0.82345597188050645  0.82618100043419584  0.82890602898788512
  0.83163105754157451  0.83407015409904772  0.83603334373808913  0.83799653337713054
  0.83995972301617206  0.84192291265521346  0.84388610229425487  0.84584929193329628
  0.84781248157233768  0.84977567121137909  0.85173886085042050  0.85370205048946191
  0.85636906088016818  0.85925428313395869  0.86213950538774931  0.86502472764153981
  0.86790994989533032  0.87079517214912083  0.87368039440291134  0.87656561665670185
  0.87945083891049236  0.88233606116428287  0.88522128341807338  0.88810650567186400
  0.89099172792565451  0.89387695017944502  0.93491212541362811  0.94128346958258713
  0.94514935531521593  0.94901524104784474  0.95288112678047354  0.95674701251310235
  0.95958426458598733  0.96170570331134841  0.96382714203670938  0.96594858076207046
  0.96807001948743143  0.97019145821279251  0.97194880644480386  1.00000000000000000
  0.01668774684270217  0.25165092271111222  0.25330184542222445  0.25495276813333662
  0.25660369084444884  0.25825461355556106  0.25990553626667323  0.26155645897778546
  0.26320738168889768  0.26485830440000990  0.26650922711112207  0.26816014982223429
  0.26981107253334652  0.27161943175045589  0.27368379688381311  0.27574816201717034
  0.27781252715052757  0.27987689228388474  0.28194125741724196  0.28400562255059919
  0.28606998768395642  0.28813435281731364  0.29019871795067087  0.29263924218728710
  0.29600559987946484  0.29937195757164253  0.30273831526382028  0.30610467295599803
  0.30947103064817577  0.32404419114083333  0.43922860031809602  0.52190327480927190
  0.52557336907002616  0.52924346333078043  0.53291355759153480  0.53658365185228907
  0.54025374611304333  0.54392384037379760  0.54759393463455186  0.55126402889530612
  0.55493412315606039  0.55860421741681465  0.56227431167756892  0.56594440593832318
  0.56961450019907744  0.57328459445983160  0.57695468872058586  0.58062478298134013
  0.61351099612880833  0.67053230501526395  0.67771061105602692  0.68488891709678990
  0.69206722313755276  0.69924552917831573  0.70642383521907870  0.71360214125984167
  0.72078044730060475  0.72795875334136773  0.82496867811362562  0.89688733553137323
  0.89962662466571830  0.90236591380006337  0.90510520293440844  0.90784449206875351
  0.91058378120309857  0.91332307033744353  0.91606235947178860  0.91880164860613367
  0.92154093774047863  0.92428022687482370  0.92701951600916865  0.92975880514351372
  0.93249809427785879  0.93523738341220375  0.93797667254654882  0.94071596168089378
  0.94345525081523884  0.94619453994958380  0.94893382908392887  0.95167311821827383
  0.95441240735261890  0.95715169648696397  0.96025352308202916  0.96363037101855997
  0.96700721895509090  0.97038406689162171  0.97376091482815264  0.97713776276468356
  0.98029058817140946  0.98310621843263668  0.98592184869386390  0.98873747895509112
  0.99155310921631834  0.99436873947754556  0.99718436973877278  1.00000000000000000
  0.00465888142122677  0.00535501282930329  0.00605114423737981  0.00674727564545633
  0.00744340705353285  0.00813953846160938  0.00883566986968590  0.00953180127776242
  0.01022793268583895  0.01092406409391547  0.01162019550199199  0.01231632691006851
  0.01301245831814504  0.01370858972622156  0.01440472113429809  0.01510085254237461
  0.01579698395045113  0.01649311535852765  0.01718924676660418  0.01788537817468070
  0.01858150958275722  0.01927764099083375  0.01997377239891027  0.02066990380698679
  0.02170257203445649  0.02283848760322138  0.02397440317198626  0.02511031874075114
  0.02624623430951603  0.02738214987828091  0.02851806544704580  0.02965398101581069
  0.03078989658457557  0.03192581215334046  0.03306172772210535  0.03419764329087023
  0.03533355885963512  0.03646947442840000  0.03760538999716490  0.03874130556592978
  0.03987722113469466  0.04101313670345955  0.04216646094506077  0.04334337023809624
  0.04452027953113170  0.04569718882416718  0.04687409811720264  0.04805100741023811
  0.04922791670327358  0.05040482599630905  0.05158173528934452  0.05275864458237998
  0.05393555387541546  0.05511246316845093  0.05628937246148639  0.05746628175452186
  0.05864319104755733  0.05982010034059281  0.06099700963362827  0.06217391892666374
  0.06317357857510128  0.06410530705597670  0.06503703553685211  0.06596876401772754
  0.06690049249860296  0.06783222097947839  0.06876394946035380  0.06969567794122922
  0.07062740642210465  0.07155913490298006  0.07249086338385549  0.07342259186473091
  0.07435432034560634  0.07528604882648175  0.07621777730735718  0.07714950578823260
  0.07808123426910803  0.07901296274998344  0.07994469123085887  0.08087641971173429
  0.08180814819260972  0.08273987667348513  0.09903860053795982  0.09903860053796983
  0.09903860053797983  0.09903860053798984  0.09903860053799984  0.09903860053800985
  0.09903860053801986  0.09903860053802986  0.09903860053803987  0.09903860053804987
  0.09903860053805988  0.09903860053806988  0.09903860053807989  1.00000000000000000
  0.17360692818959558  0.17548952497466358  0.17737212175973158  0.17925471854479957
  0.18113731532986757  0.18301991211493557  0.18490250890000356  0.18678510568507156
  0.18960177566564368  0.19299030674462819  0.19637883782361271  0.19976736890259725
  0.20315589998158176  0.20654443106056627  0.26342897459582726  0.27760117536517970
  0.28482746906991369  0.29205376277464762  0.29928005647938155  0.30650635018411543
  0.31373264388884936  0.32095893759358324  0.32818523129831711  0.36689777983424393
  0.43895548641573578  0.44263965780014763  0.44632382918455954  0.45000800056897144
  0.45369217195338329  0.45737634333779520  0.46106051472220710  0.46474468610661906
  0.46842885749103097  0.47211302887544293  0.47579720025985484  0.47948137164426674
  0.48316554302867865  0.48684971441309055  0.49053388579750246  0.49421805718191431
  0.49790222856632621  0.55025535693341532  0.66696574124813357  0.78367612556285171
  0.85550441094057372  0.85888236805760843  0.86226032517464313  0.86563828229167783
  0.86901623940871253  0.87239419652574723  0.87547246157918091  0.87753934939203837
  0.87960623720489595  0.88167312501775341  0.88374001283061088  0.88580690064346845
  0.88787378845632592  0.88994067626918338  0.89200756408204096  0.89407445189489843
  0.89614133970775600  0.89820822752061347  0.90027511533347104  0.90234200314632851
  0.90440889095918608  0.90647577877204355  0.90854266658490113  0.91060955439775870
  0.91267644221061617  0.91474333002347374  0.91684676120002251  0.91943981005518194
  0.92203285891034137  0.92462590776550091  0.92721895662066034  0.92981200547581977
  0.93240505433097920  0.93499810318613863  0.94160265689742206  0.96068582516754020
  0.96343198468223235  0.96617814419692449  0.96892430371161653  0.97167046322630868
  0.97441662274100083  0.97716278225569297  0.97977410795709519  0.98202142929519576
  0.98426875063329633  0.98651607197139690  0.98876339330949736  0.99101071464759793
  0.99325803598569851  0.99550535732379897  0.99775267866189954  1.00000000000000000
  0.32548808654149375  0.34089991873301656  0.34846650413269992  0.35625124452190943
  0.36470224276765129  0.37315324101339314  0.37832531092928806  0.38258048638966963
  0.38683566185005119  0.39109083731043270  0.39534601277081427  0.39960118823119589
  0.40385636369157746  0.40811153915195908  0.41236671461234065  0.41662189007272227
  0.41996130861021641  0.42329098828989947  0.42662066796958259  0.42995034764926565
  0.43328002732894877  0.43660970700863183  0.44086954026307834  0.44546884786674329
  0.45006815547040829  0.45466746307407324  0.45926677067773825  0.46386607828140325
  0.46846538588506825  0.47306469348873326  0.47766400109239826  0.50175114514496444
  0.50528651134530267  0.50882187754564101  0.51235724374597924  0.51589260994631758
  0.51942797614665581  0.52296334234699415  0.52649870854733238  0.53003407474767072
  0.53356944094800907  0.53710480714834741  0.54064017334868575  0.54417553954902398
  0.54771090574936232  0.55124627194970055  0.55478163815003889  0.55831700435037712
  0.56185237055071546  0.65812117064127840  0.66978006635093656  0.67313863204716218
  0.67649719774338779  0.67985576343961340  0.68321432913583902  0.68657289483206463
  0.68993146052829024  0.69329002622451585  0.69664859192074147  0.70000715761696708
  0.70336572331319269  0.70672428900941830  0.71008285470564403  0.71344142040186964
  0.71679998609809525  0.72015855179432098  0.72351711749054659  0.72687568318677231
  0.76637826673167175  0.88344428897161520  0.95900314352512073  0.96086226237983619
  0.96272138123455175  0.96458050008926732  0.96643961894398289  0.96829873779869835
  0.97015785665341392  0.97201697550812949  0.97387609436284495  0.97573521321756052
  0.97759433207227608  0.97939371577819323  0.98086559322260802  0.98233747066702282
  0.98380934811143750  0.98528122555585229  0.98675310300026708  0.98822498044468177
  0.98969685788909656  0.99116873533351135  0.99264061277792615  0.99411249022234083
  0.99558436766675562  0.99705624511117041  0.99852812255558510  1.00000000000000000
   1.1014715956341706E-015  -1.0000000000000000     
 F F F F F F F F F F F F F F F F F F F F F F F F F F F F F F F F F F F F F F F F F F F F F F F F F F F F F F F F F F F F F F F F F F F F F F F F F F F F F F F F F F F F F F F F F F F F F F F F F F F F F F F F F F F F F F F F F F F F F F F F F F F F F F F F F F F F F F F F F F F F F F F F F F F F F F F F F F F F F F F F F F F F F F F F F F F F F F F F F F F F F F F F F F F F F F F F F F F F F F F F F F F F F F F F F F F F F F F F F F F F F F F F F F F F F F F F F F F F F F F F F F F F F F F F F F F F F F F F F F F F F F F F F F F F F F F F F F F F F F F F F F F F F F F F F F F F F F F F F F F F F F F F F F F F F F F F F F F F F F F F F F F F F F F F F F F F F F F F F F F F F F F F F F F F F F F F F F F F F F F F F F F F F F F F F F F F F F F F F F F F F F F F F F F F F F F F F F F F F F F F F F F F F F F F F F F F F F F F F F F F F F F F F F F F F F F F F F F F F F F F F F F F F F F F F F F F F F F F F F F F F F F F F F F F F F F F F F F F F F F F F F F F F F F F F F F F F F F F F F F F F F F F F F F F F F F F
  <DiscreteSampler_grid>
  grouped_processes
  1 # 1 for a reference and 2 for a running grid.
  10 # Attribute 'min_bin_probing_points' of the grid.
  1 # Attribute 'grid_mode' of the grid. 1=='default',2=='initialization'
  0.0000000000000000 # Attribute 'small_contrib_threshold' of the grid.
  0.5000000000000000 # Attribute 'damping_power' of the grid.
 # binID   n_entries weight   weight_sqr   abs_weight
    10   10   5.780614731685779E-002   3.297638892554322E-002   5.780614731685779E-002
  </DiscreteSampler_grid>
