 -0.00000315231315927  0.00001975501600770  0.00004636019715500  0.00007044230351142
  0.00009375839940920  0.00011647608749628  0.00013982743780929  0.00016505083648520
  0.00019217869017799  0.00022048984695575  0.00025014767665894  0.00028182890965567
  0.00031537700806999  0.00035046650298175  0.00038722165553426  0.00042568614134370
  0.00046586447895642  0.00050820578563864  0.00055298646194552  0.00059979155401316
  0.00064737791490720  0.00069587960802322  0.00074630748294760  0.00079898079271868
  0.00085348554177753  0.00090979596217598  0.00096856584739741  0.00102967628874759
  0.00109237659478922  0.00115677127461746  0.00122426254379510  0.00129571822964458
  0.00137016914950307  0.00144669647096555  0.00152616478710057  0.00160688833723927
  0.00168839075619723  0.00177219813597837  0.00186000733783452  0.00195155083809046
  0.00204566402569229  0.00214583867850618  0.00225103352573058  0.00235977989965254
  0.00247178386940585  0.00258856838131079  0.00270987800394681  0.00283496603954116
  0.00296470220140876  0.00310203299122354  0.00324679518619724  0.00339512013859857
  0.00355525493812045  0.00372033543274980  0.00389175547346984  0.00407328439883462
  0.00426500296422841  0.00446341314888663  0.00466964523959515  0.00489081785893152
  0.00512023374300847  0.00536475254057643  0.00562149506182589  0.00588587466813320
  0.00616564902418934  0.00646397571440235  0.00677944080815092  0.00711482869312705
  0.00747594319214815  0.00785769339286515  0.00825900659248189  0.00871544734993900
  0.00920872834239614  0.00975650773480461  0.01036107123555809  0.01101576109368461
  0.01170901207200690  0.01246247378727468  0.01328850878177056  0.01418378241713919
  0.01517170669569956  0.01625136064520723  0.01745020251951654  0.01888850541687369
  0.02055363727256398  0.02254931119876889  0.02500058927617957  0.02808782186251359
  0.03200651678734634  0.03732041681947436  0.04466456307463623  0.05459174216071844
  0.06947815915945162  0.09815692432513887  0.40033251385817969  1.00000000000000000
 -0.00217515487343473  0.00985918925253905  0.02033034045850280  0.03133132234627966
  0.04235773965942621  0.05367684127061908  0.06477538743007163  0.07619488887862928
  0.08700944750854532  0.09752801759888743  0.10777308003853239  0.11761149891365823
  0.12768049105019810  0.13815695126591720  0.14932778273649105  0.16057952181004106
  0.17148069479955527  0.18213739491965314  0.19246395041933156  0.20252504446128999
  0.21274805586810994  0.22319683539953711  0.23384111877822686  0.24418802219444938
  0.25401369856829664  0.26381292819702373  0.27397155812523943  0.28423468329923929
  0.29429803773995017  0.30440306060296163  0.31457064457776762  0.32539473199889535
  0.33610757743674086  0.34667028136869860  0.35716838817146929  0.36750884080370610
  0.37793037947374880  0.38844250882035369  0.39921518169689929  0.40992184745219373
  0.42045588301489595  0.43051347339030432  0.44075554549018819  0.45091150674261082
  0.46113749664198372  0.47166766533815674  0.48218347261584693  0.49292035104409110
  0.50355045173701585  0.51411792712091231  0.52459386705771016  0.53479395884127023
  0.54530582365684888  0.55639765530339447  0.56764658854654504  0.57863804111220041
  0.58940304297183987  0.60008842346407587  0.61064988224214511  0.62099557245345993
  0.63120711399046581  0.64148795481606236  0.65202558065418825  0.66267278617856107
  0.67342089388672721  0.68415229714085346  0.69481442868990262  0.70530322505670362
  0.71558915496574338  0.72587463721283663  0.73619690783224578  0.74658817131887656
  0.75701605153504170  0.76773221253475032  0.77842172671202980  0.78949183274177659
  0.80037849999697908  0.81134188542816832  0.82211634378998699  0.83297566274312573
  0.84329443442960983  0.85385090184607626  0.86437039210740285  0.87505169812693118
  0.88542470173931553  0.89587609020337355  0.90649769811997660  0.91749474018204957
  0.92837816180131316  0.93891453147820036  0.94907482659613396  0.95894615467689204
  0.96919349357052498  0.97944464101979445  0.98973979911034193  1.00000000000000000
  0.00822783162470004  0.10548040247171736  0.14826637202427398  0.17868806847315244
  0.20410781046621052  0.22650157967812501  0.24638874447650716  0.26420091901883291
  0.28063791612188677  0.29574909806988059  0.31004918642442564  0.32390499693128671
  0.33736184482522852  0.35034737379421244  0.36279528770565461  0.37467954432217415
  0.38576129290568134  0.39654576084533283  0.40724138267664944  0.41776056689112617
  0.42763820362832888  0.43717636420759126  0.44636960420310623  0.45536212164805340
  0.46418945354463820  0.47294531189017591  0.48171751621107661  0.49048978885100558
  0.49915364091948472  0.50749368033142284  0.51579801741709064  0.52380763576828837
  0.53169173890190136  0.53945692113073707  0.54713599532232704  0.55465098555578995
  0.56205131764505445  0.56934588687571397  0.57657742068167117  0.58367036086309720
  0.59052013322594721  0.59722682760586565  0.60382481134064914  0.61028748474371952
  0.61670941991476613  0.62320697890729748  0.62983221199788597  0.63655503937755031
  0.64325821686229911  0.64975259600305979  0.65601308749460374  0.66228827024637305
  0.66858329582225384  0.67498857128176071  0.68136768861113950  0.68755144594290685
  0.69363788757593070  0.69963057861553424  0.70557741055121648  0.71152392894706284
  0.71740783411176989  0.72319308956932649  0.72899096820754938  0.73491356996967716
  0.74090107599354593  0.74689337766863428  0.75296128559608688  0.75892827656167661
  0.76496211638324241  0.77089730925235145  0.77686064054874582  0.78285991665664767
  0.78885303660486028  0.79485659762738026  0.80087867176608896  0.80697964165010461
  0.81318453050447959  0.81937859077010944  0.82556612716172095  0.83183688745143236
  0.83823000540985437  0.84477696164887495  0.85142730098194030  0.85819837965997070
  0.86506583475923282  0.87200761237150171  0.87909019801200117  0.88632222908837521
  0.89373763498935843  0.90160110233877877  0.90990635579940182  0.91894068359992065
  0.92932233795237107  0.94168253424725101  0.95966239138666032  1.00000000000000000
   4.0176879442199534E-005  -1.0000000000000000     
 F F F F F F F F F F F F F F F F
  <DiscreteSampler_grid>
  grouped_processes
  1 # 1 for a reference and 2 for a running grid.
  10 # Attribute 'min_bin_probing_points' of the grid.
  1 # Attribute 'grid_mode' of the grid. 1=='default',2=='initialization'
  0.0000000000000000 # Attribute 'small_contrib_threshold' of the grid.
  0.5000000000000000 # Attribute 'damping_power' of the grid.
 # binID   n_entries weight   weight_sqr   abs_weight
    10   10   3.237858422972761E+009   5.389349661420691E+019   3.237858422972761E+009
  </DiscreteSampler_grid>
