  0.00359758877261068  0.01247740449682769  0.02185652120961512  0.03237123527127058
  0.04269818921364357  0.05203791002491143  0.06121902238560797  0.07033514052632887
  0.08065179225288038  0.09163910013267067  0.10159904975782251  0.11030379836900724
  0.11986582503585465  0.12864917688971447  0.13719449842868570  0.14654892109760653
  0.15411346090815514  0.16154757242486981  0.17196928627578756  0.18415827686015282
  0.19582267337415515  0.20481935072525342  0.21539511817968920  0.22559414025200922
  0.23820502866550994  0.25065782476192849  0.26117497848543153  0.27023813273647845
  0.27910482047883317  0.28676970247154565  0.29414377499900501  0.30139916442850329
  0.31315495469347238  0.32713739949131260  0.33789989808539389  0.34878534826754753
  0.35989602263749654  0.37235591756119796  0.38638002001985700  0.40164220677113299
  0.41513747301135279  0.42567629160631626  0.43465078723170636  0.44230133027248364
  0.44961124790704782  0.45619648167529336  0.46315109586685305  0.47259915425908311
  0.48012469683303899  0.48759161607234075  0.49590258964089118  0.50612799654074081
  0.51715743428956384  0.52827261307285001  0.53887817991493703  0.54910268500789650
  0.55857252439408689  0.56758024135828899  0.57670287760692973  0.58574647928257539
  0.59606282896448071  0.60734605176309209  0.61798531194095108  0.62764559033725875
  0.63692868603060548  0.64707243142109550  0.65968612969777651  0.67349043936367736
  0.68621615836796590  0.69758956676959727  0.70860075734947037  0.71958745456875384
  0.73069785411875687  0.74174009847863842  0.75296610280235643  0.76433131296455681
  0.77771728339997070  0.79102815525102321  0.80359278801358591  0.81519387636406915
  0.82645738984871664  0.83693188196431356  0.84738506871330088  0.85763270300054117
  0.86779364121804325  0.87810302139245489  0.88904297696108037  0.90086918872658406
  0.91340108953433796  0.92667134073049340  0.94042831916977299  0.95406695314837453
  0.96547189425745539  0.97678131974478433  0.98844224732055652  1.00000000000000000
  0.00830253277436120  0.00926750823535986  0.01057539087053991  0.01217267729867453
  0.01400204348916120  0.01616978199480163  0.01860043130644841  0.02142271350053849
  0.02472311017006401  0.02850505929163942  0.03297631601986566  0.03817917550214568
  0.04432206471738207  0.05137767482051901  0.05988808913150086  0.06988819545679704
  0.08178013570330124  0.09542675183602743  0.10983679286430600  0.12279256325646165
  0.13427880468248093  0.14558797994946149  0.15658181518226283  0.16906726471463202
  0.18341460197588977  0.19841499403377238  0.21444747004549253  0.23057195367337979
  0.24880641975956169  0.26801784188121880  0.28844673691966755  0.30847272054522618
  0.33006352781031628  0.35151980620981882  0.36956340931191584  0.38430631996058584
  0.39845934179426490  0.41335374334998171  0.42969924126356579  0.44936269727746442
  0.46439156972541934  0.47663411606396638  0.48910678064091823  0.50179944336131133
  0.51342491910749555  0.52707856834494127  0.54287858501515562  0.55937785560173781
  0.57657184011766893  0.59208662314623473  0.60683018171139524  0.62272210426023455
  0.64027126016735780  0.65690702191404227  0.67474780483812613  0.69260340471594950
  0.71115736819170194  0.72887835958146285  0.74631986124205352  0.75696578797284664
  0.77150113960506306  0.78700980527787723  0.79964629903111539  0.81471614649124791
  0.82888464116687399  0.84303678929568238  0.85764949459837392  0.87023385406322906
  0.88462267916417714  0.89504101876356057  0.90715430438892453  0.91747503417106635
  0.92644477985528129  0.93580715388959712  0.94413224084390224  0.95041547265489024
  0.95574602727425118  0.96017475403326058  0.96405151010758483  0.96764496957182999
  0.97084770353117200  0.97384784602586472  0.97633633640066975  0.97868289012031562
  0.98073254498436102  0.98257644330110872  0.98409467899505920  0.98520685720938883
  0.98611557327669663  0.98702260082255400  0.98786393550960827  0.98865859133410383
  0.98946651181304801  0.99001358187035748  0.99009803232211002  1.00000000000000000
  0.00331671287846996  0.01187880050331785  0.02173921783683920  0.03161161249782567
  0.04247409558167949  0.05425342764316018  0.06665875044879195  0.07989540780206589
  0.09404285584672920  0.10860318718748402  0.12286669167424505  0.13626645206813157
  0.14881432772299091  0.16034404048792397  0.17126388091538336  0.18257609247258577
  0.19402955238994687  0.20552169028176287  0.21626870702376380  0.22771377587803412
  0.23980874288916185  0.25227928350685491  0.26365790839346070  0.27222226739485916
  0.28160657567369418  0.29185240192113515  0.30255792245803276  0.31340318920022314
  0.32392715535098399  0.33476903666969660  0.34352850443247240  0.35337297933575174
  0.36384142759192117  0.37514980617856059  0.38643130309719409  0.39582248899173500
  0.40499574412190403  0.41419984229585827  0.42381595454251214  0.43488005498628596
  0.44607432809775621  0.45782094553966352  0.47008309995131692  0.48214442011943037
  0.49429420367632104  0.50710048440862177  0.51821448748618093  0.53059254611611795
  0.54086588491669585  0.55216037781696381  0.56171321946498454  0.57006651211062265
  0.57868919192706236  0.58964203006097504  0.60124650446734662  0.61204977516456582
  0.62204869025609932  0.63087801646921027  0.63827112827970156  0.64632343602093245
  0.65546989753505036  0.66532282311202728  0.67541237240795338  0.68537084350129096
  0.69508562179501776  0.70374430636411811  0.71385733394414153  0.72518405912516293
  0.73380564897176792  0.74024588370072086  0.74744272505225229  0.75362682345712917
  0.76414995863118163  0.77445064666781538  0.78296214545385878  0.79190846067650933
  0.80298154909295838  0.81305413981342500  0.82296411691997662  0.83279208902858448
  0.84294892264518628  0.85414576132513698  0.86344557150075862  0.87044264353758871
  0.87774217367332086  0.88630256457127143  0.89536067966087285  0.90379437566051424
  0.91183790410801835  0.92227533499294934  0.93415329972858208  0.94722604647694986
  0.96050825399829387  0.97335924444260080  0.98658281828524219  1.00000000000000000
  0.00833033796454272  0.00929394189051718  0.01020372700260402  0.01101775177713423
  0.01200482587891724  0.01326789256509364  0.01460742304753498  0.01611617753292941
  0.01781058779342106  0.01974415511567587  0.02216942873800221  0.02491306397282380
  0.02812200000030380  0.03290248648369454  0.03867658042058600  0.04449696597805009
  0.05082253475067909  0.05790789671760873  0.06572116514233955  0.07568093870701893
  0.08632087688020365  0.09735061386690363  0.10881655358701711  0.12094578934368415
  0.13291634754262219  0.14557037372290688  0.15885053267547647  0.17617824933892873
  0.19895068792907780  0.22272040359538695  0.24421443601804291  0.26414530752800902
  0.28476878706077496  0.30342290584746828  0.32298633690783185  0.33922120773536169
  0.35883499087602155  0.37899877487301781  0.40382152362123025  0.42931749808403619
  0.45314793249084534  0.46723520315913042  0.48011046613939268  0.49603259363048258
  0.51054096173914165  0.53106201947562670  0.55628326903104597  0.57887711565018107
  0.59857965957105086  0.61689835366024970  0.63386381315894091  0.65449331140584222
  0.67549092081214290  0.69497773594834678  0.71114634013834888  0.72373897601346582
  0.73653525583976087  0.74990182632063340  0.76187064810543048  0.77234880798662098
  0.78772600060859910  0.80875116605317154  0.82794485466205547  0.84362670828729613
  0.85756455442141388  0.87144004551880472  0.88688178795683914  0.90361882962185258
  0.91821484552535892  0.92978039428316472  0.93779721256685444  0.94341594549336538
  0.94823408394384046  0.95299775641388973  0.95802704667347860  0.96305128685314867
  0.96770689217213468  0.97134937273284505  0.97444285644989426  0.97715973512243348
  0.97942920980723458  0.98124622343850720  0.98278112545391416  0.98376783313236893
  0.98461745076089735  0.98535644654223553  0.98602293463472612  0.98663122462293307
  0.98720683646138652  0.98779474406280976  0.98837819206768140  0.98892599402551595
  0.98944617003389723  0.98987373440801485  0.99015846824645537  1.00000000000000000
  0.00000000846634201  0.00000000922861191  0.00000000980197636  0.00000001032111848
  0.00000001077306819  0.00000001108837466  0.00000001140768941  0.00000001173032615
  0.00000001205837169  0.00000001234256132  0.00000001262821822  0.00000001294978034
  0.00000001325546908  0.00000001356018720  0.00000001387176163  0.00000001419177765
  0.00000001452372666  0.00000001487850244  0.00000001523595021  0.00000001556857070
  0.00000001589341383  0.00000001624515112  0.00000001664035806  0.00000001703579186
  0.00000001743849901  0.00000001785248017  0.00000001825898132  0.00000001868565186
  0.00000001910973703  0.00000001948107283  0.00000001982973217  0.00000002017349115
  0.00000002051339033  0.00000002090389536  0.00000002130732038  0.00000002168794792
  0.00000002211635596  0.00000002259193460  0.00000002311342640  0.00000002369663863
  0.00000002427781526  0.00000002478279762  0.00000002526541459  0.00000002576545168
  0.00000002627101384  0.00000002681270895  0.00000002745673960  0.00000002821542799
  0.00000002895802746  0.00000002978566059  0.00000003059902985  0.00000003133139304
  0.00000003203352364  0.00000003286097125  0.00000003383281268  0.00000003502341108
  0.00000003597939424  0.00000003700404075  0.00000003801596198  0.00000003903096869
  0.00000004000623977  0.00000004108442870  0.00000004233018865  0.00000004382739534
  0.00000004582237062  0.00000004799412746  0.00000005044861441  0.00000005361808516
  0.00000005726938482  0.00000006132656464  0.00000006587872734  0.00000007192917101
  0.00000007706884386  0.00000008292559703  0.00000008923672572  0.00000009699702554
  0.00000010698931611  0.00000011893969709  0.00000013361826503  0.00000015435982373
  0.00000018164879637  0.00000021609277306  0.00000026142372017  0.00000032244413867
  0.00000044732954613  0.00000070401741033  0.00000122897426939  0.00000305652044797
  0.00001400110802489  0.00009138664912186  0.00051636442397168  0.00210925395262538
  0.01064085478679867  0.09826232596450639  0.45839012919473560  1.00000000000000000
  0.00284299860388060  0.00428999876027848  0.00549152206722254  0.00665160856794857
  0.00766636663721666  0.00856876831190885  0.00928085951595357  0.00989522564034305
  0.01056118150180590  0.01128693999120766  0.01202057007396908  0.01269686340174525
  0.01326392197622302  0.01378388716217096  0.01431837968821370  0.01495876024603827
  0.01564702915326872  0.01640072710549863  0.01719118730756381  0.01803223979912490
  0.01883249548794695  0.01958675463127632  0.02027362001820659  0.02094525377518401
  0.02163880600272545  0.02236582060406843  0.02306095084568012  0.02378804592176489
  0.02454638179470117  0.02540944994427684  0.02625077633196736  0.02706870160869340
  0.02790523511272050  0.02868973886786646  0.02930931059208654  0.02995739324132759
  0.03055198735169372  0.03112855061486545  0.03173546024093848  0.03243813278024287
  0.03336950512877764  0.03443925199606538  0.03552501778596845  0.03673248365148712
  0.03804704571880662  0.03935041289086320  0.04063260531670421  0.04200661005152092
  0.04349045565587862  0.04493418516345309  0.04634949555570672  0.04775566283744042
  0.04913647709325553  0.05078012531721141  0.05238912157822342  0.05406834016118527
  0.05572399347554726  0.05765589203563695  0.06008951949609180  0.06151251146480112
  0.06297947024974325  0.06448602400313704  0.06602857491305086  0.06755623705822492
  0.06945415218940279  0.07189114895957174  0.07444740525930590  0.07690284468936839
  0.07946827835808067  0.08252983164683431  0.08634865742546302  0.08994385374756790
  0.09367090504459656  0.09636925029754261  0.09903698977145839  0.10186703409446680
  0.10488409900330467  0.10868158361585316  0.11361312080880871  0.11827737706817609
  0.12225458106611098  0.12598011828720240  0.12955918218369780  0.13301209465968272
  0.13643469985000448  0.14060189202693471  0.14405586304772011  0.14673166825486506
  0.14992319396639689  0.15395349532700384  0.15764522609812029  0.16122430390972695
  0.16942667934234412  0.17970595016255819  0.57852317062646075  1.00000000000000000
 -0.00181623446834602  0.00755258119345743  0.01682671436680233  0.02600210967879547
  0.03346145274571411  0.03962854340646014  0.04465638541418552  0.05234648033250808
  0.06084328364830942  0.07031145326016089  0.08146452537423343  0.09236839933847410
  0.10138484714899913  0.11087196639622236  0.12196755338203805  0.13384878985459581
  0.14575165332829967  0.15621821901881011  0.16473329226227187  0.17215427737458361
  0.17906204106402207  0.18462899715202166  0.19210793612026955  0.20011859649532132
  0.20586524448623555  0.21204122731017458  0.22162282162174085  0.23262119116417801
  0.24351150289613116  0.25400475384488569  0.26512595517273019  0.27660453723173167
  0.28830373138213022  0.30048680307045839  0.31276616009351904  0.32457051245503682
  0.33603969650354049  0.34763755303917010  0.35963633092220221  0.37195719715172260
  0.38415369572097646  0.39470434991190090  0.40498506027234010  0.41459043299930487
  0.42474568307650601  0.43497466528598216  0.44623301423797179  0.45951100289906610
  0.47374601248100823  0.48647782785472177  0.49929112501643702  0.51042687006158383
  0.52150191525132195  0.53205768536695874  0.54277500084605890  0.55461856580652924
  0.56785574973981823  0.58221201186124261  0.59646679394039037  0.60900546656751497
  0.62058778577457974  0.63164359163305128  0.64186576240626281  0.65162553766402997
  0.66227577940915128  0.67356157420849827  0.68468796871246962  0.69700683112509776
  0.70994216184654568  0.72251068992703082  0.73401971659834186  0.74498521063035739
  0.75577848610235920  0.76622792829650010  0.77620330179744945  0.78523115736587668
  0.79490756860423117  0.80551826744055888  0.81613728712373812  0.82681368621565710
  0.83635920771379479  0.84449151894851093  0.85286436208807903  0.86252018794246277
  0.87192909175242150  0.88191896142863591  0.89349301472515230  0.90485851707350706
  0.91620513804717385  0.92666993973281053  0.93729034248990228  0.95015386171634031
  0.96274127601845738  0.97539793684090159  0.98791584106673080  1.00000000000000000
 -0.00229338804649972  0.00990662047615208  0.01878763551088064  0.02724612686710317
  0.03545254964474584  0.04262922648050397  0.04930487435966896  0.05637847340607982
  0.06643037543833834  0.08003296785006095  0.09417976993052432  0.10539585470952939
  0.11502781099600987  0.12516600228276914  0.13612601876444122  0.14657488092866630
  0.15679427230588242  0.16722016102734583  0.17906542412704649  0.19240818453868352
  0.20564163300340613  0.21973273345455260  0.23207242878297610  0.24351775740808188
  0.25461241204857016  0.26483008460791568  0.27487245967515317  0.28413578858653638
  0.29398538714740274  0.30463811373660010  0.31695255562601277  0.33023773384427257
  0.34076968509693067  0.35169194029205630  0.36143210715201418  0.37091810723501589
  0.37972741595544340  0.38956797285375805  0.39972256543700069  0.41012702464620199
  0.41977495837635798  0.42928035922602203  0.43941907537946434  0.44951627394878002
  0.45819223798642816  0.46735519823413607  0.47739573865677365  0.48877523317082028
  0.50077142226746085  0.51206357227288546  0.52322717343257952  0.53438965772717228
  0.54482442102670270  0.55402832414180558  0.56251563871282650  0.57061105167298909
  0.57910934453032459  0.58965769817651625  0.60249509809841895  0.61587597679656014
  0.62927629347441327  0.64335607186781374  0.65738110609105016  0.66982457827375597
  0.68202294629679250  0.69483954206762655  0.70890278344208335  0.72424017441918243
  0.73659867727143991  0.74818857291562135  0.75707387818559224  0.76385586021620910
  0.77095525977072876  0.77969508816837740  0.79039647098297894  0.80200476808001508
  0.81348533040267457  0.82451038070517302  0.83589572143900071  0.84662154070563589
  0.85663746261814333  0.86627370232716461  0.87679020902375815  0.88508736215635642
  0.89272771675990448  0.90143530066826405  0.91038052188108698  0.91930344814400666
  0.92905789669811889  0.93979078843699804  0.94964385531566198  0.95961955475652527
  0.96958442047359839  0.98030038146500076  0.99070729245650146  1.00000000000000000
 -0.00383627034372846  0.01379289901600018  0.02924449668560072  0.04303494835781177
  0.05559805791874624  0.06757971889985233  0.07898524389915318  0.08869352469513153
  0.09791320857406931  0.10749692652412612  0.11590770869036000  0.12434903890554797
  0.13243367858047769  0.13938264026303984  0.14715915360207873  0.15633738341309089
  0.16531250335754571  0.17342011792455259  0.18073549939879327  0.18888591561649248
  0.19866146624594985  0.20970495518849944  0.22099520810353446  0.23168402164290530
  0.24189439631862686  0.25242355570508718  0.26329973394608985  0.27503625911900753
  0.28774003842191864  0.30111030296779573  0.31376281540697204  0.32467595537050564
  0.33502274978628355  0.34441655605103405  0.35337936048456675  0.36253783334656697
  0.37143775680670849  0.38127717039129250  0.39194877032181363  0.40207400520754255
  0.41114173714858643  0.41904658016927360  0.42656779782776039  0.43400136215572904
  0.44172054405636085  0.44970076494181882  0.45903959900958918  0.46945760304384071
  0.48194559578712010  0.49557189412043290  0.50662104296744748  0.51655099478617827
  0.52652043407958204  0.53714487624370588  0.54753837362608715  0.55855238457896228
  0.57015086295653905  0.58350230801532244  0.59706800336804566  0.60861986320124872
  0.61766150475885628  0.62564011293356758  0.63333639950306253  0.64220925790968408
  0.65197977895882409  0.66341795462645026  0.67666462716563591  0.68946099320010112
  0.70089288634780766  0.71044596450721198  0.71873479613560298  0.72802590971406511
  0.73974578708946592  0.74897923992288118  0.75628727723284972  0.76362484469839287
  0.77304956546812209  0.78358061702887971  0.79417813619149991  0.80527311809591084
  0.81693964545043452  0.82853023034135120  0.83971275276432178  0.85081043473216433
  0.86203974359844215  0.87375866054215356  0.88578606643710101  0.89798347439328363
  0.91058374138653997  0.92401787531911062  0.93808728037615030  0.95171458997968428
  0.96416381656046379  0.97692963460541360  0.98890076614953060  1.00000000000000000
 -0.00168318096406057  0.00707671592548630  0.01662560134439018  0.02620239136618598
  0.03659242089088753  0.04706421059393533  0.05756757844406993  0.06852178353111787
  0.08035436606488262  0.09179386378277546  0.10130993317998445  0.10961099295864726
  0.11730362427299798  0.12749695887049070  0.13999160898417434  0.15244804404468543
  0.16496455130965840  0.17826816340897353  0.19065023788266730  0.20093734462401211
  0.21061920893827835  0.21948829414382393  0.22828997030838763  0.23674848453974404
  0.24487092609359284  0.25264800642604446  0.26260877245565684  0.27521743083814237
  0.28829819739441842  0.30145873956171476  0.31387535326071764  0.32402892301321362
  0.33389058604705463  0.34318960357772627  0.35351577866066730  0.36626693713625891
  0.37886282046663700  0.39012866460821782  0.40062208256545584  0.41123570891843247
  0.42180178113533395  0.43360316057034376  0.44785579545448639  0.46171413485250362
  0.47423817118648215  0.48540155303931165  0.49626341280107900  0.50758238521488619
  0.51886364103120597  0.53056779665725806  0.54170926866911140  0.55313395634423668
  0.56576770634400164  0.57808474761014983  0.58956234217013292  0.60118180051297332
  0.61195400100470398  0.62285835095558117  0.63409144779503379  0.64536066450049645
  0.65531660161112204  0.66264916395768736  0.67012426237171885  0.67892173972807546
  0.68910985077681342  0.69912090797275783  0.70798465503261410  0.71597371843990065
  0.72466074853623919  0.73286866177222554  0.74163326271084973  0.74989734046275713
  0.76000720418476952  0.76822782785393529  0.77833526523869057  0.78917595122217365
  0.80054816382790017  0.81256400709956189  0.82335341173746435  0.83407212058252178
  0.84564093953977038  0.85757560163938007  0.86893651063571375  0.88037498853536711
  0.89213035093356141  0.90325450252288042  0.91167814129266278  0.92132900260902162
  0.93147585039670999  0.93976440545209750  0.94710701985607026  0.95900847530432121
  0.96897606280504556  0.97910490272952044  0.98890386662583385  1.00000000000000000
 -0.00330347956456069  0.01096021042931318  0.02257131995541388  0.03291345911742715
  0.04245055732986226  0.04923548794841012  0.05391057777533620  0.05885083325222192
  0.06323466481414261  0.06955395345082944  0.07827778239676605  0.08624974896208847
  0.09418492134695480  0.10102486147401318  0.10878484161309687  0.11896524145073742
  0.12928778768647184  0.14016884977911628  0.15139739079718695  0.16228836216861720
  0.17276280238604882  0.18272231120503163  0.19286683202690358  0.20226316222857271
  0.21001849185259350  0.21747519758397180  0.22652750238083774  0.23621743381340071
  0.24599388564956171  0.25613001713602418  0.26573780265851177  0.27509263444526361
  0.28432894312577239  0.29503946378515944  0.30650462208954965  0.31693609121727384
  0.32662076627071090  0.33468074753744337  0.34162051045501868  0.34922680514326515
  0.35722096917324458  0.36611810141296192  0.37483371260358744  0.38392880063819274
  0.39309070028091431  0.40321844601109963  0.41330876553425216  0.42453845655576294
  0.43679775805646531  0.45002535783572822  0.46402515055681565  0.47752107712955255
  0.48971370850033752  0.50148417602551720  0.51318736658828812  0.52501261256189391
  0.53737478798519211  0.54895666696493173  0.55947186154376216  0.56932323772500804
  0.57867240845556567  0.58830752999250591  0.59891668531602082  0.60979134015981140
  0.62010611224090995  0.63132870951330688  0.64255243006893170  0.65333922730174254
  0.66422567436973634  0.67558103220775800  0.68821306217845213  0.70227016576121171
  0.71651801410287219  0.73044398270300726  0.74450471369841820  0.75916872059852625
  0.77308064539605703  0.78489577112108067  0.79716177598799198  0.80917208837132215
  0.82207373048110444  0.83577202007672724  0.84794003422477771  0.86025628857638314
  0.87208093416203603  0.88256772743806911  0.89225691055315293  0.90297991623198903
  0.91534300399317681  0.92813119041231562  0.94033818803384783  0.95243436238200063
  0.96488757621453347  0.97761442980363833  0.98890592183625048  1.00000000000000000
 -0.00219546583953359  0.00802673479655900  0.01938411880834368  0.03102928214263065
  0.04416001333822323  0.05722921877796165  0.06922071554314166  0.08083632728265945
  0.09284232627869972  0.10462146396335859  0.11543531910140736  0.12510880914142616
  0.13329233830732984  0.14140219980914145  0.14958531237318839  0.15783166281938299
  0.16571878742080876  0.17354307347692122  0.18294171611214341  0.19350686866930647
  0.20520774914846762  0.21732982926749972  0.22998151772615721  0.24245701528220109
  0.25287871617051849  0.26211288397856680  0.27105964169354607  0.28101162973632743
  0.29287188574212714  0.30463522611440597  0.31625938978987322  0.32786749322266651
  0.33938190991381723  0.35112582404346809  0.36451935688640119  0.37845435977862280
  0.38943391780012793  0.39913108533804681  0.40645381696719218  0.41443775924577247
  0.42335212464037919  0.43278164964825760  0.44268772354338459  0.45262991981602019
  0.46248357413025520  0.47224234379375146  0.48224805419481426  0.49554920451841045
  0.51031466976765649  0.52325333673197427  0.53540323007861401  0.54627690540587526
  0.55767114412616414  0.56808476901896154  0.57857387306433683  0.59002882114580357
  0.60193388013992866  0.61341038618367349  0.62487562730100910  0.63566586280789394
  0.64619972465034159  0.65636721465587244  0.66613662466104540  0.67606706032775843
  0.68590785308232316  0.69493286543345267  0.70327158402927936  0.71051134505695157
  0.71784958689272804  0.72592202691582541  0.73410031788110675  0.74123332282747434
  0.74798511410238788  0.75520473399129529  0.76316953314364078  0.77279889957739545
  0.78613081241397131  0.80035731697502455  0.81348471310468828  0.82602909871427699
  0.83925219259976591  0.85406543856751327  0.86871657247389167  0.88071786211184599
  0.89120556713716192  0.90149409657176427  0.91153545268798453  0.91944874606744598
  0.92748918933188407  0.93640307541038070  0.94736303056941751  0.95935325902051227
  0.97124113885729291  0.98133949304027868  0.99034042625082119  1.00000000000000000
 -0.00152881806053374  0.00580999279890299  0.01480432287230989  0.02336777711210879
  0.03222504643045450  0.04233163379721451  0.05468444177407555  0.06827818071397097
  0.07982426179857895  0.08987552733981355  0.09879114562979550  0.10845055824927338
  0.11975660927702214  0.13126303208260282  0.14330322129660333  0.15548648756255451
  0.16728699873826713  0.17838046144216199  0.18754701038380456  0.19742043026384234
  0.20923360943529079  0.22045674471165916  0.23057188070625501  0.24044103757971955
  0.25111421753201685  0.26233324976139200  0.27354334883486986  0.28483790731332620
  0.29520098018602120  0.30562131497422518  0.31684687534024480  0.32766419949568526
  0.33779881535228096  0.34748049383067064  0.35806461834472336  0.37083222416688444
  0.38230593784467659  0.39186462918582177  0.39984051693284195  0.40805872623628631
  0.41610229413771194  0.42441510069103650  0.43333596776329764  0.44342628738165796
  0.45546624784187367  0.46618142599565549  0.47660366672687687  0.48773687093064955
  0.49798731687944997  0.50701032747301455  0.51554249898825832  0.52465384436506723
  0.53315790240006611  0.53999189236088163  0.54681332810718686  0.55439994043687446
  0.56414110265081785  0.57698972602028598  0.59015806590732434  0.60181354976713242
  0.61277943624284026  0.62395735706188593  0.63624615024206965  0.64752824094108907
  0.65604300008178107  0.66451656869591114  0.67386218659911468  0.68405720294237704
  0.69497976181140098  0.70659075941339544  0.71818419842116898  0.72906220878049366
  0.73993389926075925  0.75132672277933210  0.76293975849428219  0.77488546276451931
  0.78634765641318727  0.79793561873052621  0.80928943632902228  0.82058059250802395
  0.83250149352459246  0.84342702925345492  0.85292736838283123  0.86097325150115889
  0.86858554517432074  0.87754201536877063  0.88914255318615310  0.90380444982865416
  0.91914746434424577  0.93375662853895280  0.94448049575872883  0.95591781390683794
  0.96817381384614742  0.97982016166355090  0.99032962781920775  1.00000000000000000
 -0.00249566091747496  0.00902030029907004  0.01870951456783544  0.02805521416885939
  0.03809196110446758  0.04870680796252549  0.06075934489525544  0.07435224720708969
  0.08664669813810898  0.09687998677553851  0.10554603475631834  0.11429096311254291
  0.12293331546479418  0.13254732131153596  0.14333223906312212  0.15473718027932262
  0.16554034559829581  0.17493269246514745  0.18373730756624168  0.19436678371617627
  0.20653992207168456  0.21802198078985424  0.22942898763337616  0.24095309268850354
  0.25323136487489534  0.26680957606471428  0.28090006772520887  0.29467852096714636
  0.30793483829865576  0.32062365652087216  0.33385438692971248  0.34749033682766040
  0.36178153248873890  0.37581408820755507  0.38898934972363514  0.40092976724928470
  0.41199078786740367  0.42236969912114097  0.43128978861598632  0.43932055443081930
  0.44820209722109822  0.45782906232455056  0.46774431150013024  0.47655977373112063
  0.48520013312635607  0.49425924457283477  0.50406151900130791  0.51476791018158363
  0.52686072137072748  0.53863414765719253  0.54684772567899786  0.55323612436972303
  0.56038091497666787  0.56767052160659637  0.57412596492600210  0.58161749505709648
  0.58941130451386226  0.59672628394721527  0.60436009178367978  0.61377725865756816
  0.62477413245467017  0.63563361116506245  0.64588796585604258  0.65718077002154351
  0.66809187217840560  0.67927071221335289  0.69098435830102856  0.70220027413374719
  0.71433138303218136  0.72795702669428519  0.73994352978317224  0.75135867517230415
  0.76266320237691565  0.77373329852049777  0.78418651762981206  0.79446058445312073
  0.80547489163181052  0.81584011088000297  0.82502056353933395  0.83556350837809246
  0.84669629961154891  0.85785623614604656  0.86961335633322723  0.88110488288193345
  0.89034552063527406  0.90020357314290300  0.90862766706536069  0.91529028825953940
  0.92394192540242115  0.93327755314945104  0.94250332476738130  0.95219354330148853
  0.96444862498165973  0.97774617655144425  0.98955644415677912  1.00000000000000000
 -0.00226507176710241  0.00894411996624295  0.02070254769964405  0.03126580063632691
  0.04273721366038860  0.05422270014277476  0.06445793808841729  0.07396051193130425
  0.08337908475024343  0.09302665514754195  0.10418688796562948  0.11633383075821274
  0.12863320241518067  0.14062216261248114  0.15175268493136457  0.16172592053796062
  0.17025431854212572  0.17753221416340634  0.18556376801184463  0.19525280171118872
  0.20620575933373142  0.21776142358625181  0.22831855971326037  0.24021011305387832
  0.25294736535660378  0.26415139261633369  0.27451888548491293  0.28435176279510471
  0.29429730928139269  0.30427708641604562  0.31375949294353622  0.32202110104423659
  0.33154259741395997  0.34366254841806765  0.35421206899904739  0.36235809932082302
  0.37253401692628157  0.38527311861702479  0.39550525153801736  0.40356732842786325
  0.41171552206392154  0.41936711343522187  0.42589061553915614  0.43571829820303387
  0.44333415114807262  0.44984291069755633  0.45831871165625226  0.46962357692491508
  0.48226497168645588  0.49488839129514889  0.50755537559290731  0.52062680901831482
  0.53378173810359275  0.54655911725448769  0.55871247176799055  0.56989985033176604
  0.58243046147481536  0.59434280928052974  0.60665946264894455  0.61733256861386065
  0.62697888881187047  0.63654862856743488  0.64664206205658314  0.65682362208597600
  0.66781813060920658  0.67824548023416786  0.68813728780188976  0.69979520655425864
  0.71173862947276589  0.72374900806139419  0.73681729806792595  0.74981704292019025
  0.76213621294046141  0.77451875067488818  0.78648575726540471  0.79776593711458088
  0.80932514824367530  0.82082592972655621  0.83084490620802687  0.83918837351308750
  0.84783585097350100  0.85672352350549585  0.86552451785692974  0.87610360776439200
  0.88799766289483251  0.90071332553344197  0.91372137178235957  0.92467909748451149
  0.93394866999325421  0.94263787685830625  0.95111044376992404  0.96012390579245199
  0.96935062638901048  0.97788531616756358  0.98835715246831191  1.00000000000000000
  0.07080960754196945  0.07264309140527477  0.07439696729725204  0.07566180613789965
  0.07668395820884706  0.07744422354754024  0.07828488534268639  0.07914988418586530
  0.07980723944039170  0.08037623810957378  0.08089006294402802  0.08128278344443109
  0.08169171218471097  0.08215774170519645  0.08269139780945202  0.08337120207018607
  0.08429929067524077  0.08555398054199269  0.08713266205495591  0.08876906509720070
  0.09032392553936025  0.09183914790374159  0.09325548912859705  0.09451724525178423
  0.09571279482532992  0.09693801416730004  0.09816744886014857  0.09942334835920871
  0.10071454360801917  0.10203310613067974  0.10330772073573720  0.10452034740450776
  0.10577823091745073  0.10703481756648624  0.10837293598184521  0.10968880665747334
  0.11102184921844509  0.11234644154251323  0.11362873740333045  0.11500284641206339
  0.11652572032712478  0.11811600421811189  0.11930355884373001  0.12037037452878538
  0.12140661895769733  0.12249449002773194  0.12377118267054324  0.12525815245824756
  0.12680042466239083  0.12838092760697972  0.12987507941067136  0.13117501480529647
  0.13241001521262716  0.13361491151974622  0.13490136729663776  0.13638046105115295
  0.13813062657889527  0.14019650468441511  0.14252332276733634  0.14483378530408350
  0.14710428699317774  0.14933062904620881  0.15134310496498998  0.15337588387292617
  0.15553426626819908  0.15779077318433088  0.16017983440568814  0.16280791278287396
  0.16511276717433787  0.16786916637623955  0.17079783753627711  0.17431263570321645
  0.17837667060114168  0.18266936591812569  0.18713741887449836  0.19227807065964495
  0.19691183403924822  0.20130654381356480  0.20562301052371235  0.21044883397176165
  0.21557700838890814  0.22163501233412647  0.22822109105964661  0.23424763545276495
  0.24005854654421027  0.24475608560375620  0.25168950954551250  0.26090970209412839
  0.27038120595159759  0.28018964013652037  0.29141445384905967  0.31231855904018607
  0.34061619043554209  0.37295028966249777  0.73157685995838140  1.00000000000000000
 -0.00227106464475084  0.00928270642399972  0.01625465889230780  0.02369260303537309
  0.03320185453833305  0.04504999517207757  0.05464046462522581  0.06167569924572103
  0.07145848561191516  0.08123953551081291  0.08991696687597432  0.10075263039641812
  0.11196136835682535  0.12179766166498185  0.13223432913892644  0.14321377289420659
  0.15405568222459073  0.16456836121422508  0.17577287049881721  0.18847859243900361
  0.20164575545324162  0.21293189559452019  0.22387133007192861  0.23552539618425217
  0.24786456438697640  0.25975588969045721  0.27067216701719593  0.28158257434917355
  0.29259879335980826  0.30437392984611172  0.31745434958553798  0.33050753145033152
  0.34192239280523207  0.35179991018545681  0.36083292623176594  0.36983465998270409
  0.37956789105956423  0.39066440463496088  0.40177348133244323  0.41226843710277783
  0.42400857464520919  0.43636419768124596  0.44757881634008251  0.45599888932559579
  0.46289388965870182  0.47027301170635005  0.47958609081247311  0.48869354979295060
  0.49808954914838555  0.50912225021687907  0.52145209083004096  0.53274137795228005
  0.54276789870472986  0.55194500662287704  0.56101779657650386  0.57082138505797364
  0.58098161040323448  0.59155864757885912  0.60201383644101147  0.61207624206104061
  0.62294837684001747  0.63377397242281230  0.64591820024510793  0.65838981726071177
  0.67010823703761846  0.68108418226097589  0.69160958528693495  0.70148898295689555
  0.71141545138334639  0.72172208396227455  0.73353004937198574  0.74722258302680822
  0.76026481262661982  0.77262135654346031  0.78482764011137540  0.79570807667004917
  0.80483086799860204  0.81330484317824958  0.82216387630761845  0.83114309260387420
  0.84170822640562326  0.85276748002261105  0.86588001590691466  0.88043256896766797
  0.89515781751157564  0.90936959889206503  0.92249098715224309  0.93452325443878015
  0.94485480167460667  0.95314474787311987  0.96066757167928873  0.96900606433308389
  0.97777156544754862  0.98621736031165141  0.99336660469750004  1.00000000000000000
  0.12529647858599474  0.38899637192481934  0.43468108606617162  0.45750140663622513
  0.47132410931946894  0.48523305350193030  0.50446759193687973  0.52263720421297155
  0.53702201087478030  0.54964078860211107  0.56204489770569988  0.57318348527261131
  0.58283441742751174  0.59191269100073574  0.60048122715545471  0.60835438963835098
  0.61612905542675678  0.62368112761418582  0.63132318023561740  0.63841316679895721
  0.64401372144388591  0.64845211563068006  0.65294931930068445  0.65814914610168762
  0.66256668104965144  0.66694880502090081  0.67159739592153211  0.67596222936642159
  0.68030080109443514  0.68462002977671266  0.68855365161924409  0.69220200438545665
  0.69628228163511519  0.70006904581116070  0.70330671000989109  0.70686710357637428
  0.70957331343748420  0.71268712221240826  0.71572110129586752  0.71856290159987579
  0.72257643904844859  0.72654557453747226  0.73078112423015729  0.73469756991192281
  0.73780626102083013  0.74062992474032019  0.74367753911260326  0.74718962587868754
  0.75066280448870226  0.75331795834992499  0.75600052739516599  0.75862481673481652
  0.76152850793827598  0.76477716775149407  0.76771588846582572  0.77177225241637937
  0.77606033086480708  0.78037939763875974  0.78430971149104245  0.78786229117952411
  0.79133910004833707  0.79483886768876233  0.79822622126973652  0.80154402759554400
  0.80462995749173050  0.80729144812819886  0.80975140596640949  0.81257418566753281
  0.81572558323454825  0.81931069249719746  0.82302858617088825  0.82653304883215439
  0.83015611475118178  0.83395840735933502  0.83738782101902298  0.84055013659443945
  0.84372416571646969  0.84676495015939990  0.84976050826425042  0.85264485777543952
  0.85624197361946086  0.86034365375791966  0.86424509185121501  0.86830274002411556
  0.87271528081906558  0.87728543407459147  0.88192009593454712  0.88677255421013368
  0.89188992790216526  0.89737290017420956  0.90375473985796939  0.91125907975351850
  0.91920758871801644  0.92851889291017153  0.94475454245902335  1.00000000000000000
   3.9656260064034605E-011  -1.0000000000000000     
 F F F F F F F F F F F F F F F F F F F F F F F F F F F F F F F F F F F F F F F F F F F F F F F F F F F F F F F F F F F F F F F F F F F F F F F F F F F F F F F F F F F F F F F F F F F F F F F F F F F F F F F F F F F F F F F F F F F F F F F F F F F F F F F F F F F F F F F F F F F F F F F F F F F F F F F F F F F F F F F F F F F F F F F F F F F F F F F F F F F F F F F F F F F F F F F F F F F F F F F F F F F F F F F F F F F F F F F F F F F F F F F F F F F F F F F F F F F F F F F F F F F F F F F F F F F F F F F F F F F F F F F F F F F F F F F F F F F F F F F F F F F F F F F F F F F F F F F F F F F F F F F F F F F F F F F F F F F F F F F F F F F F F F F F F F F F F F F F F F F F F F F F F F F F F F F F F F F F F F F F F F F F F F F F F F F F F F F F F F F F F F F F F F F F F F F F F F F F F F F F F F F F F F F F F F F F F F F F F F F F F F F F F F F F F F F F F F F F F F F F F F F F F F F F F F F F F F F F F F F F F F F F F F F F F F F F F F F F F F F F F F F F F F F F F F F F F F F F F F F F F F F F F F F F F F F F
  <DiscreteSampler_grid>
  grouped_processes
  1 # 1 for a reference and 2 for a running grid.
  10 # Attribute 'min_bin_probing_points' of the grid.
  1 # Attribute 'grid_mode' of the grid. 1=='default',2=='initialization'
  0.0000000000000000 # Attribute 'small_contrib_threshold' of the grid.
  0.5000000000000000 # Attribute 'damping_power' of the grid.
 # binID   n_entries weight   weight_sqr   abs_weight
    10   10   5.864581839235755E-002   3.236794429749030E-002   5.864581839235755E-002
  </DiscreteSampler_grid>
