  0.00002390768791378  0.00003842821232635  0.00004771015049036  0.00005717375705194
  0.00007990827143107  0.00008950082745702  0.00009718274296501  0.00010467345230086
  0.00011233089586686  0.00012244401920163  0.00013699670506633  0.00015708429479686
  0.00018030354974556  0.00024098420644957  0.00025393514761384  0.00026741772787935
  0.00028183267183771  0.00029674803007647  0.00031279247091572  0.00037120951807132
  0.00041504146028145  0.00044098582521014  0.00046908353471099  0.00049796070755415
  0.00053020890660573  0.00056454178929673  0.00060537448630252  0.00064944254735545
  0.00069573790840753  0.00074632402281468  0.00087499418874491  0.00091858400156296
  0.00096379188187891  0.00101230918274204  0.00105944508828766  0.00109644336003192
  0.00113344163177619  0.00117043990352046  0.00121947900194932  0.00126990794176461
  0.00131859280201203  0.00136242190462030  0.00140625100722857  0.00145008010983684
  0.00149831228565333  0.00154707052845998  0.00159582877126663  0.00164745604637279
  0.00170172602788617  0.00175599600939956  0.00181367441135339  0.00189100722879650
  0.00196834004623962  0.00365349230514109  0.00545016802462343  0.00572829456316914
  0.00602366766128346  0.00633323423375228  0.00665718143521681  0.00700174209199982
  0.00812346122823314  0.00840755958262786  0.00869165793702258  0.00897575629141731
  0.00929099429666210  0.00960720775214130  0.00992342120762049  0.01026672349099940
  0.01061868240902667  0.01097064132705394  0.01142292773580216  0.01195862827711907
  0.01250627733061687  0.01310253463605883  0.01369879194150080  0.01421009586773839
  0.01470624278518707  0.01520238970263576  0.01585780386013940  0.01657925653351387
  0.01732534621808591  0.01812835348399735  0.01893136074990879  0.02854440622673525
  0.03259515263064415  0.03563084052521866  0.03797599980704302  0.04017784165746798
  0.04234848933975571  0.04451824028605966  0.04671375752910732  0.04891293484758026
  0.06478819845677057  0.06478819845678058  0.06478819845679058  1.00000000000000000
  0.03885811169942228  0.08636263806275608  0.08939194279217889  0.09242124752160172
  0.09545055225102454  0.09847985698044735  0.10150916170987018  0.10461189101776633
  0.10823943555044142  0.11186698008311652  0.11549452461579161  0.11912206914846671
  0.12274961368114180  0.12667610389850761  0.13109109519887183  0.13550608649923604
  0.13992107779960025  0.14433606909996444  0.14991164345715224  0.15608278397283790
  0.16225392448852358  0.16831839397566220  0.17411516999607848  0.17991194601649477
  0.18570872203691105  0.19367293779327571  0.20260644300622252  0.21153994821916938
  0.22047345343211630  0.22963022463459037  0.24686424780333752  0.26409827097208466
  0.28133229414083194  0.29713686676591167  0.31080039266412657  0.32395278434882108
  0.33626088443924373  0.34661215168826448  0.35735948068182694  0.36917664142736323
  0.38118346855982738  0.39337456860427572  0.50192177017585615  0.51078831053634666
  0.51965485089683727  0.52627841446060597  0.53255815793527850  0.53883790140995103
  0.54425738306230320  0.54897170849489230  0.55368603392748128  0.55840035936007038
  0.56317653361378983  0.56836520862182405  0.57355388362985826  0.57874255863789248
  0.58400023295582082  0.58978769506477979  0.59557515717373877  0.60136261928269774
  0.60937899259291162  0.61949027164004022  0.62960155068716883  0.63971282973429744
  0.67325952233469444  0.69694319120224124  0.72062686006978827  0.73462438162072052
  0.74315976786730731  0.75167617126351749  0.76011597566377131  0.76855578006402503
  0.77699558446427885  0.78543538886453268  0.79698765547566597  0.85420025515174025
  0.86167554225276100  0.86915082935378185  0.87662611645480271  0.88410140355582356
  0.89157669065684431  0.89905197775786516  0.90652726485888613  0.91400255195990698
  0.92038929550757786  0.92617327435430241  0.93195725320102685  0.93774123204775139
  0.94352521089447594  0.94930918974120038  0.95509316858792492  0.96087442086362329
  0.96665220018926989  0.97242997951491661  0.97820775884056332  1.00000000000000000
  0.08661830027898143  0.10251641715397347  0.12259274751454918  0.14721491645294663
  0.16600818755684715  0.18480145866074749  0.20359472976464782  0.33476969131738976
  0.34971203040325810  0.36465436948912633  0.37780706420314031  0.38693187698489800
  0.39607213213200293  0.40582781410613222  0.41558349608026152  0.42250101731205653
  0.42906406080399662  0.43562710429593671  0.44186520547742375  0.44797354890183350
  0.45408189232624324  0.46019023575065299  0.46629857917506284  0.47240692259947265
  0.47851526602388250  0.48663173774293167  0.49498792171740813  0.50256188833938220
  0.50896348334216446  0.51536507834494660  0.52152464868303372  0.52626624426420598
  0.53100783984537836  0.53574943542655062  0.54049103100772289  0.54523262658889515
  0.54997422217006742  0.55471581775123968  0.55945741333241195  0.56479577776096102
  0.57120283637006630  0.57760989497917159  0.58565722612463533  0.60743732583273591
  0.62638471631836634  0.63353582288549537  0.64068692945262440  0.64785130576386618
  0.65504974770641577  0.66224818964896537  0.66873164057656609  0.67407868458795828
  0.67942572859935046  0.68477277261074276  0.69082555681887992  0.69761301610999848
  0.70440047540111705  0.71118793469223562  0.71797539398335419  0.72476285327447287
  0.73096633205389905  0.73609090007760813  0.74121546810131711  0.74634003612502620
  0.75149409623399910  0.75672185541500914  0.76194961459601918  0.76717737377702910
  0.77240513295803914  0.77763289213904929  0.78286065132005933  0.78808841050106937
  0.79426868942092677  0.80251526321659628  0.81076183701226578  0.81900841080793529
  0.82725498460360480  0.83550155839927431  0.84374813219494393  0.85199470599061344
  0.86178415305019629  0.87212525006531827  0.88074784709802656  0.88870877415223404
  0.89666970120644163  0.90463062826064922  0.91259155531485681  0.92069432368942050
  0.92894584311627482  0.93719736254312913  0.94639290267677367  0.95562438447202747
  0.96087753952584098  0.96447840952333319  0.96768814722696939  1.00000000000000000
   3.5501724600787321E-010  -1.0000000000000000     
 F F F F F F F F F F F F F F F F F F F F F F F F F F F F F F F F
  <DiscreteSampler_grid>
  grouped_processes
  1 # 1 for a reference and 2 for a running grid.
  10 # Attribute 'min_bin_probing_points' of the grid.
  1 # Attribute 'grid_mode' of the grid. 1=='default',2=='initialization'
  0.0000000000000000 # Attribute 'small_contrib_threshold' of the grid.
  0.5000000000000000 # Attribute 'damping_power' of the grid.
 # binID   n_entries weight   weight_sqr   abs_weight
    13   10   1.839685111536557E+005   2.733917131677388E+011   1.839685111536557E+005
    16   10   4.167246047315115E+006   1.402802870207460E+014   4.167246047315115E+006
  </DiscreteSampler_grid>
