 -0.00000219998375464  0.00000987740078161  0.00002943220073787  0.00003398045610269
  0.00003852871146750  0.00004307696683231  0.00004751316368264  0.00005159949157957
  0.00005568581947651  0.00005977214737344  0.00006367121361209  0.00006732006368185
  0.00007096891375162  0.00007461776382138  0.00008129390512429  0.00008993362649511
  0.00009782160255796  0.00010222589754587  0.00010530105032443  0.00010837620310298
  0.00011146798852040  0.00011489076331368  0.00011831353810695  0.00012173631290023
  0.00012427620450722  0.00012532474808724  0.00012637329166725  0.00012742183524726
  0.00012847037882727  0.00012951892240729  0.00013056746598730  0.00013161600956731
  0.00013266455314733  0.00013371309672734  0.00013476164030735  0.00013581018388736
  0.00013685872746738  0.00013790974634893  0.00013911463889530  0.00014031953144167
  0.00014152442398804  0.00014272931653441  0.00014393420908078  0.00014513910162715
  0.00014634399417352  0.00014754888671989  0.00014875377926626  0.00014995867181263
  0.00015116356435900  0.00015236845690537  0.00015358411276497  0.00015492520900744
  0.00015626630524990  0.00015760740149236  0.00015894849773482  0.00016028959397729
  0.00016163069021975  0.00016297178646221  0.00016431288270468  0.00016565397894714
  0.00016699507518960  0.00016833617143206  0.00016967726767453  0.00018577906029719
  0.00033283131714617  0.00045118322179993  0.00045793464741950  0.00046468607303908
  0.00047143749865865  0.00047818892427823  0.00048494034989780  0.00049169177551738
  0.00049844320113695  0.00050461964992434  0.00051079029876641  0.00051696094760847
  0.00052313159645054  0.00052930224529260  0.00053547289413467  0.00054164354297673
  0.00054781419181879  0.00055398484066086  0.00091600935622962  0.00163995938079602
  0.00294040864893305  0.00526043038077899  0.00943744402322465  0.01689249441478904
  0.02388261807285343  0.02388261807286342  0.02388261807287342  0.02388261807288342
  0.02388261807289342  0.02388261807290342  0.02388261807291342  1.00000000000000000
  0.01133733590443925  0.01316236300195850  0.01498739009947775  0.01681241719699701
  0.01863744429451625  0.02046247139203550  0.02453460479529729  0.02917982730283628
  0.03382504981037526  0.03847027231791424  0.07483933506155503  0.14654792052440721
  0.14869705806016242  0.15084619559591761  0.15299533313167279  0.15514447066742801
  0.15729360820318319  0.15944274573893841  0.16159188327469359  0.16374102081044881
  0.16589015834620399  0.16803929588195918  0.17018843341771436  0.17233757095346952
  0.17448670848922471  0.17663584602497989  0.17878498356073505  0.18093412109649024
  0.18308325863224542  0.18523239616800058  0.18738153370375576  0.18953067123951095
  0.19167980877526611  0.19382894631102129  0.19597808384677648  0.19812722138253164
  0.20027635891828682  0.20242549645404201  0.20457463398979717  0.20672377152555235
  0.23503622211052036  0.30081975945020878  0.32039652966145127  0.33997329987269381
  0.38341397701943125  0.45885993360790472  0.46064144131959561  0.46242294903128650
  0.46420445674297739  0.46598596445466828  0.46776747216635917  0.46954897987805005
  0.47133048758974094  0.47311199530143183  0.47489350301312272  0.47667501072481361
  0.47845651843650450  0.48023802614819538  0.48201953385988627  0.48380104157157716
  0.48558254928326799  0.48736405699495888  0.48914556470664977  0.49092707241834066
  0.49270858013003149  0.49449008784172238  0.49627159555341327  0.49805310326510410
  0.49983461097679499  0.50161611868848588  0.50339762640017671  0.50517913411186766
  0.50696064182355849  0.50874214953524932  0.51052365724694027  0.51230516495863110
  0.51408667267032193  0.51586818038201288  0.51764968809370371  0.51943119580539465
  0.54348215119088317  0.64984012396256730  0.67042423623332248  0.67488800366512147
  0.67935177109692058  0.68381553852871957  0.68816955085782372  0.69200465473807293
  0.69583975861832226  0.69967486249857158  0.70350996637882091  0.70734507025907012
  0.78728405445662031  0.89364202722830444  0.95903784434000638  1.00000000000000000
  0.00371384223302210  0.01924481499412925  0.03247639278502038  0.04549481571553691
  0.05863196560610481  0.07176911549667273  0.09578659142203258  0.14836293661463185
  0.15323856052725110  0.15811418443987038  0.16298980835248963  0.16786543226510889
  0.17274105617772811  0.17761668009034731  0.18249230400296654  0.18736792791558574
  0.19126795671799271  0.19514082256647472  0.19901368841495676  0.20288655426343877
  0.20675942011192078  0.21133826582332862  0.21640044078094470  0.22146261573856077
  0.22652479069617681  0.23158696565379286  0.23664914061140888  0.24171131556902489
  0.24677349052664091  0.28771642944677422  0.39172621024484805  0.47955756820053913
  0.48201135460295635  0.48446514100537358  0.48691892740779080  0.48937271381020803
  0.49182650021262525  0.49428028661504247  0.49673407301745970  0.49918785941987692
  0.50164164582229420  0.50409543222471143  0.50654921862712865  0.50900300502954587
  0.51145679143196310  0.51391057783438032  0.51636436423679755  0.51881815063921477
  0.52127193704163199  0.52372572344404922  0.52617950984646655  0.52863329624888378
  0.53108708265130100  0.53354086905371834  0.53599465545613556  0.53844844185855278
  0.54090222826097001  0.61327384268552421  0.71728362348359809  0.77151737998899916
  0.77292735705352433  0.77433733411804950  0.77574731118257467  0.77715728824709973
  0.77856726531162490  0.77997724237615007  0.78138721944067524  0.78279719650520030
  0.78420717356972547  0.78561715063425064  0.78702712769877581  0.78843710476330087
  0.78984708182782604  0.79125705889235121  0.79244845563046284  0.79355035321872291
  0.79465225080698310  0.79575414839524317  0.79685604598350324  0.79795794357176331
  0.79905984116002349  0.80016173874828356  0.80126363633654363  0.80236553392480370
  0.80346743151306388  0.80456932910132395  0.80567122668958402  0.80677312427784409
  0.80787502186610416  0.80897691945436434  0.81007881704262441  0.81118071463088448
  0.81228261221914455  0.89599021920192545  0.92624712387720742  1.00000000000000000
   1.5997609178626949E-007  -1.0000000000000000     
 F F F F F F F F F F F F F F F F
  <DiscreteSampler_grid>
  grouped_processes
  1 # 1 for a reference and 2 for a running grid.
  10 # Attribute 'min_bin_probing_points' of the grid.
  1 # Attribute 'grid_mode' of the grid. 1=='default',2=='initialization'
  0.0000000000000000 # Attribute 'small_contrib_threshold' of the grid.
  0.5000000000000000 # Attribute 'damping_power' of the grid.
 # binID   n_entries weight   weight_sqr   abs_weight
    10   10   2.147947498792938E+009   2.072498993958836E+019   2.147947498792938E+009
  </DiscreteSampler_grid>
