  0.00271989041537748  0.01459309851506093  0.02379659502187036  0.03138118809447806
  0.03907960374248184  0.04708563010143669  0.05753159259332809  0.06768052098075475
  0.07594957052011604  0.08519993518677213  0.09614235527619075  0.10930376788914058
  0.12385411874856386  0.13949850035725950  0.15372869858322574  0.16654917467812361
  0.17954961016053048  0.19198080039717486  0.20500330924832560  0.21758465667288562
  0.22567773150313231  0.23366855876603621  0.24131527907232278  0.24901102106656417
  0.25532137012459932  0.26392974806065783  0.27402513064940648  0.28434207708757492
  0.29527031686226934  0.30518714426679178  0.31380303937186083  0.32280691551129681
  0.33420315286927244  0.34758129833912588  0.36137318031075594  0.37446235100680070
  0.38841949244396051  0.40317344284082113  0.41731836374711484  0.43010886301949885
  0.44069335060177811  0.44764498295353317  0.45839723994198173  0.46784980246726193
  0.47644426498915710  0.48574524281555020  0.49588592217205429  0.50801987222639189
  0.51899452232970145  0.52748260750505582  0.53473590046118957  0.54147841247135042
  0.54820855071442542  0.55382272385798548  0.56112732938222176  0.56959003165662603
  0.57948213728745102  0.58900689822833918  0.59819403238742475  0.60814601614098207
  0.62079962580230763  0.63236480762636882  0.64456703782916969  0.65805507598084623
  0.67104391925837448  0.68372437336378544  0.69678695314085481  0.71089243871103969
  0.72505271476189193  0.73738057946181124  0.74847926439189416  0.76018488240276805
  0.77193066787125753  0.78246147718026871  0.79186793458771088  0.80096537984720373
  0.81011131725325192  0.81914069684069191  0.82961219071631875  0.84002427584816064
  0.84941587569451771  0.85782408907753760  0.86535017835970052  0.87422121086480287
  0.88368527158229160  0.89438589697828330  0.90206762021890063  0.90829904120797000
  0.91448161632803482  0.92181204853076626  0.92996026518176444  0.94008712775769077
  0.95154316590687005  0.96483816797391531  0.98196382664158977  1.00000000000000000
  0.00848174992814634  0.00877646294025206  0.00972299634921919  0.01087750869904046
  0.01203217675665326  0.01316443340244693  0.01429849032804582  0.01564375481084071
  0.01720510643311391  0.01909821230066910  0.02139702490628913  0.02440334721122584
  0.02880373069238690  0.03348756582121692  0.03835898069399836  0.04397787386343543
  0.05126937810746827  0.05953702796315506  0.06823364105674774  0.07878215944772772
  0.09169255378012683  0.10553395868930363  0.11931912195284308  0.13315624658763783
  0.14795660016182421  0.16404402198494208  0.17882821499731716  0.19349229317917988
  0.20997750465622156  0.22672875734489215  0.24178610854016536  0.25499176684227082
  0.27416097671277884  0.29405233725166918  0.31300504419457814  0.32857770033293732
  0.34477208379504376  0.36202319963933133  0.37915096310979746  0.39632485617181734
  0.41540661437560011  0.43405978897066422  0.45171735392189044  0.47110656017755698
  0.48983965558042264  0.50408904984442582  0.51678259850143871  0.52820842337668972
  0.54175718184633903  0.55842911147317476  0.57498024828701699  0.58898418151889431
  0.60149783118395905  0.61534302578372502  0.62942101187221733  0.64630477406771336
  0.66222866098537669  0.67657949766903347  0.69195112251811597  0.70891796793536022
  0.72889810675533773  0.75018066093399094  0.76877886633338732  0.78899191541148483
  0.80998285939663694  0.83015265272966421  0.84737356284510845  0.86278048037685351
  0.87704217830662923  0.89018111154749291  0.90191688437166972  0.91304285398733964
  0.92331130002288897  0.93140528215348362  0.93891339402555529  0.94707459840331476
  0.95459220361833441  0.96021671377451834  0.96448205683226906  0.96879240131789734
  0.97285519434501633  0.97520374853872760  0.97748240710851475  0.97945769039407804
  0.98098216166259578  0.98234378136253853  0.98345769617205092  0.98448987990947467
  0.98571122490799057  0.98701970817626905  0.98808059512628243  0.98877695915820896
  0.98939010816612971  0.98983314864704397  0.99011462463282984  1.00000000000000000
  0.00244538703540974  0.01396986447088131  0.02549099451619167  0.03797896261422812
  0.05253326044476729  0.06844834247274983  0.08260542829677732  0.09531983537359871
  0.10737861453277979  0.11830330158917030  0.12876667213030926  0.14028630855815433
  0.15206592154802309  0.16098523792327196  0.16900696138793614  0.17800707819809819
  0.18648291441441520  0.19299638890139592  0.20028055901089614  0.21174302244706220
  0.22661626001385618  0.24211773103786655  0.25397759049167062  0.26453631672027045
  0.27476984785900727  0.28480081331549539  0.29435030330659079  0.30368486091842145
  0.31245899423015222  0.32130041638329776  0.33052534169072872  0.34113496127914594
  0.35306934768423148  0.36487762202008178  0.37670295291828942  0.38987289603364167
  0.40117418429973212  0.41251554701783955  0.42424354179465024  0.43638838911845595
  0.44888131702937883  0.45834082356711009  0.46596038412925561  0.47450645629066401
  0.48396570107479137  0.49480987796636722  0.50479223589592270  0.51255811652594052
  0.52008849371462129  0.52823045768890842  0.53671638860505289  0.54660331304244059
  0.55526283276970012  0.56274986900621127  0.56933162057019726  0.57503430990892190
  0.58461887190927264  0.59287579222739439  0.60112276198275405  0.60876601766986949
  0.61541595464714760  0.62279416203010673  0.62949565575464694  0.63843587638329657
  0.64882223609662537  0.65970132407144710  0.67105303587518472  0.68381819121592591
  0.69760240923787409  0.71317977765869667  0.72834172309978695  0.74303424656611594
  0.75611542981033775  0.76786829500772524  0.77933476360044207  0.79057078399950442
  0.80257804451135606  0.81382669454932977  0.82489123264341502  0.83583796960449319
  0.84660913944864635  0.85788632825543332  0.86864469619500528  0.88096400966919597
  0.89514353117158507  0.90889794412110647  0.92107005173178480  0.93113212278655344
  0.93751083914457800  0.94339338841092069  0.95071185997499508  0.95856098684833024
  0.96626616087750716  0.97593287684725194  0.98752433959334773  1.00000000000000000
  0.00842466797718025  0.00908890268675269  0.00999564693368656  0.01106390470955039
  0.01231792717861235  0.01376034810109599  0.01536566807416327  0.01715247358562971
  0.01916372874363465  0.02144373120774137  0.02407858319880310  0.02728411525931470
  0.03142649079258632  0.03674532082786792  0.04419714522090871  0.05506450155696471
  0.06772437645423898  0.07990983244198423  0.09212654589316528  0.10715891099137397
  0.12387977922489661  0.14147490047652719  0.16002542806884601  0.17690441793804113
  0.19457203054050981  0.20574137862220784  0.21254852437969843  0.21949803063937251
  0.23109277622157659  0.25045429526415286  0.27456502788735299  0.31135426078979000
  0.33449129478711465  0.35090775464927187  0.36594049079924440  0.37983117109132075
  0.39571397914531065  0.41498937063281949  0.43506849651855728  0.45876460890505733
  0.48108054685679630  0.50114975932761263  0.51863230274837668  0.53333634795492446
  0.54942427881631029  0.56659016340019819  0.59393671128232184  0.62367785534529008
  0.64860514627582511  0.66732868871788875  0.68424097713179233  0.70641117327169323
  0.73048476275912322  0.75201543857468744  0.76971253338892043  0.78587568249739759
  0.80033683327616434  0.81395723453660063  0.82950983499120201  0.84665212112239996
  0.86393847670553592  0.87950069589588065  0.89074327400622111  0.90433888920375782
  0.91841407298804467  0.93119043436431714  0.94176059324931272  0.95041441505107405
  0.95676982881750816  0.96136679387556789  0.96481958772395726  0.96757002972001882
  0.97031824537888856  0.97299848229419694  0.97536786335372494  0.97748973501613456
  0.97928237070216040  0.98048496053761602  0.98126744040998837  0.98201497508048929
  0.98289328037427626  0.98362110730470742  0.98458024543178668  0.98541652179430073
  0.98611581486471589  0.98657377756752096  0.98705851934319089  0.98750705666073824
  0.98796546073931801  0.98842929415727698  0.98883308993641061  0.98920647225829295
  0.98952946065312952  0.98989466733786946  0.99005373264498153  1.00000000000000000
  0.00000000154272187  0.00000000160236458  0.00000000164199679  0.00000000167354151
  0.00000000169875439  0.00000000172321033  0.00000000174630126  0.00000000177460636
  0.00000000180263747  0.00000000182697477  0.00000000184679066  0.00000000186353237
  0.00000000187929155  0.00000000189388210  0.00000000191178981  0.00000000193014517
  0.00000000194912657  0.00000000197890595  0.00000000201841825  0.00000000205814829
  0.00000000208860743  0.00000000211297605  0.00000000213374583  0.00000000215653533
  0.00000000218106724  0.00000000220800757  0.00000000223561249  0.00000000226880755
  0.00000000231188755  0.00000000235736486  0.00000000240670008  0.00000000244977348
  0.00000000248447586  0.00000000251813355  0.00000000254514550  0.00000000257636529
  0.00000000261748473  0.00000000266715475  0.00000000271964247  0.00000000277376621
  0.00000000283225292  0.00000000289445214  0.00000000295679207  0.00000000302166067
  0.00000000306670284  0.00000000309803515  0.00000000313257831  0.00000000316777554
  0.00000000320376775  0.00000000325173523  0.00000000331598142  0.00000000337479822
  0.00000000342901708  0.00000000349296536  0.00000000356830163  0.00000000365482503
  0.00000000374568400  0.00000000382585803  0.00000000391412603  0.00000000400905930
  0.00000000411452221  0.00000000423326026  0.00000000437221566  0.00000000454632406
  0.00000000473783151  0.00000000493744274  0.00000000515267333  0.00000000537364508
  0.00000000559146690  0.00000000586816739  0.00000000612028170  0.00000000632249876
  0.00000000656253645  0.00000000683125179  0.00000000712768419  0.00000000750207073
  0.00000000796262493  0.00000000850120125  0.00000000908942878  0.00000000974624158
  0.00000001057416275  0.00000001173708029  0.00000001340055081  0.00000001585431754
  0.00000001882872285  0.00000002222686102  0.00000002684374886  0.00000003497925874
  0.00000004908330695  0.00000008727631329  0.00000022078813912  0.00000259736025883
  0.00004659786259262  0.00056848031236177  0.00648912217925835  1.00000000000000000
  0.00007530441226892  0.00031611444867384  0.00045326523289460  0.00057872699543310
  0.00067069215852519  0.00075570784364109  0.00084456930534641  0.00093695051179321
  0.00104174734659950  0.00114623453215938  0.00124846984026438  0.00135648753199231
  0.00146349293624879  0.00155652699027687  0.00164963931602262  0.00176423241822378
  0.00190977196440322  0.00206210176049494  0.00221038386242309  0.00236162819177659
  0.00250543171436326  0.00263896019360393  0.00284951563408042  0.00308482953783660
  0.00330846458686658  0.00344500791899073  0.00356712970157981  0.00370277243716881
  0.00387387024628962  0.00401536669193426  0.00414638763959622  0.00432859426841358
  0.00454613905897481  0.00477527538410562  0.00502301655586255  0.00532281390280984
  0.00564141713671510  0.00593904838925965  0.00622178404968470  0.00649536897076769
  0.00673721348208547  0.00703432851525246  0.00736347072034476  0.00763578155786680
  0.00787016859082806  0.00811598835595787  0.00844119402799624  0.00887157732156549
  0.00934081955777490  0.00979582850540188  0.01027114178631739  0.01074363069891167
  0.01138905027233688  0.01197345462325278  0.01226822842465283  0.01248477975609544
  0.01280064089698507  0.01328490842015994  0.01372152181002223  0.01409001468602475
  0.01449137659200001  0.01490970907526382  0.01529746541700227  0.01567199653703747
  0.01600499354491890  0.01643094377853777  0.01730974216636878  0.01812712508540963
  0.01876363921543165  0.01921975483104417  0.01960914486565008  0.02010546268802904
  0.02061500460468825  0.02139781451609803  0.02224321933008597  0.02353514477819602
  0.02444262238120386  0.02530941885528397  0.02614383515879352  0.02673429910138385
  0.02725314661078858  0.02765364082946743  0.02808221918982117  0.02865625316978698
  0.02976590980801093  0.03102297032978594  0.03204551468628615  0.03299955967536320
  0.03390173740579615  0.03504024145111571  0.03625996236253658  0.03746154287974144
  0.03877852215755478  0.07648082182102856  0.48219031143364333  1.00000000000000000
 -0.00305792986978446  0.01163317612041249  0.02662562950242933  0.04202866643730824
  0.05710548119736729  0.07209060143249997  0.08661115453149229  0.10088117980914241
  0.11605465302783398  0.13174535976884080  0.14547388222994875  0.15682568171226915
  0.16698445675217935  0.17731026426785459  0.18885788107896834  0.20118360522830786
  0.21269918517909941  0.22279391433494716  0.23282335333546172  0.24260302980593290
  0.25145031807010659  0.26151615918943077  0.27244220642988726  0.28501449919324218
  0.29918531180450131  0.31166300930444335  0.32088554684495491  0.32867262753248466
  0.33666573230574320  0.34279894309407583  0.35064265298041863  0.35988260313768444
  0.36725364385810477  0.37576803480235849  0.38612208195758019  0.39701365922233472
  0.40830018127178569  0.42078231803534677  0.43347467536701911  0.44447132656499966
  0.45332590618311419  0.46021889872436494  0.46424495542043709  0.46773678890903114
  0.47200497040524769  0.47801084730900018  0.48333413099446498  0.48948246445053245
  0.50215656822444787  0.51760933216118754  0.53189617556659319  0.54413748902036696
  0.55212511118618934  0.55807864771458637  0.56382263346169836  0.56911361490343204
  0.57560157052721617  0.58409288027024886  0.59359645825177976  0.60405202501423172
  0.61584897467106758  0.62845736839927546  0.63920405691313698  0.64967093543888943
  0.66309729168733078  0.67629407826140409  0.68744928700737329  0.69826912351416526
  0.70885201091760963  0.71863712213281483  0.72792157928236068  0.73505499228059645
  0.74284745014158571  0.75204777118757704  0.76271166898067122  0.77381315898833858
  0.78418776559558823  0.79637421351665150  0.81400766962542404  0.83313141198270735
  0.85071485434456151  0.86289500325423152  0.87042287701148513  0.87603799145652583
  0.88317079796139930  0.89291179429093381  0.90436816821583155  0.92238778845711655
  0.93610893460724176  0.94514245171482381  0.95261973783480580  0.96076346442737193
  0.96908386934788726  0.97662105702065027  0.98698680384804149  1.00000000000000000
 -0.00361724041337465  0.01326461452779656  0.02486863209802806  0.04011588735614081
  0.05662371877541155  0.07367700946488538  0.09144078097936596  0.10886740367895845
  0.12374619388655329  0.13539092332972205  0.14534387616467445  0.15520960460468655
  0.16538252263996633  0.17799051252246362  0.19181458979902094  0.20530234259846147
  0.21752247908083452  0.22769528418529483  0.23603188835577635  0.24416048257974982
  0.25311163859183056  0.26192022124864284  0.27162452826192279  0.28029521952450365
  0.28637425334991901  0.29402498330815974  0.30243461168758212  0.31153619238252234
  0.32064400627583767  0.33066994889767526  0.34084900785753897  0.35245433294586426
  0.36671186698491237  0.38174738204751790  0.39550697136505786  0.40951909539311365
  0.42326478818158947  0.43532206846751892  0.44267752964434792  0.44832204272164300
  0.45451463486615723  0.46018498781916273  0.46674011127278209  0.47677165993203857
  0.48849383166902050  0.50077091742122137  0.51314592959856775  0.52549419698744904
  0.53754568383969326  0.54870826392618033  0.55897460760726692  0.56974200681638254
  0.58111596648471597  0.58940404254718137  0.59821527982752498  0.60589931682686959
  0.61358056733097910  0.62159456541116953  0.63161679493417922  0.64232666547911788
  0.65059130820434763  0.65685103499460862  0.66386318529457411  0.67099281425546919
  0.67772240800209071  0.68695998422776028  0.70023226117268500  0.71450038215931266
  0.73053204203351585  0.74657442906032234  0.76134950810063085  0.77511384801710292
  0.78931202759960839  0.80343529636442446  0.81290837130957672  0.82202825132313218
  0.83115004303790463  0.84027035913692305  0.85008964617661664  0.86131996821742252
  0.87172379530773580  0.88044011628258334  0.88710839671231256  0.89356989945031073
  0.90094893023549882  0.91128463890873279  0.92240377219266501  0.93274090812544841
  0.94005545897908382  0.95077711399823972  0.96124796939961088  0.97121618654521669
  0.98182129070067592  0.98825782629770820  0.99419618750307859  1.00000000000000000
 -0.00258083517503719  0.00697394267637607  0.01653004379963957  0.02628306321968460
  0.03602479692246596  0.04688697435430765  0.05544671009763893  0.06522393734339967
  0.07507188860450803  0.08505086005206607  0.09516671238698342  0.10327842996190187
  0.11085403710872106  0.11803512703893033  0.12530943525114566  0.13381065924910340
  0.14093554640947450  0.14901444355646309  0.16054036154349793  0.17285420897609613
  0.18462083825443620  0.19614456584519574  0.21088022263668177  0.22694995161845041
  0.24116577590926239  0.25329232210457020  0.26405852789124468  0.27557428858130656
  0.28726887626260100  0.29954168387367924  0.30963329853838051  0.31828685558832853
  0.32768995632841985  0.33744942659948912  0.35078568857617137  0.36243738085519545
  0.37262016000201920  0.38214190583851726  0.39064775257226086  0.40030497749171262
  0.41144409367625029  0.42035399535671875  0.43007247003007815  0.44193056870833125
  0.45480820500669428  0.46736285318150217  0.48101942207367471  0.49421365807622691
  0.50843556434310178  0.52545517457100221  0.53869684932878992  0.54921835334262925
  0.55802964576038161  0.56644182326112502  0.57484284607948422  0.58524237881680485
  0.59768661082234253  0.61039802175888425  0.62336358835823746  0.63554458521951718
  0.64547128006284349  0.65456997064094247  0.66416050792904835  0.67591315839428034
  0.68592929859734530  0.69520592227001354  0.70543269233414807  0.71648527829005382
  0.72798015183727405  0.73970138942967245  0.75143956944198931  0.76378959966815585
  0.77756176620920070  0.79257944829633853  0.80768838792806896  0.82136440485763229
  0.83550384830157087  0.84718883642311849  0.85582216892193552  0.86242605400705463
  0.86832473394955489  0.87459698735813229  0.88091127196624197  0.88618940795013323
  0.89044609845079781  0.89752553511877142  0.90948330524153154  0.91986460281541116
  0.93513322278453448  0.94473431943215103  0.95367533113129910  0.96286395332752761
  0.97105348366203614  0.97891661518208395  0.98911321431038679  1.00000000000000000
 -0.00173620747368883  0.00759803868481278  0.01134914988114704  0.01746297492103128
  0.02595512017746700  0.03366745919765175  0.04094950037884051  0.04915006152323733
  0.05553069296819288  0.06193407128626714  0.07175604566164200  0.08450568625425675
  0.09724550632120792  0.10980786810099014  0.12190228543897394  0.13390772533302991
  0.14672651763902092  0.15999288152048491  0.17210711612501819  0.18222069114336162
  0.19048259428969788  0.19809184768947566  0.20744943861143392  0.21935367382000071
  0.23230405367322601  0.24588227704549773  0.25982021534178484  0.27278563028199476
  0.28534349983788959  0.29863743762046568  0.31292818309255810  0.32776302374158739
  0.34125091454656464  0.35332116554041065  0.36613233574925169  0.37994937574353854
  0.39083459929130304  0.39874680752151431  0.40730614337598631  0.41542133557617111
  0.42348763651202204  0.43235382074377365  0.44406466532492589  0.45725413001068960
  0.46809932628484346  0.47780642123951478  0.48765829947284345  0.49850186261037271
  0.51135652442427149  0.52414363706352152  0.53704214496845226  0.55149683429716934
  0.56658535640313457  0.57319174252391714  0.57878721173206593  0.58306938385407758
  0.58768929220280275  0.59474722825684623  0.60262491564730214  0.60999568603737175
  0.61737590789043362  0.62725843585047114  0.64086647011734788  0.65575504045391664
  0.66841315113597277  0.67863361507508335  0.68738936470533241  0.69601323941984761
  0.70565247798729958  0.71457613209857329  0.72361041484169542  0.73494447792557671
  0.74571701813333358  0.75670748858394832  0.76743355135718117  0.77852731437156797
  0.78941880648321017  0.80000280816350533  0.81415313596366368  0.82785552467377910
  0.84165949351048908  0.85509281353894151  0.86803197707100055  0.88012677235843606
  0.89056208243796942  0.90056190414291903  0.90986365903760014  0.91718802090471252
  0.92422796525825113  0.93050293322079491  0.94034952530728633  0.95188888778139957
  0.96439683197946002  0.97637464883179281  0.98822072450024245  1.00000000000000000
 -0.00159441537047508  0.00754675923677535  0.01628681898418335  0.02507698401501908
  0.03447603302312990  0.04381946586237847  0.05289196210309864  0.06257156026753558
  0.07183552520552149  0.08104239144342011  0.08972881281508313  0.09852973062993314
  0.10736961711930169  0.11580743924684948  0.12380763592614985  0.13118813026416273
  0.13973308790209268  0.14856990709551177  0.15786205360138139  0.16668943083557392
  0.17512192313869293  0.18394873142938445  0.19320559527807563  0.20215578791183469
  0.20990708271231845  0.21723142404235035  0.22441305451204013  0.22988320200155948
  0.23706369499614802  0.24561732646051782  0.25391961230469873  0.26227482503113758
  0.27112921728137940  0.27998452483805236  0.28854650213642680  0.29563487079325318
  0.30117048034920724  0.30756302303741317  0.31509202283746102  0.32002340444330529
  0.32473796362020857  0.32954305345219143  0.33501878277473413  0.34197139920362873
  0.34930411773736131  0.35641954175458901  0.36420682837759100  0.37249234390858982
  0.38408013718131812  0.39713988901833214  0.40997151666468190  0.42280638252208619
  0.43498635696765148  0.44650370476990697  0.45806685808354441  0.46974274738663424
  0.48178896477756433  0.49480817814511241  0.50903564858086303  0.52163149709528844
  0.53409155151984666  0.54655610252752285  0.55696678549488010  0.56703258468528506
  0.57723269300640734  0.58742494196200745  0.59851587849682464  0.61141055502858854
  0.62633826317761465  0.64093218634836624  0.65433119056869449  0.66738225292496633
  0.68132417598569561  0.69241315859611785  0.70391885956868450  0.71933354694261886
  0.73272093350494394  0.74740964828362977  0.76269241401247756  0.77572536059004649
  0.78689346663301873  0.79909742789520344  0.81146643454840806  0.82311079908200213
  0.83714857573036894  0.85496467732236936  0.87229016936570736  0.88770597428822617
  0.90063021936650212  0.91045877794062835  0.92094309568322275  0.93508989191555103
  0.95072994667201671  0.96692382873763361  0.98348058290498208  1.00000000000000000
 -0.00432929551415598  0.01367191309287917  0.02977604401580409  0.04321711008644667
  0.05411795482190079  0.06463143577311647  0.07562398679586368  0.08553801957677409
  0.09484935047552349  0.10491350377347088  0.11547373097213665  0.12523535113591674
  0.13489679999565052  0.14489530624872593  0.15594152216447707  0.16863521129873746
  0.18188162436782496  0.19502401703397121  0.20754290002381254  0.21911001176663447
  0.22955175864951635  0.24499007721750846  0.25571675788128240  0.26656395316405118
  0.27752370836536705  0.28813210700704117  0.29876567969077894  0.30855577247753257
  0.31688795916210771  0.32342718576568658  0.32977129024036261  0.33940519438176980
  0.34879726598944483  0.35700404358276111  0.36800121936746816  0.38239057637235407
  0.39451558182261193  0.40582171201362516  0.41607463037487996  0.42395093488851249
  0.43164472303958795  0.43966737304332848  0.44785128388902412  0.45703622460721188
  0.46410355676049930  0.47193084761529885  0.48046310837410411  0.48978241519054722
  0.49896162105593189  0.50808378741830673  0.51785627983944149  0.52827922102421410
  0.53880629905390542  0.55149016982299648  0.56564977509878167  0.58008427856541245
  0.59191847985495916  0.59922135916051100  0.60607366495344728  0.61458779967986965
  0.62464265594952184  0.63581137519294373  0.64791784910873484  0.66118123580854782
  0.67238743673974233  0.68499912074798619  0.69704862622714592  0.70875326566917041
  0.71994269376512599  0.73060780097833666  0.74203884042481949  0.75219234120951173
  0.76376987998632961  0.77571813448434102  0.78819488713273234  0.79869817512091601
  0.80978159944045469  0.82107215036186243  0.83239009462435309  0.84561469278763057
  0.85830888589997789  0.87111304604337469  0.88276910091474847  0.89100887173185461
  0.89844674612083808  0.90554362711278291  0.91240568599588523  0.91948248273104960
  0.92720661583675246  0.93429903254221180  0.94177103211485846  0.95032288578346336
  0.95961547097473865  0.97250360940145464  0.98634902000661029  1.00000000000000000
 -0.00570850853847716  0.01507256995553160  0.03364998638168503  0.04941749499721831
  0.06168474416830760  0.07312110442379920  0.08323124848692139  0.09198694429474584
  0.09995276410043141  0.10869234255397089  0.11732171976651543  0.12645488688115569
  0.13742475488039096  0.14747365680629346  0.15595423087756477  0.16411607959648414
  0.17185329814109401  0.17907474338684037  0.18750863088106060  0.19714981077838767
  0.20731348247588852  0.21835199556325605  0.22963122668339933  0.24086019224672758
  0.25021210977093655  0.25968196126023851  0.27007001270213848  0.28007313310896476
  0.29000835982461254  0.29888189863371306  0.30933221563987651  0.32100441206136887
  0.33352921392640422  0.34697445371575181  0.35959775148998258  0.37052608115995561
  0.37943222044064795  0.38748206133525148  0.39553653314817960  0.40326510433031021
  0.41398748382581124  0.42482281520051418  0.43603811247220892  0.44824170432794619
  0.46146955492713082  0.47665729296550247  0.49136013150486141  0.50356802040897852
  0.51318272108060792  0.52040382603226920  0.52648238732962915  0.53298644576233511
  0.54070568278920828  0.54889169494148782  0.55797632314694368  0.56877994666734455
  0.57957166235459368  0.58983845342115648  0.60038383830719244  0.61027549059620090
  0.61915086400687358  0.62878672228623023  0.64034011655475054  0.65107179764568490
  0.66158588653674033  0.67216679731761042  0.68325720853682859  0.69150226016277205
  0.69982164371183819  0.70931467360186673  0.71983424947002173  0.73081068647646941
  0.74255576361401898  0.75613419895763545  0.76897354999479040  0.77657465610527943
  0.78331678860116660  0.78980757522476941  0.79686534550810495  0.80419977392759934
  0.81524360067588786  0.82781314014043861  0.84139950220133786  0.85318728707784552
  0.86453783486508273  0.87509247016806357  0.88835112513898529  0.90208995843661188
  0.91459791149960401  0.92507822527479344  0.93405441953911561  0.94381788551461565
  0.95494458615845257  0.96842207088531507  0.98329663319955030  1.00000000000000000
 -0.00247579281794412  0.00489018527505359  0.01289093801863658  0.02164053505031644
  0.03027364562295621  0.03793570231052276  0.04395907885140785  0.05063615527219863
  0.05925313205676698  0.06730703963259439  0.07450711509459074  0.08094588806211460
  0.08660193000559850  0.09170320208999823  0.09808606115887628  0.10645292605021489
  0.11654491688770445  0.12711005201333170  0.13804858197172529  0.14874190228196144
  0.15949050211131718  0.17091352275712524  0.18185706994765610  0.19210454751604039
  0.20270164502613569  0.21385405528802542  0.22403989880619299  0.23428695167863317
  0.24370212270165850  0.25367529290828850  0.26607071032321894  0.27987115823319897
  0.29319806714587165  0.30451477746128314  0.31554736475689804  0.32594795621973838
  0.33705287885281410  0.34620624998555216  0.35270655066625284  0.35957059784751555
  0.36719455720176813  0.37326126273931948  0.38051178500076416  0.38772289818289529
  0.39495433197016638  0.40466996549157802  0.41657741306132934  0.42910859207299690
  0.44147630571622687  0.45398112534948898  0.46602953406195585  0.47697250729880147
  0.48730091898077893  0.49767573489483219  0.50704877358967793  0.51517598362449613
  0.52359788343006153  0.53326479212903011  0.54367938410417138  0.55589158700260766
  0.57049982108744224  0.58509350537706972  0.60040583637426370  0.61384390946733092
  0.62660174727435769  0.63941820972610686  0.65125634745472905  0.66199542336819561
  0.67407301834081179  0.68955105221613466  0.70754880523417951  0.72675478356497469
  0.74384929501474617  0.75783758024322634  0.77068685349167498  0.78130244399169324
  0.78902194557678917  0.79719540419884682  0.80568800386328598  0.81615106136356175
  0.82895726195964070  0.84256256672898533  0.85476080828552958  0.86527400147147282
  0.87505872874790180  0.88550313523119695  0.90033871208257144  0.91463663812104401
  0.92723885957856478  0.93784324329409618  0.94759189800273358  0.95763510069115165
  0.96685569290103357  0.97712070424554742  0.98831072328098590  1.00000000000000000
 -0.00215167022220979  0.00554072917459117  0.01447460256213974  0.02362593695740271
  0.03154473313209315  0.03874370449273361  0.04730808339051112  0.05635175259470161
  0.06727267583032984  0.07897418420047277  0.09050267551848527  0.10247022091314621
  0.11494479271917912  0.12867850168638581  0.14144617889669284  0.15444295473873895
  0.16627107653252240  0.17697437256805443  0.18757493080609924  0.19825518922466326
  0.20916737045845710  0.22496482497998990  0.24121016904934042  0.25359716152111467
  0.26181691916825534  0.27179200764188921  0.28312752017168102  0.29267556331657274
  0.30105044997046981  0.31169330028750047  0.32705579285192088  0.33880535683941748
  0.34623293805231153  0.35471455670484969  0.36302566845648510  0.37186215995375482
  0.38152491291858853  0.39101147905285244  0.40116428285535366  0.41264591004772838
  0.42509696715567979  0.43719867003594443  0.44912415711869175  0.46031440075874797
  0.46966228164177926  0.47744825921776285  0.48518505189564237  0.49409345206019173
  0.50820195439558846  0.51788880878493360  0.52879110258061057  0.54086179427091496
  0.55329298986648490  0.56474698126880885  0.57357943161788494  0.58131170548584887
  0.58828126166875150  0.59585168596347104  0.60349193808909096  0.61243466520557888
  0.62366919674590759  0.63504771987993192  0.64514912658040857  0.65522810964965561
  0.66632082480961119  0.67656769729445632  0.68570538738399700  0.69183695219723895
  0.69919351120677897  0.70654269025224026  0.71346587072028878  0.72470894159354049
  0.73554071494335416  0.75017481787219242  0.76577294529757067  0.78094414664598621
  0.79369905406077068  0.80549084099732660  0.81704893876039031  0.82699290079072607
  0.83671939290095509  0.84722892134052463  0.85772290852277278  0.86552557665351793
  0.87319700169312509  0.88060491889347803  0.88870095055709208  0.90070227514063650
  0.91630075321727533  0.93211484894207464  0.94243185281526065  0.95248024969296696
  0.96176993995654925  0.97092772004514272  0.98450116250993436  1.00000000000000000
  0.00659869166623014  0.00729732977904639  0.00799400046965790  0.00844711668216658
  0.00884677541859673  0.00920740468307671  0.00954357628115300  0.00984519840107243
  0.01011408608926641  0.01037695060023442  0.01064477751386485  0.01090352371041131
  0.01115515232192888  0.01137586406433618  0.01158548001028487  0.01178320640353211
  0.01198889043673816  0.01220498447707168  0.01241936401013932  0.01262962071847569
  0.01284047754937183  0.01305168457654829  0.01330039287908432  0.01355635054382546
  0.01380412640409588  0.01405927075281462  0.01432183979528895  0.01457766770266448
  0.01484216370626397  0.01513256935491654  0.01543308028387136  0.01573491713627857
  0.01606236204130253  0.01643572764699624  0.01683420666728741  0.01722741911983784
  0.01764137079146589  0.01799563055036490  0.01830547491994796  0.01862358721134111
  0.01894201559934651  0.01926626480329032  0.01955621689273553  0.01981964110947689
  0.02008583380941674  0.02037987370076288  0.02077587096469086  0.02124513349617275
  0.02187616035015023  0.02252655186575636  0.02314454659565775  0.02364219345463357
  0.02408418945633459  0.02451142999855911  0.02493533084412199  0.02532716847535473
  0.02573835546135321  0.02627027947743945  0.02680345363686564  0.02726150133614582
  0.02769724930952173  0.02831502228802081  0.02901594712934832  0.02973947330954736
  0.03046098363977850  0.03103059744113595  0.03154536876541299  0.03206260211390425
  0.03256988123719719  0.03303901768941258  0.03361305966584172  0.03452567899912305
  0.03566017047168579  0.03618088007842594  0.03672415566256648  0.03723535871587795
  0.03778863137644667  0.03875001527866123  0.03989108648699635  0.04125738806131115
  0.04338078099001896  0.04626860652509750  0.04952931339998219  0.05200643497876516
  0.05329813096845748  0.05463827581757113  0.05650546920334899  0.05797617112772181
  0.06071567840627778  0.06809106590574993  0.07984728722556204  0.09464275404381990
  0.11581450012232165  0.28301473150706769  0.73393412771790878  1.00000000000000000
 -0.00295985112335360  0.01084220026153313  0.02273781461224662  0.03659355206474802
  0.05178903145530200  0.06714269743447977  0.08230057323200402  0.09668468407740637
  0.10969433823056686  0.12204388004690853  0.13411974427680620  0.14606885276965353
  0.15743177071869813  0.16870741686368618  0.17909053710902498  0.19065654514972349
  0.20353192541384701  0.21728567581632643  0.23213856566300545  0.24736478714476148
  0.26209589747376011  0.27448723255846647  0.28604129023971447  0.29746173385667551
  0.30953073278330723  0.32165927837061697  0.33249678184032794  0.34165216790468006
  0.35055405413935903  0.35988607971834130  0.36845156524808143  0.37710659100414284
  0.38554385650266076  0.39347599386460069  0.40217933690639179  0.41131787143853155
  0.42296058511281615  0.43644735486690056  0.45082448725256347  0.46513250449677990
  0.47604600999411151  0.48557011797604588  0.49540003335496802  0.50935124269126131
  0.52120935473168606  0.52826962880696793  0.53485153923640705  0.54221052479282139
  0.54835318134684885  0.55590364349294408  0.56139650480119496  0.56782941917466945
  0.57290631429293082  0.57843009581111304  0.58300462513333506  0.58996057418818026
  0.60091372487783212  0.61156805089666488  0.62214303832840212  0.63277672648800243
  0.64207208096673640  0.65119887997282466  0.66029287051502683  0.66954601937352276
  0.68078252746246148  0.69138245504769025  0.70494769335354401  0.72006357009684296
  0.73495758884925289  0.74520644058012120  0.75359387867062488  0.76234535780905488
  0.77018402621318360  0.77959233105598913  0.78861965569729053  0.79462679336394537
  0.80071350799609009  0.80752251389263230  0.81529329452256960  0.82581867758550531
  0.83888814016927349  0.85203283808949171  0.86396164411770449  0.87257049650371044
  0.88070232492373290  0.88800442586074091  0.89631143785541578  0.90582805756360119
  0.91507571972149060  0.92429566184083001  0.93439549744352424  0.94604336592237070
  0.95904938170849086  0.97371537698337252  0.98686621673354114  1.00000000000000000
 -0.01639014970774932  0.48462341856391250  0.53498197572046635  0.56892879997745616
  0.59825594803854487  0.61953103713348423  0.63313420772292972  0.64295111710902553
  0.65480131320066792  0.66601927042043974  0.67956073050327870  0.68987986150337377
  0.69763011982097001  0.70459814596693393  0.71040657950824826  0.71547763159757904
  0.72026998360062167  0.72547328330408667  0.73124286780853298  0.73635702075114362
  0.74091273347918252  0.74589546935218620  0.75087676272432458  0.75698375853378874
  0.76423588402812859  0.77118360975922629  0.77846055384682444  0.78473205456912043
  0.78946151287810018  0.79378913545220342  0.79844484969618323  0.80416305733405991
  0.80961349415543393  0.81476048535574275  0.81980485194616726  0.82326830874846924
  0.82591672681623063  0.82909678462472802  0.83235235699846788  0.83579201582486118
  0.83972965712108194  0.84467246414152397  0.85070920366668201  0.85402520658181580
  0.85731016712988117  0.86064152121620030  0.86411129055686819  0.86735108095725089
  0.87064262990425967  0.87376123313411669  0.87706538807925882  0.87981056110092715
  0.88187744709546212  0.88388826422088862  0.88573308760616731  0.88779230289834965
  0.89087814124775666  0.89399129265329413  0.89683815933847755  0.89905988754661503
  0.90161841870509762  0.90444372791200411  0.90741794287407151  0.91065722157542017
  0.91379146573976044  0.91660535840984481  0.91928787098950748  0.92189485280171868
  0.92443736464643700  0.92701544440569061  0.92978070408320890  0.93280054654652256
  0.93531749459380586  0.93735391365447696  0.93936541918223859  0.94134629761676802
  0.94315077736011999  0.94473185325471642  0.94654138571544766  0.94860833674734935
  0.95031389782849074  0.95207302326277932  0.95399820194950935  0.95575438860663620
  0.95719237268509416  0.95847040431016128  0.95982197731040264  0.96170949253503479
  0.96402955886701913  0.96636922842993134  0.96886683797156559  0.97170418021711924
  0.97504586862441722  0.97909432800246154  0.98616385326935574  1.00000000000000000
   9.4129540821840569E-012  -1.0000000000000000     
 F F F F F F F F F F F F F F F F F F F F F F F F F F F F F F F F F F F F F F F F F F F F F F F F F F F F F F F F F F F F F F F F F F F F F F F F F F F F F F F F F F F F F F F F F F F F F F F F F F F F F F F F F F F F F F F F F F F F F F F F F F F F F F F F F F F F F F F F F F F F F F F F F F F F F F F F F F F F F F F F F F F F F F F F F F F F F F F F F F F F F F F F F F F F F F F F F F F F F F F F F F F F F F F F F F F F F F F F F F F F F F F F F F F F F F F F F F F F F F F F F F F F F F F F F F F F F F F F F F F F F F F F F F F F F F F F F F F F F F F F F F F F F F F F F F F F F F F F F F F F F F F F F F F F F F F F F F F F F F F F F F F F F F F F F F F F F F F F F F F F F F F F F F F F F F F F F F F F F F F F F F F F F F F F F F F F F F F F F F F F F F F F F F F F F F F F F F F F F F F F F F F F F F F F F F F F F F F F F F F F F F F F F F F F F F F F F F F F F F F F F F F F F F F F F F F F F F F F F F F F F F F F F F F F F F F F F F F F F F F F F F F F F F F F F F F F F F F F F F F F F F F F F F F F F F F F
  <DiscreteSampler_grid>
  grouped_processes
  1 # 1 for a reference and 2 for a running grid.
  10 # Attribute 'min_bin_probing_points' of the grid.
  1 # Attribute 'grid_mode' of the grid. 1=='default',2=='initialization'
  0.0000000000000000 # Attribute 'small_contrib_threshold' of the grid.
  0.5000000000000000 # Attribute 'damping_power' of the grid.
 # binID   n_entries weight   weight_sqr   abs_weight
    10   10   6.222711123185676E-002   3.784653609746058E-002   6.222711123185676E-002
  </DiscreteSampler_grid>
