  0.00435239909774836  0.01013316790126119  0.01944153820778247  0.02888887908876916
  0.03802857053914122  0.04839807620288272  0.06090592804099931  0.07351910261214950
  0.08582066960509041  0.09895073701834027  0.11275431297193375  0.12655210494470259
  0.14077504834013208  0.15109341203726293  0.15994677493484430  0.16852550336051300
  0.17849830032473654  0.19123783481097084  0.20521364885480683  0.21882766169029738
  0.22911703498004826  0.23934162459430980  0.24849057499089280  0.25723436055058857
  0.26749066736668425  0.27734599125344911  0.28785011327720122  0.30035006656350255
  0.31206771797714467  0.32595946818100463  0.33952144285595581  0.35482721505226983
  0.36958299727606342  0.38132983420278338  0.39191866743684456  0.40286031011376594
  0.41771144868298227  0.43282876591584302  0.44454081644966653  0.45270884718585946
  0.45953294498941311  0.46692762603127408  0.47722669917806776  0.48967045815997068
  0.50009102069901590  0.51178972391965560  0.52292093211628521  0.53245786181910237
  0.53976518798100070  0.54772026312835065  0.55678935041921718  0.56585437695919061
  0.57683309594933763  0.58741188459455285  0.59820284885546549  0.61044164781814125
  0.62317654137570877  0.63377261375413829  0.64306019831391381  0.65261755196080584
  0.66193375521716236  0.67062707716278136  0.67944084835808227  0.68832975203747437
  0.69773236583698317  0.70638034336530453  0.71435167851382919  0.72206062863882925
  0.72881604130209487  0.73563615088453094  0.74352973348606244  0.75183929913314107
  0.75962727567959731  0.77057382443926803  0.77901656289413845  0.78775508746036205
  0.79741228929461505  0.80486288426240205  0.80993535965308894  0.81525961009175252
  0.82169374359431890  0.83157560139902920  0.84471000300902366  0.86072142080594383
  0.87547571951837067  0.88733834394702427  0.89760590884559721  0.90807631666112232
  0.91842912901430274  0.92808606511773006  0.93769629922595876  0.94903317373730744
  0.96087893927320223  0.97284503262334787  0.98540576288285819  1.00000000000000000
  0.00848377996498757  0.00887314184015613  0.00955242648785603  0.01026287107583256
  0.01098216682058053  0.01181392180529983  0.01288064633182094  0.01391826833812792
  0.01529044076509681  0.01696864610097823  0.01887843832023515  0.02145497678369795
  0.02506127277602865  0.02909744225213418  0.03309611108108373  0.03715340402275964
  0.04175898200227655  0.04711073092773513  0.05401202621530164  0.06021988197186379
  0.06608004617488243  0.07286175691085761  0.08186728128173061  0.09332821320732836
  0.10203491381207740  0.11107413257939648  0.12096860856173305  0.13182517434775018
  0.14196354840792078  0.15324023934600092  0.16731374273250355  0.18411881709411065
  0.20218980834610864  0.21785838217186776  0.23168450130297386  0.24336858753343382
  0.25463731869786022  0.26709094655017074  0.27897651587621902  0.29203906029072607
  0.31049355905991066  0.32977318712744941  0.34841857336995513  0.36499526995779152
  0.38457114934608322  0.40464768092613934  0.42570268795365146  0.44877398979613087
  0.47126931507874842  0.48781062856381269  0.49905738271658961  0.50840475307526312
  0.52111289023819518  0.53881704116147278  0.55502082783279993  0.56968496162562843
  0.58789627473311834  0.61314890247201126  0.63395696106922517  0.65215195661993530
  0.67178159252742242  0.69155881034778588  0.70963231226332069  0.72744286209382392
  0.74573705972433824  0.76612672578293051  0.78912622811709632  0.80735470127775244
  0.82222979547820174  0.83708053771194435  0.85234115468586558  0.86466616360670323
  0.87572244550762335  0.88661955134101356  0.89494654894249215  0.90320331740396809
  0.91139398925763426  0.92014613591754224  0.92971239616033685  0.93889427931294356
  0.94670859605648394  0.95279799457020797  0.95808115795643556  0.96255637005279449
  0.96631019789659900  0.96960869923480475  0.97291368814483836  0.97630466981761288
  0.97959939451115752  0.98239813566676981  0.98466372091101306  0.98666694039245006
  0.98820652429158351  0.98947031672400976  0.99042771697552068  1.00000000000000000
  0.00343595493754671  0.01354158940897556  0.02491599284756216  0.03601265777844372
  0.04405137793133543  0.05291654357414624  0.06070326474737713  0.06977730010015386
  0.07955118386786295  0.09023535934341619  0.10180545026136392  0.11215651228769891
  0.12013653254573085  0.12862461847533074  0.13741150216971906  0.14694177449961882
  0.15745361679520445  0.16687214730547023  0.17532510293577250  0.18475735735064183
  0.19486630767016636  0.20693645544367584  0.22148210521916473  0.23580655843224843
  0.24958782684607525  0.25937981882924227  0.26929127085490295  0.27831685974367709
  0.28861413966352206  0.29924045215556516  0.30973033079373352  0.31894360932378801
  0.32616330253841802  0.33354194444375507  0.34070538217184027  0.34815808924380159
  0.35814894985513723  0.36801141936768050  0.37820114776887681  0.38766703687568571
  0.39698924251671630  0.40755505023164268  0.41762640410952828  0.42773386844772898
  0.43815503049164600  0.44818816748512752  0.45953330858798735  0.47170303655691576
  0.48438645308932066  0.49720511763840974  0.50969787261896049  0.52181536324817379
  0.53342213020145146  0.54432234467675999  0.55424477096157287  0.56435307503232834
  0.57670485244673253  0.58973563446025790  0.60237112490125266  0.61338766266049005
  0.62469616529382421  0.63417792968900466  0.64520955548289227  0.65508579966251812
  0.66513738600442485  0.67374598479269321  0.68466558151009471  0.69651571632750131
  0.70681682710528659  0.71635797101808407  0.72542151733010785  0.73506723095563209
  0.74588042132726351  0.75674805446625770  0.76703644019409312  0.77652068733631407
  0.78531496730656591  0.79420913440756258  0.80342573770859826  0.81518933615851163
  0.82793102321692402  0.83993788251306545  0.85160182738887524  0.86303901637211566
  0.87613343924435838  0.88782271709504013  0.89841003248881346  0.90883076650221895
  0.91759198904899963  0.92719755179982877  0.93920003400182006  0.94978261607727288
  0.96013391467100029  0.97176924729861225  0.98541441078293956  1.00000000000000000
  0.00835733951385610  0.00902009893394587  0.01007073984636708  0.01149070734885578
  0.01328570616561759  0.01570509118138813  0.01828528213830626  0.02115155776799350
  0.02465820850686176  0.02836172850198247  0.03282717870616645  0.03821705011015424
  0.04410585516064431  0.05050746953982341  0.05816796649628390  0.06570243602676798
  0.07210948497059395  0.07901762394408116  0.08674705592899706  0.09657777577709774
  0.10682003754085126  0.11579862469413997  0.12560878480961921  0.13878157579630443
  0.15695846877960895  0.17324122648730911  0.18649719319574726  0.20030158576068488
  0.21369067034985836  0.22701122514990019  0.24162203937010981  0.25663488555251407
  0.27402403234586936  0.29607606418807753  0.31962186924960534  0.33927514206401571
  0.35881286351809155  0.37651989204110603  0.39133329921333448  0.40584241661550496
  0.42293869191891864  0.44068019809097542  0.45896801172676449  0.47182777507514834
  0.48416541094359128  0.49626884241725544  0.51118415648592119  0.52697877451000186
  0.54654356656503900  0.56245343215958077  0.57394415230589158  0.58460721717737385
  0.59661641485336991  0.61136262978805145  0.63369299154829783  0.65775907262864919
  0.68065652062287996  0.69952736004861782  0.71427054812027413  0.72910041401700565
  0.74635591231999965  0.76362967228775736  0.77967300697814690  0.79681091926559366
  0.81255506849990500  0.82620839559748560  0.83562521724336403  0.84272822101249301
  0.85022219194119497  0.85901637683710463  0.87109983612420672  0.88497632097034362
  0.89611528963154918  0.90480518267509569  0.91362169393464532  0.92467921001686670
  0.93521260501973846  0.94452941006226776  0.95154193449500202  0.95736756355299379
  0.96207299331300833  0.96590566089385532  0.96940173181746780  0.97254089015554357
  0.97540005961001874  0.97810237655429022  0.98024981479027007  0.98190566500685017
  0.98331819312097923  0.98468442228501463  0.98604634712808514  0.98740867991956771
  0.98876078126076450  0.98974502215646210  0.99042654193304913  1.00000000000000000
  0.00000001718455783  0.00000001761383754  0.00000001788971807  0.00000001801551522
  0.00000001818022886  0.00000001837830686  0.00000001857866913  0.00000001877568964
  0.00000001898086974  0.00000001920965879  0.00000001957916170  0.00000001995496154
  0.00000002035182941  0.00000002074981014  0.00000002118476953  0.00000002163677712
  0.00000002209548801  0.00000002257150004  0.00000002306919271  0.00000002356331608
  0.00000002406787926  0.00000002456003535  0.00000002504641587  0.00000002561416553
  0.00000002603148087  0.00000002646603926  0.00000002702666453  0.00000002763446061
  0.00000002819659484  0.00000002875990984  0.00000002935213541  0.00000003000762344
  0.00000003081168710  0.00000003160828606  0.00000003246233162  0.00000003340935396
  0.00000003445017929  0.00000003552685750  0.00000003667143521  0.00000003780683001
  0.00000003888016381  0.00000003988171504  0.00000004075744762  0.00000004169785347
  0.00000004255243271  0.00000004342376559  0.00000004426641746  0.00000004510087308
  0.00000004602233986  0.00000004705133439  0.00000004837297422  0.00000005032778623
  0.00000005325449347  0.00000005637705142  0.00000005941383615  0.00000006237343459
  0.00000006526137144  0.00000006827702912  0.00000007158691389  0.00000007513680989
  0.00000007922923443  0.00000008461308334  0.00000008928483837  0.00000009415789346
  0.00000009899600903  0.00000010532410318  0.00000011271133895  0.00000012145327489
  0.00000013149811982  0.00000014406206155  0.00000016050683954  0.00000018018621620
  0.00000020168944669  0.00000022596797234  0.00000025733248740  0.00000030297581852
  0.00000036272257879  0.00000044276841045  0.00000054845568579  0.00000070596410657
  0.00000095316818170  0.00000142293011367  0.00000242327311475  0.00000457734184189
  0.00000879216238748  0.00001803125176678  0.00004798326777166  0.00012009128936614
  0.00033347068389361  0.00088393448723997  0.00229438470288475  0.00486840605067768
  0.00968263061084754  0.03384602737910852  0.41005720217672864  1.00000000000000000
  0.00194377688820810  0.00388004338167569  0.00554449420837792  0.00674019686173472
  0.00772666533903482  0.00864351339374268  0.00912596145249188  0.00964578822605839
  0.01018792444696378  0.01094258567125653  0.01177632255009922  0.01261929354727213
  0.01345192986326089  0.01425090006084322  0.01504205482175505  0.01597136678443550
  0.01679558866202830  0.01760883693796532  0.01844408399004968  0.01924998079423902
  0.02008828421961787  0.02088510044804410  0.02168766826064585  0.02264787677154260
  0.02376373440936275  0.02487434520375030  0.02585146324911990  0.02668563212240669
  0.02737927664015434  0.02793618940421147  0.02848324201787376  0.02905908407886444
  0.02969884082911347  0.03045680679494528  0.03105213740646494  0.03167797218941591
  0.03241998100409223  0.03326531516258944  0.03401639305544355  0.03469748511591862
  0.03537202902610355  0.03607151334919112  0.03698195613501400  0.03789741904475788
  0.03886618691259047  0.03978489021502983  0.04082076160249734  0.04198907575104073
  0.04319866451234382  0.04427025438039189  0.04513785339015065  0.04602854535574410
  0.04691796273022542  0.04784880296138685  0.04878578037458887  0.04973776776947299
  0.05084450470483677  0.05220752720002544  0.05387526004237463  0.05541776890334205
  0.05700628567374856  0.05872207706608441  0.06039547497004576  0.06199080970093608
  0.06369766397726910  0.06534045755760408  0.06709194081241525  0.06901825107887163
  0.07091718886548713  0.07272673332963348  0.07424680628948595  0.07540002558993936
  0.07633488243740257  0.07707768148417840  0.07875908935636536  0.08080829241776971
  0.08332730907890444  0.08633710996095088  0.08971920161115234  0.09284369022564877
  0.09528474796654963  0.09769659467093474  0.10054178705831825  0.10362600163903705
  0.10696297248810227  0.10964553670740063  0.11242356804595804  0.11646589929220320
  0.12136466097996884  0.12634840483983723  0.13133868159359843  0.13672639284130408
  0.14260539856548329  0.14970838887716331  0.15927141101435321  1.00000000000000000
 -0.00353846125660024  0.01385012199686463  0.02422333373019183  0.03182512651608194
  0.03923197189393032  0.04640902846693312  0.05344259245998334  0.06383459607967643
  0.07697510328136939  0.08940407832982161  0.10042516740891205  0.11184112638870754
  0.12437777534130340  0.13849924534258456  0.15281358388624552  0.16845721991166868
  0.18318321558055572  0.19739521868814905  0.21083867319621757  0.22447910229083420
  0.23822329119939775  0.25082776347188196  0.26369012854662577  0.27351062913646829
  0.28272199382860086  0.29236197975743711  0.30234723311332340  0.31393666103699136
  0.32383701719052499  0.33428682923226966  0.34495859574552712  0.35764102467395853
  0.36948671572216918  0.38016463029249775  0.39104725034320847  0.40273352690514408
  0.41483123439669473  0.42543133703443858  0.43479770859378480  0.44407531660886351
  0.45246576850912390  0.45988516477404107  0.46644877159566245  0.47348652247580825
  0.48342538781618688  0.49296471872354558  0.50578606548045590  0.51415525333450940
  0.52143579056693157  0.52832401661297468  0.53797004168807205  0.54881247501272434
  0.56362994895856411  0.58103232718461750  0.59772384228030018  0.61299426253363964
  0.62663064853271222  0.63848568930032135  0.65028307344464542  0.66256375033063819
  0.67457200772545944  0.68510974632311794  0.69853818937292789  0.71361971084426945
  0.72868623534940402  0.74218596635998180  0.75301369382817140  0.76273474886924664
  0.77175081326578143  0.78017355405465205  0.78825816497078682  0.79680832958621428
  0.80508874467589009  0.81311601059671057  0.81991713830271407  0.82728592567194048
  0.83763209995846488  0.84636232285504953  0.85272090214296348  0.85795699255916169
  0.86396759575107673  0.87307836590671417  0.88451210203072150  0.89650461473353182
  0.90919667402014315  0.92206535962150826  0.93328484338931716  0.94261199462823930
  0.95147667747338738  0.95942189712677295  0.96589327857456264  0.97430374728913782
  0.98131481407485377  0.98754051884333915  0.99364306052597773  1.00000000000000000
 -0.00245811405020912  0.01123310084087510  0.02291159419422732  0.03428731407060014
  0.04745922349591668  0.05964053745501472  0.07091096130695348  0.08401175883165846
  0.09834728523295877  0.11288926370259179  0.12790700820875098  0.14379745630023744
  0.16107111842099556  0.17493056201021903  0.18858090474545425  0.20166558125760836
  0.21450893363814127  0.22713322325103960  0.23855675477853705  0.24888167258502220
  0.25806743782038716  0.26659043759242268  0.27479922125140566  0.28164700772056905
  0.28933722242529580  0.29689525569682701  0.30371101549395713  0.31008126596604035
  0.31705113445401556  0.32525807335146639  0.33699128136423412  0.34985047312871742
  0.36002629780702772  0.36858678285104024  0.37643846174566037  0.38512009697445754
  0.39564721201685932  0.40572442897640459  0.41427975784608168  0.42266268744942104
  0.43080592216324387  0.43878606463191377  0.44679200483908510  0.45833029621703492
  0.47192418032978356  0.48473002237034912  0.49556178312910804  0.50454036172027050
  0.51300588433449668  0.52016847672417443  0.52722730157623665  0.53484771643394591
  0.54234841902344333  0.55041285187482025  0.55994068282889120  0.56986920678714315
  0.57918849474558232  0.58643368182530820  0.59296537318751885  0.60010743054224447
  0.60706870736822760  0.61384091496460258  0.62122728644232983  0.63018202022831815
  0.64198142286813009  0.65157010307940477  0.66000557222310319  0.66843079319606102
  0.67756299957994703  0.68815783007983933  0.70164577918099336  0.71579678599503771
  0.72891373301110018  0.74119013548310786  0.75315769184228587  0.76496258898649150
  0.77694448603686705  0.78951302770974607  0.80207328923580512  0.81396385820701944
  0.82538491166368366  0.83656241072400050  0.84914869956470818  0.86079262498143316
  0.87074245579417520  0.88363750820201192  0.89511755849639485  0.90711730314567018
  0.91749927991673041  0.92892291152955186  0.94145586752961763  0.95657960186659807
  0.97175878962284590  0.98259257807811184  0.99179938096971687  1.00000000000000000
 -0.00253781717170884  0.01128042022796917  0.02202605760408499  0.03229497102948069
  0.04376495384332184  0.05727796478474238  0.07263689703340862  0.08769366946497456
  0.10193008639679310  0.11475244196618924  0.12647146431899067  0.13861086709799234
  0.15247002342777172  0.16625199069091978  0.17803648025026292  0.19019947493422637
  0.20232044260695750  0.21472996680374165  0.22731911569396210  0.24122930427836792
  0.25497126034834416  0.26605045598396920  0.27536993570245322  0.28387749913393634
  0.29213675156018576  0.30123271977077509  0.31196686936201123  0.32406862261805308
  0.33639818942076016  0.34829362104052741  0.35973783290827155  0.37074179849083549
  0.38217018046808165  0.39435357921125452  0.40593113584031437  0.41676876480018638
  0.42684873621745029  0.43684089257707742  0.44724348762428673  0.45705693469447073
  0.46561395623164920  0.47357720351318405  0.48087472753562560  0.48836652023766264
  0.49648158817085369  0.50469155851122238  0.51294399066175944  0.52210471892525989
  0.53220398158768278  0.54292336582629064  0.55568134296128446  0.56826864975510627
  0.57829200723543595  0.58706947975503088  0.59604875430886561  0.60496863650244714
  0.61300880262381374  0.62091101051664765  0.62909241979019626  0.63807577999101062
  0.64618102548927658  0.65497577067089108  0.66800818394575356  0.68239214062996389
  0.69517614482064305  0.70755365552151062  0.72059612720909849  0.73408527592208772
  0.74709320106611388  0.75616603692948314  0.76376060527507506  0.77200636424809332
  0.78101701373663812  0.78885114068408524  0.79759662441862655  0.80704562816683512
  0.81953299797555090  0.83142527904773278  0.84056478151016101  0.85085326807494666
  0.86080154986880464  0.86938540273852483  0.87724016150356987  0.88427947215365055
  0.89167105917581913  0.89964793137081567  0.90882101120904113  0.91777563563097908
  0.92697481964121908  0.93678800822584496  0.94745451467469533  0.95892023849321151
  0.97015088084509071  0.98069787462835223  0.99097320608819706  1.00000000000000000
 -0.00369779097798933  0.01549157097148209  0.03090943365603376  0.04597414740910288
  0.06137347061811276  0.07584633691275144  0.08618972465142062  0.09558550526696490
  0.10474142811101021  0.11379599990167617  0.12671290048729814  0.13719628878629772
  0.14665471334200170  0.15592620794304710  0.16524677919388228  0.17627951681808918
  0.18936972847805045  0.20332806216728153  0.21779596217648026  0.23181956974152454
  0.24567299625445541  0.26007897918358464  0.27275263195578697  0.28346579918682729
  0.29323569857582471  0.30255022347183980  0.31067391711545334  0.31874667018472663
  0.32825074877289095  0.33990262426449358  0.35232348457997498  0.36360520769730470
  0.37403952400400264  0.38520701697664955  0.39633978646536178  0.40690067259577450
  0.41678754595090428  0.42704624590512547  0.43746042865185453  0.44788039519570333
  0.45923463202726766  0.47212210069881816  0.48536638736737187  0.49668178362100784
  0.50566537232112319  0.51326838918171791  0.52048899847665997  0.52762277310020422
  0.53524792487199424  0.54362331269908304  0.55394299721036522  0.56678889284310474
  0.58148826257177921  0.59472628945789352  0.60497551159355623  0.61360472386475695
  0.62186152277417939  0.63080647822856706  0.64003017810458629  0.64864632075271222
  0.65704726750301823  0.66699065419515668  0.67914480880713035  0.68883682610220276
  0.69863451154054901  0.70829319292590609  0.71967438821936269  0.72835691148663950
  0.73806261704510245  0.74830236607044187  0.75708814033143457  0.76683188789920864
  0.77721938666158752  0.78753208079630688  0.79791672003427627  0.80732341952266884
  0.81449132452797934  0.82042500646171379  0.82615423533712873  0.83458300660274820
  0.84490869582620087  0.85495801231260948  0.86400161105963191  0.87239695839510278
  0.88306350697574232  0.89647005695834059  0.90834055278377290  0.91845796873451957
  0.92975628337309224  0.94086457190748130  0.95183453928454598  0.96326781317051324
  0.97344625396225104  0.98303320518094361  0.99158251626988070  1.00000000000000000
 -0.00327245350830230  0.01062870592997939  0.02289363322873898  0.03375149730380757
  0.04352122972590614  0.05288293810288334  0.06188858860630259  0.07107162761688658
  0.08273643984685997  0.09427208794359439  0.10740980330647372  0.11885286658529313
  0.12974826980141382  0.14047864648939526  0.15032778850468925  0.15981424994612237
  0.17022461904562558  0.18110673563867866  0.19134023883336684  0.20043275549776859
  0.20994597694857156  0.22028382417055567  0.23207338220604978  0.24227771253986416
  0.25454937215790802  0.26794392150693630  0.27890353209874319  0.28955249898446705
  0.29773514464535444  0.30799000992873110  0.31813375043626602  0.32773520740312495
  0.33719870024078546  0.34637934064964793  0.35533189629574907  0.36460068639799520
  0.37545775804331932  0.38828168890125669  0.40140228678509560  0.41362634283011529
  0.42290430548282032  0.42937504500101997  0.43583089787466900  0.44225926872656501
  0.44972163651022984  0.45822058753275974  0.46734463728918030  0.47708809259513346
  0.48770783340857177  0.49718058860820319  0.50845388894665833  0.52216233676244450
  0.53392684918600952  0.54603575163027129  0.55698549413181675  0.56703438613602208
  0.57633879426824852  0.58550812657794182  0.59388532654991932  0.60321111037732644
  0.61295085643852276  0.62191403801074607  0.63510486466484928  0.64828138844030203
  0.65840427224312303  0.66802760878800360  0.67722301096283621  0.68565513609093787
  0.69760425771626422  0.70850511873259703  0.72072627180470616  0.73303273186566154
  0.74578871405978742  0.75908238533742478  0.77117957964371509  0.78121115149635079
  0.78968174700286875  0.79782466500224325  0.80598418086680845  0.81675142293651193
  0.82894779915444905  0.84154638412363680  0.85522776533371481  0.86698991525416358
  0.87878638228940553  0.88975829555920483  0.90263202031116807  0.91550068788923900
  0.92708778573544137  0.93783616519327795  0.94749864210312118  0.95884218475981764
  0.97018399820716372  0.98006641229137015  0.99013053407649931  1.00000000000000000
 -0.00380637780103369  0.01138473430295245  0.02556590360928950  0.04007610837443585
  0.05457012786367654  0.06699963719814898  0.07819814089322717  0.08863704095066068
  0.09728609390778002  0.10794517288369596  0.11964779779727262  0.13097807998482475
  0.14231708897616052  0.15484083286648670  0.16487039466669939  0.17283047876601587
  0.17912840289906479  0.18515311289904229  0.19276646799869226  0.20225603483964008
  0.21224945933233721  0.22143973923199353  0.23428615643981368  0.24764311509970155
  0.25873011335871277  0.26598812169187935  0.27233173046743259  0.27899966007456950
  0.28766996894354718  0.29804271482929817  0.30605511141624581  0.31439905125150819
  0.32521518568109181  0.33885991963633760  0.35231675316304134  0.36414392207749469
  0.37616371864933978  0.38824932498135045  0.39914841975422038  0.40954062322683782
  0.41982186972311786  0.43148862553528716  0.44447906599472625  0.45887510103990864
  0.47517329414604365  0.48834776794843260  0.50027969458313626  0.51185757293620848
  0.52355270291783251  0.53463585069287700  0.54570479070431832  0.55620485221732885
  0.56748772838435591  0.57754609245765831  0.58543278348818506  0.59309087075426692
  0.60158011580187454  0.61215885931131386  0.62325548570614564  0.63298036196143537
  0.64152702009245988  0.65131378785170169  0.66170800520974460  0.67371267013928193
  0.68669216907445041  0.69683913269508624  0.70816106916417754  0.71896935719643407
  0.72871705859362335  0.73741594306225289  0.74600045941285686  0.75391235765552733
  0.76250428827372463  0.77231594652587821  0.78185159360922207  0.79226002529289630
  0.80523018856004169  0.81926204998063434  0.83277464376673738  0.84552366514633437
  0.85803356725597313  0.86941146742276876  0.88040855379172722  0.89047584998647722
  0.90051732704485099  0.91165603966593034  0.92315867874161617  0.93460038848491211
  0.94433769796694400  0.95373893238064045  0.96145992435036198  0.96843981200323381
  0.97580843323995303  0.98354566757129935  0.99180901765301077  1.00000000000000000
 -0.00438145860539531  0.01875957602577262  0.03176841066472090  0.04406219308628223
  0.05475669253060099  0.06403904037868412  0.07243233326376303  0.08114561388047722
  0.09051372723171161  0.09864445755740825  0.10549271483623195  0.11273501114172665
  0.12119941709044600  0.13094533005660350  0.14144000935923606  0.14961571576599550
  0.15654386605416115  0.16303450031966904  0.17055915730961368  0.17815149480110945
  0.18578989544222080  0.19657018755525768  0.20884944296422361  0.22074484121201515
  0.23138241212228011  0.24210940551762269  0.25360246597314356  0.26509891573539535
  0.27844572065171735  0.29120583839114250  0.30382672900164942  0.31688249405539110
  0.32964976906140492  0.34343539973436865  0.35633948507623769  0.36747924516259217
  0.37903168547148297  0.38778426705000341  0.39379763492028208  0.39966833604841634
  0.40475150508077207  0.41033143488844342  0.41955070115506260  0.43028408387819644
  0.43967813246940363  0.44694730825694895  0.45310806939796389  0.45972167414371745
  0.46729425778433931  0.47669970668054995  0.48598520187463790  0.49380785168719810
  0.50356321181159314  0.51320145158873365  0.52354641335880481  0.53422759261086938
  0.54607644956395718  0.55927720589313623  0.57422896027559645  0.59042972727548726
  0.60381179840858812  0.61498437828827224  0.62463296957180747  0.63137192124792474
  0.63854715054102906  0.64700266504059412  0.65551000057491460  0.66398166515604951
  0.67310505023883493  0.68247144251283132  0.69302087512215438  0.70395038509313235
  0.71458308894702982  0.72705325425918199  0.74179152263612347  0.75764493722745541
  0.77334575891014390  0.78708582176190189  0.80058574470359178  0.81221456338194054
  0.82277750445395881  0.83395380190772228  0.84704879297489566  0.85672378234244151
  0.86704867866566504  0.87776050728876576  0.88974090989794763  0.90361345408010241
  0.91734032878066130  0.93065244091371979  0.94274479856604920  0.95110415898090261
  0.96152883731638195  0.97351551274135939  0.98470143838744884  1.00000000000000000
 -0.00212583831281090  0.00861433469109701  0.01758491880549335  0.02543206219202161
  0.03417658901894250  0.04395476935787544  0.05477507497854806  0.06603162611169641
  0.07800839874651042  0.09075968148667611  0.10332461728107022  0.11557112571778247
  0.12832375177802957  0.14284458375603687  0.15822100761446806  0.17163368938885179
  0.18207947892741813  0.19248591884954644  0.20063391086016294  0.20933716885909934
  0.22012010494816769  0.23307325517620892  0.24274236692809595  0.25183358008223722
  0.26097582641190109  0.27056822115877838  0.28104716528584373  0.29157451947282620
  0.30097749086517550  0.31017057983326524  0.32017630942352998  0.33154744941759762
  0.34346674414464801  0.35433780097297962  0.36868161676860389  0.38226834759025419
  0.39737780041539261  0.41119105997674527  0.42308141132550187  0.43394011111426656
  0.44346069754123407  0.45192523951225566  0.46127710690898355  0.47143384217668399
  0.48290293731614314  0.49485185484511746  0.50510352673460623  0.51351443572539202
  0.52355160779529042  0.53357066036562995  0.54515709552864211  0.55618661611516051
  0.56575572639609717  0.57460056892876044  0.58255222681384977  0.59100877748567160
  0.60011771874220221  0.60768142785215151  0.61685211628952519  0.62998545290877972
  0.64348586398377683  0.65217844830702265  0.65788911028007924  0.66335836226311795
  0.66909926694047650  0.67626976857662324  0.68642140256580353  0.69840898850407684
  0.71017941735317225  0.72202549112569836  0.73611029308017761  0.74995677244204428
  0.76223135839437661  0.77307747474012478  0.78296883443616672  0.79215600064285097
  0.80160897231952044  0.81117814309643188  0.82124592175739020  0.83223477267008639
  0.84267206492560620  0.85186925725812679  0.86143606618552360  0.87169560302329863
  0.88087946787707017  0.88790876409116914  0.89447729980544588  0.90159892176816447
  0.90966867724809708  0.92027922192192735  0.93103342108367737  0.94237141134749403
  0.95471830907818434  0.96972017898567675  0.98570884015278182  1.00000000000000000
 -0.00161279848213266  0.00834944266222612  0.01554774598074659  0.02288653462478035
  0.03019354041199724  0.03705695946386993  0.04307484044057043  0.04904274916780554
  0.05517826407333964  0.06509294196920033  0.08006725223505926  0.09483718083410533
  0.10881338599774813  0.12167103166707215  0.13504183904450898  0.14713503192680646
  0.15946548459054596  0.17153984381091433  0.18439651386706257  0.19887614685913960
  0.21305425475206347  0.22486922697032055  0.23405789456640513  0.24200846608879142
  0.24901771747616061  0.25865403995566427  0.26917065006762658  0.28254039330913833
  0.29502840832625771  0.30858183246150483  0.32102977423191381  0.33125265725671871
  0.34019061133999590  0.34929376613174223  0.35964118426367980  0.37236335389964970
  0.38317429132561481  0.39308525385266785  0.40188700369286662  0.41131197844887413
  0.42248294331614111  0.43531383759040621  0.44648197961576613  0.45587186195326618
  0.46486387823834741  0.47418335552243962  0.48382123393416621  0.49553984135871038
  0.50739212779327603  0.51839705382610690  0.53002589713037285  0.54245938130760873
  0.55370850954931183  0.56245574501402917  0.57033269711429513  0.57977072002123486
  0.59017231578811069  0.59968691246179784  0.60932152125019912  0.61935047297519363
  0.62834387935348956  0.63634033870178119  0.64418546183864922  0.65539614261795209
  0.66721309866556611  0.67945348405428296  0.69316711405535847  0.70820088444376528
  0.72381242507708066  0.73582291715610371  0.74368239406734160  0.75038472050269855
  0.75584839535763249  0.76272113213796366  0.76961621035707051  0.77740129816079639
  0.78496316554579826  0.79274282365003301  0.80236384766284519  0.81308742454271454
  0.82391557984860397  0.83508128067226484  0.84758030050296540  0.86145294783696102
  0.87417917632019715  0.88531569575080571  0.89642464168927749  0.90851799503249264
  0.92075308718282733  0.93320149408727571  0.94467026369835616  0.95540542913514814
  0.96617878580069150  0.97638160365906856  0.98832639979066561  1.00000000000000000
  0.07325577451655282  0.07499340211524365  0.07678861051960485  0.07825400575817645
  0.07955495621213833  0.08083960287775317  0.08226633656351962  0.08384881932608709
  0.08538751930737806  0.08705582261875534  0.08874942180264771  0.09047229873645436
  0.09215858442355526  0.09370583522148616  0.09510295105039554  0.09654775251581431
  0.09771276172075548  0.09887683040573329  0.10004318476171745  0.10113962550270841
  0.10231696709315330  0.10354031304782615  0.10480870708989957  0.10612964119253913
  0.10727773004957782  0.10833532341320419  0.10940036222841289  0.11042526051607068
  0.11141962658914499  0.11237239963209014  0.11329288041181042  0.11425719087893116
  0.11517445858822305  0.11607495051235509  0.11703544405576903  0.11810515685858394
  0.11917979640399722  0.12035939051907495  0.12174046682690114  0.12304210374751096
  0.12457602445733323  0.12608170458964782  0.12760497795940226  0.12901572782391948
  0.13033142618634724  0.13164073977586432  0.13301372241581708  0.13453283800164414
  0.13644304478471836  0.13835629017674939  0.14044769632181911  0.14248202757395786
  0.14425708490308270  0.14565950263153679  0.14682353791888200  0.14785407245431595
  0.14920297517624434  0.15070061746185903  0.15196096277047194  0.15304372484253481
  0.15425228278996267  0.15559436302750168  0.15687423265789555  0.15822331278718388
  0.15939656859281343  0.16160078222074381  0.16375035087161260  0.16595490381286504
  0.16795216208940911  0.17028599713508893  0.17310751414012165  0.17643708317819987
  0.17978320167638329  0.18282348956504801  0.18562206227139103  0.18833585225393931
  0.19138100745790732  0.19479579282929113  0.19946880096312958  0.20468141464444276
  0.21168685897405276  0.21987858163775395  0.22615900799177330  0.23240758376434237
  0.24004759428354469  0.24972511663173358  0.26048452266266947  0.27402933220832387
  0.28731843747017710  0.30188657741089586  0.31678767788676065  0.33292583826000388
  0.34569783948853089  0.36004336988454988  0.87820119991324108  1.00000000000000000
 -0.00209947416635403  0.01085379504167287  0.02006671409858092  0.02711961695990705
  0.03519708329314399  0.04332281302470769  0.05176712324191673  0.06086884701291453
  0.07099848973024335  0.08124977945142101  0.09241386348324163  0.10625117326514991
  0.12216089417981139  0.13974233218343005  0.15607227653484734  0.17328235749808263
  0.18561074672265179  0.19370716051862130  0.20049014035827406  0.20856973990123154
  0.21789602135562192  0.22660863094993042  0.23438039866222182  0.24126675277482457
  0.24666702428164555  0.25305659856350365  0.26091028613075584  0.26877117655375798
  0.27902802552237643  0.29307676037984187  0.30747420684595805  0.32227389962295661
  0.33787595842615248  0.35319785903855211  0.36693362679747660  0.37886386627785407
  0.39063040149467104  0.40348648391171577  0.41784913012031127  0.43170949924441221
  0.44344697452754567  0.45056844494691040  0.45743404785097158  0.46424246654482271
  0.47201196024477282  0.48237934149900430  0.49409739532710462  0.50565458682418341
  0.51610218965661825  0.52560570299612963  0.53491677454880404  0.54397313091060628
  0.55282858740845420  0.56170482771656460  0.57138120538683213  0.58300713530562842
  0.59582270108085844  0.60915005177498205  0.61937152920087357  0.62918178918168077
  0.63927021612708324  0.65098348012790586  0.66301479511470740  0.67413600494521297
  0.68545341841916985  0.69669424808980296  0.70600942409351120  0.71449515301674871
  0.72248307779102339  0.73067560435941092  0.73975259291676521  0.74809437406068013
  0.75538385396249086  0.76217864123590229  0.77113895403513510  0.77977946718419977
  0.78740716197797411  0.79555091768342823  0.80458461856389440  0.81624338164168531
  0.82834913100290097  0.83955409930318625  0.85077902956873663  0.86197350569408715
  0.87332436568800853  0.88432151341129905  0.89511466383619454  0.90554391857131500
  0.91552887156278628  0.92582019540062666  0.93744835740146293  0.95050408638479345
  0.96171655288408697  0.97420958992903350  0.98599456638852179  1.00000000000000000
  0.16599818941034183  0.37686963502298104  0.42190907241277997  0.45196550598815211
  0.47422337668309034  0.49238389603961075  0.50923077241853865  0.52323349685825005
  0.53733917548277466  0.55202547763415544  0.56603943642847288  0.57658765096684539
  0.58356273511253309  0.58958539041696179  0.59578132790432958  0.60237263310429523
  0.61087908252232292  0.61931988972014740  0.62742878131845614  0.63507939218749099
  0.64261888525632005  0.64969372088113486  0.65573465273067955  0.66133769387318753
  0.66667983803502218  0.67080947173823480  0.67563467921538856  0.67976736249794401
  0.68311671417264974  0.68667535428396387  0.69020769684833028  0.69438646159782380
  0.69875133598564443  0.70300039065730913  0.70713499993985840  0.71124277236239397
  0.71485880175968364  0.71762284316966107  0.71994513262676807  0.72199885510968809
  0.72435808678160218  0.72720812409732971  0.73043108704118898  0.73334181279715227
  0.73630829279691967  0.73941593830324936  0.74269871607649474  0.74611116181264370
  0.74964148960754606  0.75349065063239107  0.75748223953200899  0.76105622209234203
  0.76422948873267338  0.76716706395986578  0.77006179846934419  0.77343478911770935
  0.77807129118801099  0.78258525816248148  0.78723657061194940  0.79179938672851746
  0.79619965936827053  0.80087202627072551  0.80516267007812070  0.80838288299221583
  0.81099146945373657  0.81362319360790114  0.81617433855090515  0.81915805785743467
  0.82217401038762827  0.82514020128186616  0.82734218667764448  0.82962977587186537
  0.83197227488377135  0.83418788408225031  0.83660230761001497  0.83903706824349877
  0.84111306769206695  0.84330944634303040  0.84622086052682588  0.84929410897547186
  0.85297825833902186  0.85654904060500936  0.85954670266155120  0.86258427521937542
  0.86575647976692915  0.86893259585918470  0.87389006030828786  0.87967944182743707
  0.88590690053452603  0.89227468638358187  0.89890539357706034  0.90627012139022689
  0.91453591872145645  0.92623917091073271  0.94565040167542802  1.00000000000000000
   4.6711639845399204E-013  -1.0000000000000000     
 F F F F F F F F F F F F F F F F F F F F F F F F F F F F F F F F F F F F F F F F F F F F F F F F F F F F F F F F F F F F F F F F F F F F F F F F F F F F F F F F F F F F F F F F F F F F F F F F F F F F F F F F F F F F F F F F F F F F F F F F F F F F F F F F F F F F F F F F F F F F F F F F F F F F F F F F F F F F F F F F F F F F F F F F F F F F F F F F F F F F F F F F F F F F F F F F F F F F F F F F F F F F F F F F F F F F F F F F F F F F F F F F F F F F F F F F F F F F F F F F F F F F F F F F F F F F F F F F F F F F F F F F F F F F F F F F F F F F F F F F F F F F F F F F F F F F F F F F F F F F F F F F F F F F F F F F F F F F F F F F F F F F F F F F F F F F F F F F F F F F F F F F F F F F F F F F F F F F F F F F F F F F F F F F F F F F F F F F F F F F F F F F F F F F F F F F F F F F F F F F F F F F F F F F F F F F F F F F F F F F F F F F F F F F F F F F F F F F F F F F F F F F F F F F F F F F F F F F F F F F F F F F F F F F F F F F F F F F F F F F F F F F F F F F F F F F F F F F F F F F F F F F F F F F F F F F
  <DiscreteSampler_grid>
  grouped_processes
  1 # 1 for a reference and 2 for a running grid.
  10 # Attribute 'min_bin_probing_points' of the grid.
  1 # Attribute 'grid_mode' of the grid. 1=='default',2=='initialization'
  0.0000000000000000 # Attribute 'small_contrib_threshold' of the grid.
  0.5000000000000000 # Attribute 'damping_power' of the grid.
 # binID   n_entries weight   weight_sqr   abs_weight
    10   10   2.173600206586477E-003   2.285949224040703E-005   2.173600206586477E-003
  </DiscreteSampler_grid>
