  0.00000000705472797  0.00000001438365983  0.00000001865714230  0.00000002195562631
  0.00000002582405049  0.00000003031897601  0.00000003583234354  0.00000004234498730
  0.00000004985916492  0.00000005867703107  0.00000006953777690  0.00000008311497631
  0.00000009991264845  0.00000011984490710  0.00000014325573862  0.00000017033380519
  0.00000020224350115  0.00000024138713820  0.00000028911840091  0.00000034780139807
  0.00000041887610518  0.00000050342672353  0.00000060550406434  0.00000073035242078
  0.00000088688993658  0.00000108137916861  0.00000131216103566  0.00000158047810214
  0.00000189817009407  0.00000228100219459  0.00000276264097780  0.00000335113144747
  0.00000407069663747  0.00000491241785690  0.00000591217548274  0.00000711751575694
  0.00000862682403003  0.00001051606896900  0.00001269543394571  0.00001512991776462
  0.00001797459723297  0.00002117088095946  0.00002536106935250  0.00003062951636161
  0.00003722504654933  0.00004521926074279  0.00005459316110768  0.00006533906299186
  0.00007769794290149  0.00009191428333167  0.00010861670387530  0.00012978443005558
  0.00015554205215218  0.00018609924297561  0.00022180013094824  0.00026406835848155
  0.00031359141265899  0.00037328078501237  0.00044369470493716  0.00052353205417844
  0.00061560331323532  0.00071729825079734  0.00083715335379647  0.00097404387375120
  0.00112937206396357  0.00130481887382059  0.00150687850315442  0.00174426506903515
  0.00202865245785651  0.00234642643388498  0.00268879205610753  0.00305814979460443
  0.00347875625254931  0.00398765297377682  0.00458191052877688  0.00525068630716543
  0.00599885805774339  0.00681450187272725  0.00777464716949224  0.00888386889484473
  0.01015998767932081  0.01162988165553884  0.01331005084206934  0.01547470501570536
  0.01794412806816059  0.02058589783500117  0.02365181644513263  0.02749903682391879
  0.03273161263874659  0.04015590006205246  0.04978701252526976  0.06338652775255688
  0.08398714926630102  0.13220536299432711  0.58040402767279153  1.00000000000000000
  0.00026438573239783  0.00556548663375266  0.00927264195043672  0.01105000294880022
  0.01217636651378036  0.01302384008585832  0.01405962484639348  0.01521814234154706
  0.01638318698841780  0.01754053613469624  0.01867845676084788  0.01982200619077391
  0.02098601690327445  0.02218564411676423  0.02342111572376058  0.02465715387134944
  0.02590231323377315  0.02715377510713722  0.02840536702664482  0.02966881590392162
  0.03093520324174968  0.03220535651144153  0.03346424070255372  0.03474690174283845
  0.03607164650900616  0.03747422864959445  0.03891365454728835  0.04033637057720708
  0.04172363357505270  0.04309817724733319  0.04449744660170790  0.04596143684253025
  0.04746960027516375  0.04899283375140576  0.05049123062435674  0.05200034549393483
  0.05351161169115917  0.05508596076334108  0.05664494496239660  0.05817064633081570
  0.05974551145470429  0.06142529036204858  0.06316520766845175  0.06491857780574671
  0.06672813664997740  0.06859141970137687  0.07051050602507525  0.07246857524153347
  0.07446782800187003  0.07656210231583845  0.07870725117237626  0.08096474915764762
  0.08329858839873822  0.08574618655245210  0.08809982668246777  0.09050217169444737
  0.09289928775818355  0.09553140178921769  0.09822707872655340  0.10113195777134135
  0.10420801532665640  0.10734961774799032  0.11062437847097339  0.11396954653541341
  0.11719509833705008  0.12039651057695942  0.12370328941348836  0.12710334763911979
  0.13044119808980997  0.13363007732493262  0.13704716392619773  0.14051344580093017
  0.14412164825191609  0.14787476287591089  0.15177342093955556  0.15558194692031371
  0.15923261990172877  0.16346038781903949  0.16814590688937769  0.17365226354094770
  0.17955892095904633  0.18499907996571466  0.19010472300294412  0.19515002423799177
  0.20137904722942174  0.20784755091226850  0.21475913881006403  0.22179683359633315
  0.23037183323977767  0.23793631391934952  0.24595224923190215  0.25869237239493670
  0.27051282680049532  0.27974709683890503  0.67607426559231354  1.00000000000000000
 -0.00246256991084064  0.00977179868503179  0.01959331784742327  0.03007046258492772
  0.04017885145411129  0.05042585628974446  0.06042486400609755  0.07116540933449075
  0.08211973896208258  0.09304016641155631  0.10379439527314674  0.11485074254926997
  0.12606572917223030  0.13725146881006961  0.14838581253215280  0.15960490757060872
  0.17069104914926023  0.18170435308283669  0.19258055499012489  0.20349818708978065
  0.21414147366740743  0.22439278273014507  0.23501393698039774  0.24609974859906333
  0.25764071397049398  0.26916236096877516  0.28049569162671673  0.29181003688362567
  0.30273060020592230  0.31365102508743004  0.32433882992010687  0.33501653385086722
  0.34543080783329372  0.35579757265231726  0.36577461568461739  0.37604536356807761
  0.38641168054711184  0.39660925426661836  0.40670693825256959  0.41712817840592287
  0.42789627531945412  0.43840088619435791  0.44827152292323069  0.45800981052155149
  0.46811356886608668  0.47830734317896922  0.48855736264234761  0.49878413598933935
  0.50938140878275251  0.52049138870460632  0.53146532981980998  0.54196091068060859
  0.55216114790883197  0.56192251197041576  0.57166928236574577  0.58137462817095542
  0.59202280968169019  0.60219016694158101  0.61215264732188857  0.62178056937215997
  0.63247632512586582  0.64356059196619653  0.65460575466594328  0.66548391401382900
  0.67635473550085445  0.68698171476554415  0.69727112018591697  0.70753859289254439
  0.71773927777445889  0.72822055597285662  0.73883266162816086  0.74916792675013866
  0.75929300228444063  0.76911382013487584  0.77940277526938506  0.78979380872729299
  0.80048759703223393  0.81110669266199031  0.82156331242096392  0.83202311895502035
  0.84261325203097481  0.85310959065249703  0.86355147786027886  0.87385850525821274
  0.88431506204832921  0.89458131035589228  0.90493840501971512  0.91535935305740146
  0.92605214100645217  0.93682884639353092  0.94750759789948558  0.95810766797406832
  0.96841459679748543  0.97891230729223744  0.98925527241440692  1.00000000000000000
  0.08386516178434487  0.08695889518640763  0.09016306741494769  0.09291702799927183
  0.09540482924429788  0.09773665247664373  0.09994459946112251  0.10209990179463069
  0.10417938057940079  0.10620641460760483  0.10819219609080159  0.11016167700309287
  0.11213961183030398  0.11410343649421439  0.11605710541745289  0.11801762003765129
  0.11998092317218134  0.12190979343325770  0.12379933921803175  0.12567482422414541
  0.12756500534111354  0.12949228127432375  0.13145885763629703  0.13343100245587006
  0.13540185985930264  0.13738624366655389  0.13941385547001395  0.14148147984099807
  0.14353726228343641  0.14558239427568770  0.14762360666498292  0.14967226788852686
  0.15176463349465499  0.15387653568057291  0.15595685606341794  0.15800170948789946
  0.16007415958757124  0.16216709128525494  0.16435518650703551  0.16652501235802475
  0.16876608795134693  0.17100088119797666  0.17329491544591372  0.17565187031559037
  0.17805632796432252  0.18055925912272894  0.18308913478984623  0.18555221923733076
  0.18797296171529998  0.19038027916642811  0.19287699445740428  0.19545457662318738
  0.19801289157757576  0.20053825610099379  0.20310179242064350  0.20572696822855582
  0.20854911017120251  0.21173703131697866  0.21480218870304987  0.21774084572588387
  0.22078282048921477  0.22394714786985290  0.22722440146807601  0.23031098018909893
  0.23359265783993496  0.23717431824202415  0.24098306301370559  0.24494782756398170
  0.24838399433609107  0.25210091337474044  0.25598342408685881  0.26034552960019930
  0.26502774216524677  0.26940930133894414  0.27344115049637746  0.27737324358185905
  0.28126567163505811  0.28530728760974938  0.28979385717490996  0.29544621679814193
  0.30231728418100623  0.30908024006352725  0.31623362093456919  0.32370003795641167
  0.33149374763477707  0.33958768762092317  0.34748828575474872  0.35573587624136771
  0.36714132658118803  0.37799041728683730  0.39356057960478769  0.41660698895241793
  0.44725667323284007  0.49784964074861338  0.56842341184913048  1.00000000000000000
 -0.00249260299388090  0.00958755703548708  0.01979974278455065  0.03045145016583829
  0.04105359586977309  0.05189600332192835  0.06253991579884094  0.07360189519712827
  0.08490791961257647  0.09698821199642316  0.10871708279860479  0.11997837670211871
  0.13127307182562095  0.14304516256974792  0.15452846553658914  0.16539963546552483
  0.17636113978286691  0.18775676467390970  0.20026643355731738  0.21224402481603294
  0.22381074145015489  0.23467409820974294  0.24543591271195236  0.25672019229041504
  0.26815462943523954  0.27969263092143798  0.29086764431260875  0.30221007668168254
  0.31340838483709438  0.32462446441251208  0.33571093468385121  0.34652335512739824
  0.35699694425952977  0.36703182135122969  0.37692290234220699  0.38639337612815255
  0.39624787587614785  0.40584249682352158  0.41551040341035295  0.42510903114308352
  0.43484074534069728  0.44458231163411455  0.45438407302670974  0.46433372968122094
  0.47424911083914689  0.48388635225508592  0.49324531051797899  0.50267807060077552
  0.51242364783680627  0.52239593182855493  0.53228495918404450  0.54183564742435009
  0.55111459451418199  0.56026372643295508  0.56940843973668154  0.57878056869308026
  0.58861296099918570  0.59865479566544721  0.60828767918210502  0.61755307052268105
  0.62688286741524712  0.63650725516036588  0.64620486961558943  0.65621466377739179
  0.66656816664597629  0.67744719165877965  0.68821626928537882  0.69856623276186469
  0.70891703745545465  0.71926275054339528  0.72960329386860767  0.73977315225751850
  0.74989872588532758  0.76040299884679852  0.77106998719611219  0.78163268237435779
  0.79230611460290779  0.80326640670163152  0.81444886570583552  0.82581022478433064
  0.83745232029152128  0.84888036948670775  0.86032794543235858  0.87195585420387289
  0.88274559834225585  0.89308987495471126  0.90310062406763725  0.91342121261599329
  0.92381654928073942  0.93406961930236798  0.94455776047736151  0.95551760025640164
  0.96690317726449448  0.97831308427853614  0.98916671347520047  1.00000000000000000
  0.07376240489169762  0.15328325987658911  0.19287928491801168  0.21957341235423361
  0.24211521237149136  0.26219035276038249  0.28027091119535014  0.29652385086500449
  0.31118311635614498  0.32505109414424371  0.33810658811259353  0.35054491510766683
  0.36245662310379584  0.37384752346613465  0.38463640610599165  0.39502144010251028
  0.40496435037216033  0.41461815143595016  0.42368052365057629  0.43244991060944910
  0.44110137969608082  0.44956348928247031  0.45784052267894221  0.46563896964129514
  0.47335083671135414  0.48096903169301852  0.48848107172101440  0.49584836314150843
  0.50305104150882862  0.51011471060081071  0.51705406079917948  0.52368962357454740
  0.53008173209516374  0.53639704308773517  0.54270786560287609  0.54893957930454618
  0.55506502048912032  0.56115045324868440  0.56718388144237020  0.57316729728514848
  0.57906706918110729  0.58482083398727924  0.59055204563287877  0.59634660938173345
  0.60231936018076981  0.60825697738479567  0.61425687737421175  0.62018998765774658
  0.62614589129655318  0.63195280209143700  0.63758921893192766  0.64308468462211532
  0.64849371843482206  0.65391922216299669  0.65941533984577294  0.66494092170343344
  0.67043635655181388  0.67577516895307499  0.68096914099518824  0.68614977744658301
  0.69137083267402721  0.69664780036343632  0.70188211686477986  0.70705010178400529
  0.71215502768945560  0.71730917477323297  0.72263132808248909  0.72789653806319143
  0.73341181534927058  0.73895921168400602  0.74469644343327102  0.75029703480090271
  0.75579327802669871  0.76124439533077026  0.76681798807282930  0.77253968409357399
  0.77829265467598030  0.78407122045165101  0.78991106706304104  0.79586284395510620
  0.80190009304880427  0.80776654626243705  0.81377459875503699  0.82003530819063386
  0.82671441041731641  0.83376432169996850  0.84088041269849356  0.84805062240364271
  0.85541830186360790  0.86364609227981948  0.87262827999529402  0.88270860364815129
  0.89442149041858854  0.90945779330527077  0.93302029683605892  1.00000000000000000
   3.3187108482869599E-007  -1.0000000000000000     
 F F F F F F F F F F F F F F F F F F F F F F F F F F F F F F F F
  <DiscreteSampler_grid>
  grouped_processes
  1 # 1 for a reference and 2 for a running grid.
  10 # Attribute 'min_bin_probing_points' of the grid.
  1 # Attribute 'grid_mode' of the grid. 1=='default',2=='initialization'
  0.0000000000000000 # Attribute 'small_contrib_threshold' of the grid.
  0.5000000000000000 # Attribute 'damping_power' of the grid.
 # binID   n_entries weight   weight_sqr   abs_weight
    10   10   3.498562883716276E+006   4.935642275903355E+013   3.498562883716276E+006
    16   10   3.498981245175526E+006   4.935943603763473E+013   3.498981245175526E+006
  </DiscreteSampler_grid>
