  0.00357877041969808  0.01246904582580585  0.02083086719254687  0.02729003837512339
  0.03359760152091121  0.04161982209311429  0.05272519276300208  0.06662732664735466
  0.08101716772546337  0.09450729317480297  0.10696737580167333  0.11909210323646807
  0.13179061375841064  0.14422241772960881  0.15829615918593326  0.17107493056097497
  0.18312392179878439  0.19408744225235766  0.20433503695485267  0.21554308308522141
  0.22705026780792734  0.23765370223040849  0.24837115106120439  0.25945472021623345
  0.27115671624287740  0.28307945504026305  0.29359954779104347  0.30425237263615224
  0.31566315501587605  0.32850772318853871  0.34319536926817545  0.35800706309517510
  0.36933461822134556  0.37996936893798750  0.39047900220327070  0.40295675140403725
  0.41318637664985297  0.42394264852982527  0.43363527808652180  0.44363648822573970
  0.45427119059043392  0.46363571615634952  0.46971060829964340  0.47450611639692536
  0.48014013650750748  0.48599922123218714  0.49228061037155246  0.49921869234941868
  0.50853165348895957  0.52133728871588625  0.53226566555001043  0.53673047402915341
  0.54114402534408423  0.54600058966527576  0.55056944669180141  0.55483156161937164
  0.56044300264017977  0.57006124324652951  0.58079405458406996  0.59072477198972961
  0.60051678361706662  0.61229987123639085  0.62493002452028823  0.63772966838201006
  0.64876586875339171  0.65763052195413230  0.66650809152070234  0.67637878244357941
  0.68721444162749412  0.69713871212188483  0.70841483897395419  0.72180995878114762
  0.73529172736096648  0.74786791939231068  0.75997139479602538  0.77234472128175058
  0.78161440761798195  0.78842609596379454  0.79594234216387028  0.80575517748564329
  0.81821399592018895  0.82881500161400123  0.83897218239343752  0.85019900445363961
  0.86107275545069684  0.87247270033989832  0.88378011473622631  0.89494196289887229
  0.90609564590300928  0.91883074509437845  0.93244349233466872  0.94661334109702633
  0.96023790038946555  0.97318153951576891  0.98624870150108190  1.00000000000000000
  0.00835424702446195  0.00939606019179868  0.01040801095428438  0.01147855095977717
  0.01249339745543132  0.01345667590923729  0.01441293795855452  0.01560460602334049
  0.01699656029766659  0.01858207490411131  0.02045357868587845  0.02220676700802373
  0.02355882776183620  0.02503343853596982  0.02666133804322381  0.02833432047379024
  0.03012794420313884  0.03195820189300110  0.03500340648349484  0.03790952090051866
  0.04180504707315093  0.04831857555851384  0.06059199932631566  0.07474624181694443
  0.08912925919750221  0.10388348949598966  0.11863238719854900  0.13409474258792387
  0.15198526331739887  0.17331959569475028  0.19558845133412933  0.21573260617426665
  0.23408717606731708  0.25213777779241042  0.26917237936767968  0.28509898669560713
  0.30581091042806141  0.32781687694121880  0.34672510226322928  0.36238720368320426
  0.37859078423800990  0.39764656751120564  0.41815236500966996  0.43842606534656509
  0.45623678146670232  0.47438138383706502  0.49533364607377017  0.51783718027972547
  0.54014974787525438  0.56396397026352552  0.58698387029439481  0.60739639449043004
  0.62687866240574663  0.64377396970065581  0.66021531126923083  0.67656815114163427
  0.69494107187029874  0.72084947986492609  0.74566146837950342  0.76249554566519218
  0.77577578739785835  0.79031441345421860  0.80451351737016596  0.81729519703314824
  0.82979703389576742  0.84395625436766819  0.85999551388297768  0.87497855372163935
  0.89108733397529172  0.90513639905507692  0.91768652384752625  0.92877247333526747
  0.93892628071783357  0.94757085184736034  0.95471109184969183  0.95993296394397221
  0.96413781360847661  0.96776972336719713  0.97158692493723176  0.97506882673813922
  0.97780978205690716  0.98015404881900148  0.98217124475235507  0.98373279228173471
  0.98447395953674766  0.98514379460851709  0.98592916585331480  0.98662591215501494
  0.98721246903606064  0.98779329281039718  0.98836512467494175  0.98885548681417756
  0.98928888103705093  0.98971058775390863  0.99009389749894405  1.00000000000000000
  0.00302445514057623  0.01184744413572250  0.02041312144126703  0.02986098682322536
  0.04023417865672534  0.05133873835580081  0.06216768796104491  0.07262238433319285
  0.08279764791308075  0.09294299837299268  0.10355544063890075  0.11445266806974727
  0.12544678652967917  0.13608622174831517  0.14633086397814007  0.15724225136789075
  0.17061026618131697  0.18575966631395158  0.19952461772975766  0.21006052955456267
  0.22039530474202071  0.23067629778581739  0.23969323130608317  0.24867987737228289
  0.25938550973818264  0.27169928392527098  0.28561574559640451  0.29739177023722246
  0.30702974603921923  0.31561776130558994  0.32621901350679233  0.33791459976297372
  0.34916224012061486  0.35910354861774063  0.36714362628708536  0.37363565462948556
  0.38126136317897935  0.39106938441195521  0.40300143297423480  0.41647921137443367
  0.42977447496808791  0.44212701749061883  0.45147072875257088  0.46359883480023822
  0.47432295414059428  0.48480293640051392  0.49078531424845806  0.49684154332921693
  0.50431351599319818  0.51197939432005601  0.51776515749858654  0.52258033847077723
  0.53082335290046256  0.54213896894851232  0.55530392165562781  0.56855737979309073
  0.58010846139229366  0.59044994160950548  0.60174310661791885  0.61282748135047638
  0.61902725002374004  0.62252983234205972  0.62821285129346138  0.63512287727753514
  0.64112660769581398  0.64622514847392676  0.65225355406294205  0.66097624410701028
  0.67074124847717431  0.68185979906908023  0.69449496605306016  0.70643802404106815
  0.71817941308733813  0.73047807755825178  0.74268340005764177  0.75459717638651969
  0.76617378019287552  0.77763594739900566  0.78809799742462594  0.79858034779978948
  0.81013270262056536  0.82193812878936201  0.83305234189972421  0.84310506536206697
  0.85274295057864757  0.86206806319023943  0.87169434318051964  0.88360422267728900
  0.89773973466814294  0.91291910214600769  0.92735982438710574  0.94024886608144831
  0.95376963175885288  0.96873702641422399  0.98452905263492485  1.00000000000000000
  0.00850997698248152  0.00889159103924559  0.00977170248107833  0.01089059797777915
  0.01226084698781925  0.01381893536474355  0.01547240459515092  0.01729654896806074
  0.01930018442389392  0.02144110069744035  0.02451114546029875  0.02893262884566218
  0.03432406704924849  0.04052638459080438  0.04739650073919498  0.05477197723406086
  0.06256875050593079  0.07087555618299048  0.07935573423954630  0.08847894409468392
  0.10017804603705377  0.11453449293774350  0.13208635866359061  0.15214332404044384
  0.17472991459636880  0.19677752972385523  0.20900675277176906  0.22032241101801095
  0.23529071040255684  0.25120031813460553  0.26651290086146834  0.28118205239560429
  0.29953714145462601  0.31760560469359911  0.34144338590975887  0.36697492117864489
  0.38809284372923070  0.40552972170657831  0.42234620500237996  0.43923787315437823
  0.45394276569081005  0.46787772594998073  0.48230679487936368  0.50051143483470140
  0.52299365896555228  0.54830558962553189  0.57063242848058959  0.58539650532290755
  0.60212856034580275  0.62160818888333180  0.63772874758266340  0.65636822096541958
  0.67502531441122282  0.69300975626146200  0.71005505148102510  0.72905510219356295
  0.75245716777392457  0.77767861870813348  0.80097688722184845  0.82006214517988862
  0.83684298979114313  0.85436384083643990  0.87155198750879570  0.87825322852115051
  0.88407092753337058  0.88979116845049833  0.89522107648105975  0.90110053911849985
  0.90781191897609481  0.91459857901395258  0.92390160544201683  0.93360032725494657
  0.94058577195083315  0.94610413421186323  0.95139937758230542  0.95717810592223762
  0.96262810321390757  0.96686791617277013  0.97056905561284479  0.97354237192317750
  0.97598504784725537  0.97795311593840639  0.97965794195516620  0.98113922969669054
  0.98250171241146744  0.98374024392395931  0.98472915145944995  0.98561457860153001
  0.98638024722733819  0.98715032109427370  0.98789421237294994  0.98860175440015874
  0.98929407851613560  0.98992744733576721  0.99005331512404993  1.00000000000000000
  0.00000000108879985  0.00000000111824528  0.00000000113765755  0.00000000115472119
  0.00000000117158844  0.00000000119055805  0.00000000121075311  0.00000000123207430
  0.00000000125440841  0.00000000127741826  0.00000000129988982  0.00000000132234313
  0.00000000134307868  0.00000000136190392  0.00000000138148024  0.00000000140102999
  0.00000000142258095  0.00000000144686351  0.00000000147116269  0.00000000149414932
  0.00000000151828256  0.00000000154121941  0.00000000156456011  0.00000000159175153
  0.00000000162243983  0.00000000165693038  0.00000000169720107  0.00000000173713741
  0.00000000177330362  0.00000000181221565  0.00000000184878940  0.00000000188567760
  0.00000000192270282  0.00000000195965863  0.00000000199821334  0.00000000203867151
  0.00000000207818075  0.00000000212057330  0.00000000216951724  0.00000000222166155
  0.00000000227412513  0.00000000232803427  0.00000000238053905  0.00000000243374148
  0.00000000248660835  0.00000000254088224  0.00000000259128465  0.00000000265224246
  0.00000000271649759  0.00000000277938911  0.00000000284618485  0.00000000291446402
  0.00000000298916360  0.00000000307820248  0.00000000318432674  0.00000000329161118
  0.00000000341982140  0.00000000357661244  0.00000000377067652  0.00000000399287670
  0.00000000419463263  0.00000000438516549  0.00000000456245778  0.00000000476333461
  0.00000000498648423  0.00000000521356413  0.00000000543888424  0.00000000574394671
  0.00000000610166669  0.00000000647263572  0.00000000683042835  0.00000000720411499
  0.00000000740378351  0.00000000758731069  0.00000000778797561  0.00000000800962116
  0.00000000825979291  0.00000000868497653  0.00000000930103208  0.00000001009890242
  0.00000001102734735  0.00000001210257262  0.00000001355010146  0.00000001554237374
  0.00000001895331063  0.00000002418973012  0.00000003045368720  0.00000003976532331
  0.00000005402944438  0.00000007793865359  0.00000028528741009  0.00002457121027452
  0.00042177368750942  0.00746372539898469  0.47733205887124597  1.00000000000000000
  0.00001756402658524  0.00033972297333545  0.00052546863308888  0.00065373089809715
  0.00076543856484914  0.00086959130147759  0.00096223907482451  0.00103928470408522
  0.00111940742828710  0.00120180345268522  0.00130849388132373  0.00141457100234673
  0.00152692271878621  0.00164978927268267  0.00179011925646617  0.00193535425036269
  0.00207746520253719  0.00222807548174728  0.00239100889655601  0.00254453651909759
  0.00269958495648338  0.00285365808589666  0.00300091853329546  0.00315197109311895
  0.00330174451201715  0.00346280426999549  0.00363056782755236  0.00379739693387201
  0.00397005324194998  0.00416455220717054  0.00437017672185800  0.00457325237656208
  0.00477790994398476  0.00501466261548883  0.00524712426933141  0.00544379410947605
  0.00561926889347408  0.00579408982716571  0.00598275004403717  0.00616783390766972
  0.00634592644672937  0.00654249451019978  0.00678793324152533  0.00712896151431864
  0.00744580189294513  0.00773046454138145  0.00802745268398765  0.00838353607325913
  0.00881348605816912  0.00925308398077741  0.00964702393580768  0.00999079204691237
  0.01030814394767380  0.01049166819900723  0.01061742321727764  0.01079430613940767
  0.01100581932415361  0.01121452553115580  0.01141569079804710  0.01167424372928410
  0.01205493644124439  0.01255759441005598  0.01318719599727785  0.01393282512611689
  0.01476406247355885  0.01568809872875758  0.01671155935894685  0.01780707421034651
  0.01868288436671238  0.01919927066093179  0.01974471416947801  0.02028759025944441
  0.02097177764468953  0.02187611790466918  0.02296095878962355  0.02434272699545614
  0.02571326357889692  0.02677170779389424  0.02747516202648308  0.02827937208467066
  0.02919758618229080  0.03007412089816341  0.03084732596040088  0.03159287896940947
  0.03238322794017753  0.03316248809705572  0.03389404415945513  0.03454127092515186
  0.03509409755047732  0.03542718379335284  0.03576071746891764  0.03614284457055904
  0.03669898793474852  0.03852211137536098  0.36624245379911263  1.00000000000000000
 -0.00118980309865472  0.00415212916279675  0.01063879185247688  0.01822892746278447
  0.02650244906319859  0.03410336039156832  0.04138337093862419  0.05133540937958064
  0.06222437809570987  0.07157785752771852  0.08260817343918112  0.09176635417118048
  0.09957268857323423  0.10767006821322200  0.11819221336450465  0.12934198155655507
  0.14039389158527033  0.15148539038970360  0.16262982937918541  0.17363846743184000
  0.18291675142123401  0.18845758597995399  0.19359033456199354  0.19905314915941277
  0.20437335236232870  0.20968893963832375  0.21456062183097172  0.21929941991117699
  0.22445364275887014  0.23732932840583387  0.24773021245918406  0.25692716628213647
  0.26682481222758603  0.27641700248665058  0.28566858662902567  0.29632731520699945
  0.30800494633530268  0.32001368588491175  0.33149636374384756  0.34262402148038029
  0.35428823009145127  0.36622953687304960  0.37732383389276503  0.38685820319339148
  0.39681471157113907  0.40786115219393337  0.41840571669941212  0.43094184236187638
  0.44409662356215285  0.45723818880385531  0.46911866478512515  0.48074072450879241
  0.49331905007683391  0.50687841564751246  0.52037589800517214  0.53342432503868920
  0.54655697081081167  0.55884678665142251  0.56931228804678491  0.57953253729485932
  0.59213871321140299  0.60675238564870704  0.61901715620803122  0.62990645980870907
  0.64061042862691053  0.65150931103466303  0.66132441531417585  0.67244658826652581
  0.68467063797254113  0.69631396112617427  0.70751266374801636  0.71922383154581937
  0.73292475354856224  0.74637157589450664  0.75984556902451217  0.77302439835147685
  0.78492890370280854  0.79536434822601576  0.80655412837208451  0.81944255390571130
  0.83273786381562631  0.84401185481325158  0.85496817681967119  0.86657366420898818
  0.87800080270883429  0.88796291261006721  0.89622729775928434  0.90491027801753565
  0.91463064581526232  0.92726945640213232  0.94103037625903641  0.95369311288580683
  0.96510959445756905  0.97652397982359751  0.98857843908980425  1.00000000000000000
 -0.00218445689770408  0.01105260313684872  0.02150285729994942  0.03066253092927050
  0.04004732969353411  0.04860731846536302  0.05669338736020835  0.06524963878990311
  0.07408794132280384  0.08259234994711080  0.09074813373577904  0.09939780813423990
  0.10863052259775312  0.11823979672935213  0.12765004017828432  0.13788875090406760
  0.14946349686304658  0.16289951775380976  0.17926333512002005  0.19694890876936136
  0.21169031199620858  0.22343158094942805  0.23327312644814011  0.24248237553838034
  0.25271037641620475  0.26150918951725760  0.26771717976952747  0.27493386873448261
  0.28277177518545199  0.29074233333502786  0.29865413867330404  0.30765101576360965
  0.32048166209215750  0.33560851752115228  0.34975013308877878  0.36110631621821970
  0.37153278178565607  0.38164974155984011  0.39118441482757099  0.40017254269506825
  0.40776512952588501  0.41577379991149421  0.42559376626867756  0.43744768118105326
  0.44977973413424444  0.46041334628355629  0.46898443573760301  0.47617577873880024
  0.48465086557926923  0.49319991112134898  0.50324807168258012  0.51436549832476208
  0.52667919100128502  0.53819386474980724  0.54865596855785648  0.55811132618575165
  0.56859184947627528  0.57959570027676111  0.58726600662110018  0.59250526900689116
  0.59801177995920241  0.60381639208575300  0.60978962962247429  0.61574612851381982
  0.62148708392365826  0.62748403689415688  0.63721357682840918  0.64936422113648462
  0.66096958356819824  0.67262408548433372  0.68412118916104281  0.69747370711146228
  0.71231330244912494  0.72791650122231732  0.74232033979756273  0.75583412282973672
  0.76947356649567111  0.78288798612917265  0.79614479592728138  0.80846366075406273
  0.82006162223671797  0.83017963752665747  0.83963234993732272  0.84887672984474138
  0.85824998437017486  0.86939705400545308  0.88372885958666425  0.89837632170150272
  0.91177900511314425  0.92441240753865106  0.93700536525357647  0.95039888616380086
  0.96362194199892970  0.97638538278082332  0.98760882357362689  1.00000000000000000
 -0.00142244660624020  0.00610466819757440  0.01360990116425174  0.02393394330616837
  0.03454939278436103  0.04723130228470562  0.06016426550225194  0.07485313180934045
  0.08870363488076559  0.10080185154703077  0.11185756316026406  0.12263549344198926
  0.13509686116668296  0.14844735787314536  0.16032886610878774  0.17078682999649100
  0.18060164476453122  0.18809017035033226  0.19185828779182351  0.19606147442148655
  0.20169472570275870  0.20743851149627091  0.21292037269446543  0.21789007549855149
  0.22345428237924728  0.23511408566789579  0.25219271664728515  0.26748528250011883
  0.27821670435261342  0.28655345479645189  0.29700218533207334  0.31038117994443065
  0.32185320993619226  0.33161089634362201  0.34038283396772029  0.34933180327458413
  0.35677967899443963  0.36472941855785579  0.37384624939019079  0.38413346368888085
  0.39625218160586456  0.40856414715950479  0.42081925309008716  0.42725043785893491
  0.43535719303260428  0.43990267492333585  0.44568043208339436  0.45200999311212248
  0.45826696376099391  0.46402274307684754  0.47057315779741288  0.48053031481681802
  0.49354862254106258  0.50843918620712159  0.52450975816122825  0.54106395392253115
  0.55662423908446923  0.56852468104699383  0.57842431489492452  0.58686134530959055
  0.59462151117170603  0.60368304495454050  0.61372726740395778  0.62401994615120449
  0.63473167319687840  0.64480105534743148  0.65371577536559944  0.66330656525572895
  0.67479882336309061  0.68731046375346672  0.70000150974186481  0.71284838862743072
  0.72398111203939186  0.73382837751993746  0.74310400888754080  0.75335400882186021
  0.76528887979664051  0.77862756589279025  0.79056001261336284  0.80284420848331295
  0.81478330243289876  0.82683833938414519  0.83868882254849508  0.85020193998993265
  0.86121342327648276  0.87227701849521033  0.88395245676084244  0.89589476992679906
  0.90899210435173761  0.92164010792027973  0.93365332023941106  0.94620210103693425
  0.95998465530840149  0.97462608018705021  0.98783274394644127  1.00000000000000000
 -0.00218239164028789  0.00657082008194050  0.01693450692823873  0.02814039246768746
  0.04020926951981104  0.05238501839385744  0.06250085891665340  0.06925321151111564
  0.07468392589161281  0.08194771560653367  0.09048165430171221  0.09758945426024263
  0.10553824479177822  0.11528678252699438  0.12544551330431891  0.13496482236409171
  0.14325360818429442  0.15059734188438822  0.15669712183712545  0.15996444795678214
  0.16387481813636445  0.16792778471958428  0.17346808049498871  0.17855116095937165
  0.18536278518569449  0.19566307960090540  0.20577029631844310  0.21661733879474207
  0.22810948494638100  0.24015983471044600  0.25267780914141835  0.26482194422283106
  0.27586079117996887  0.28570168912681976  0.29492627730434767  0.30455258458698292
  0.31607446359746344  0.32917833005508612  0.34184313370121044  0.35360196286986478
  0.36399986402654516  0.37416231315349330  0.38636482310766418  0.39513757141165190
  0.40633132045118836  0.41893297644600358  0.43222416815216186  0.44388958181844629
  0.45465600369943593  0.46613888512782398  0.47839561325398172  0.49099575196316675
  0.50368787369824608  0.51643788050028161  0.52893892710678259  0.53995354674627105
  0.54971424425128690  0.55995097964491169  0.57111057807017607  0.58377704391860796
  0.59538903080084804  0.60795466527917219  0.62138421465597227  0.63393655182583797
  0.64506969764308875  0.65587886745903046  0.66755663668695320  0.68044805271041453
  0.69457167048884738  0.70999262571673882  0.72407185047831379  0.73594527817180622
  0.74164647982781229  0.74651925983306722  0.75096213337521034  0.75499772070374127
  0.75886174715481747  0.76559011726811244  0.77575719932048504  0.78786281835479210
  0.80119379456007833  0.81651053055567535  0.83157876461843905  0.84418873548244511
  0.85542764038532970  0.86680084580285799  0.87719754517508153  0.88819401200716075
  0.89926029165567756  0.91061897250711343  0.92361498190971147  0.93942777576832270
  0.95599719256882498  0.97018620738709604  0.98357948222256153  1.00000000000000000
 -0.00092536442756812  0.00397509133734135  0.00980134062093345  0.01664573733103085
  0.02396570544189902  0.03100781633410458  0.03860490711815764  0.04865512284566683
  0.06099149411944096  0.07383986498219008  0.08798090540419563  0.10268638317783929
  0.11549069860249701  0.12700820593469861  0.13867435985893617  0.15156366086056117
  0.16388378684374358  0.17416293107040767  0.18336479806948811  0.19250418801030164
  0.20127145392116993  0.21092842898298098  0.22005426991113439  0.22789354108871923
  0.23746210275523505  0.25037363669961937  0.26607739384663220  0.28136269134432124
  0.29518382332992682  0.30439221678201756  0.31016485003123351  0.31622624470921584
  0.32301400123397445  0.32898930260722264  0.33512421013042115  0.34167878573542748
  0.34986527879242701  0.36126195535286459  0.37445831867842544  0.38881576020436603
  0.40340954835562426  0.41600967301396585  0.42488256085856196  0.43460005637199306
  0.44435748365787520  0.45439842918476842  0.46124823757420869  0.46996483183028437
  0.48119096814321760  0.49388752588263757  0.50623958542909919  0.51736109574484168
  0.52646646826971766  0.53548143399437453  0.54658077428492757  0.55786484522278557
  0.56809004275491448  0.57889580184556277  0.59123563753067121  0.60432294543063847
  0.61695717926618854  0.62811909969827184  0.63788271891652715  0.64817195047770448
  0.65990682769509901  0.67217278185668328  0.68604246999309537  0.70231680860614965
  0.71635023629531436  0.72818352534516650  0.73975152403213496  0.75105866372273522
  0.76096302998921816  0.76993151459185516  0.78033978951836935  0.79122287899297095
  0.80141911339515437  0.81214702284220341  0.82392046543273889  0.83578320859929056
  0.84699041431702227  0.85671793834993548  0.86569279440437286  0.87504850647300247
  0.88472115086270564  0.89445509451667637  0.90371848447262848  0.91215516669726493
  0.92035953390102032  0.93044887158854839  0.94077421005119954  0.95071209180617144
  0.96015852803359303  0.96981325885674385  0.98291809223254545  1.00000000000000000
 -0.00321140057288119  0.01192595166648462  0.02347064611478759  0.03488435085966812
  0.04484286204084587  0.05247382114907159  0.05969328022368039  0.06890093539386090
  0.07725799203827528  0.08607636231758753  0.09638374251529785  0.10815096029413158
  0.12199113479433535  0.13721029067970816  0.14831038960764564  0.16001588953128629
  0.17119053308288204  0.18235909135318470  0.19281310042423450  0.20165785982396020
  0.21051317763692737  0.21890188856685949  0.22763826809546478  0.23674287365783586
  0.24555275723827724  0.25691417682349776  0.26703668302683659  0.27830313924288391
  0.28957504273471751  0.30081961474425561  0.31137775665506684  0.32222564632446787
  0.33421323719537249  0.34539360331455193  0.35605339118288898  0.36581280886109929
  0.37549533000192770  0.38661333675142756  0.39838792271249751  0.40929072966234825
  0.41923356817502927  0.43065392024866472  0.44078973919869546  0.45108926193784293
  0.46149060010700099  0.47252708867628884  0.48318839244253681  0.49419312429894369
  0.50425235707228666  0.51504497768797630  0.52651836864660362  0.53722211146498822
  0.54493723076056177  0.55309153362163621  0.56148599160932544  0.56972864517314004
  0.57756193117025478  0.58435202723663304  0.59519748637448899  0.60687468053827087
  0.61780571910277216  0.62811607333673924  0.63782643664204219  0.64902500939235963
  0.66135305151222246  0.66747771706987202  0.67365133118117093  0.67955005464528417
  0.68558001419922321  0.69206458529738946  0.69801083013216292  0.70291982425649235
  0.71144104818603637  0.72509188102644262  0.73783816871173025  0.75060259411563579
  0.76084245120892524  0.77028048625451651  0.78009958984712202  0.78873443569194823
  0.79813220668022533  0.80975179824387800  0.82284060527442004  0.83518284951103960
  0.84627279858495053  0.85653761239974557  0.86685335866808622  0.87818130363123326
  0.89099419210278186  0.90550326563320016  0.92185537028437625  0.93822321813078291
  0.95378147146685788  0.96830535086493197  0.98280991749369240  1.00000000000000000
 -0.00222689511006302  0.00761208718809124  0.01704431194922348  0.02613061035086304
  0.03535123464880234  0.04522730052563947  0.05675101128650968  0.06947097036506010
  0.08346375778055691  0.09718010267483734  0.11006326784602517  0.12238225024090633
  0.13330832681530488  0.14472586696884138  0.15748900761218193  0.16902226516075194
  0.17709647843889306  0.18460832502768948  0.19341311289434066  0.20464947118361285
  0.21526333090457581  0.22337432149187850  0.23356465487423050  0.24256980855186550
  0.25034166009011127  0.25858986502079379  0.26690447962593861  0.27752969570572944
  0.28943495900976418  0.29998998517506015  0.30952693299994977  0.31913412463825708
  0.32810909849670944  0.33659590526530281  0.34575488712385644  0.35433933066328305
  0.36339275773873075  0.37333362685903609  0.38383983571804320  0.39495406851568537
  0.40693583148716739  0.41922467410951014  0.43081881162062025  0.44270445457733154
  0.45454006196412067  0.46632952436816583  0.47878486366629935  0.48412268564605482
  0.48926609588018244  0.49463779133910662  0.50011466856355147  0.50646345771128953
  0.51390410088052363  0.53133246021040059  0.54511864475308891  0.55752117161713033
  0.57022529979233516  0.58345242944967834  0.59693616326508170  0.61154492380386616
  0.62679618794332881  0.64103804293855571  0.65245030750107980  0.66335633745169531
  0.67561180826432543  0.68866821436442738  0.70116814794782267  0.71291132808032576
  0.72385562961021799  0.73370173185531884  0.74395238237577943  0.75505893698641968
  0.76523770492055954  0.77574695125940818  0.78846632302511432  0.80156586671651053
  0.81327967421992220  0.82378360095350600  0.83474331129791757  0.84600603543999131
  0.85868159893681628  0.86743241955842676  0.87658172916895494  0.88691260015413043
  0.89763851828319774  0.90993722164522395  0.92448457033268272  0.93869718222629672
  0.94859163244243838  0.95610049498478267  0.96282477161766666  0.96885705863126603
  0.97557183991953955  0.98320805378060583  0.99155993242654772  1.00000000000000000
 -0.00272921828195740  0.01116055960072821  0.01944123185300284  0.02667103257724757
  0.03700915076790264  0.04826858290372078  0.06029262455011004  0.07376303898965972
  0.08680654803163612  0.09567375364085660  0.10320371704622711  0.11124722492745473
  0.12240582225673767  0.13367784699266017  0.14681033855067505  0.16083861516795972
  0.17454716205284457  0.18699097312481222  0.19876306269028890  0.21016139437123560
  0.22243493348255425  0.23422645334177597  0.24484094173881077  0.25454244149712074
  0.26442954427123611  0.27421583771628399  0.28182671865111836  0.28900938800402676
  0.29676674109788581  0.30434367290260889  0.31137884637362656  0.31870005663990525
  0.32642564296777443  0.33720724527684925  0.35141269566804106  0.36558696335854329
  0.37973014004209316  0.39342964504512351  0.40596171371454293  0.41863071093260446
  0.43188954369405258  0.44474084424931193  0.45621338656411081  0.46653704719470007
  0.47653856373768744  0.48705587399046835  0.49774710085838414  0.50731164339770218
  0.51831582168431267  0.52694812801461610  0.53874158366626834  0.54698569511867734
  0.55518490977278623  0.56502044787381112  0.57639145109827261  0.58314680404752406
  0.58810094921941969  0.59292178438101462  0.59764185859605035  0.60303779955940440
  0.60843847675326956  0.61329225004061372  0.62182673762056317  0.63402565017401336
  0.64606351351529745  0.65705029628988076  0.66807924963388243  0.68030863363743443
  0.69336204368615484  0.70496766287521884  0.71532081737437669  0.72495036384948741
  0.73524175792935620  0.74686602455859263  0.75881913171796977  0.77246166320970688
  0.78611434294785754  0.79807740970517416  0.81033408763371817  0.82408032295653266
  0.83834827186775318  0.85458215711673302  0.87142425237047116  0.88459875039561753
  0.89677431154933451  0.90808354863705021  0.91920064542854629  0.93062693036957034
  0.94091017635375451  0.94927097368108593  0.95700238842355978  0.96381046177792074
  0.97125818612762072  0.98057950372045111  0.98870468568714964  1.00000000000000000
 -0.00324836448626442  0.01088499281570189  0.02440969918282008  0.03678750296945932
  0.04932545856219533  0.06191287229713938  0.07447722971591733  0.08600485689651498
  0.09670598332918606  0.10767239592816304  0.11975875890322615  0.13252656336163041
  0.14478805651792317  0.15606081161819710  0.16623411626212731  0.17598770093585667
  0.18591116220677989  0.19583235237012014  0.20417865151809583  0.21260099123223319
  0.22118841265320074  0.23237442630435287  0.24330721723365345  0.25261138935481525
  0.26174204014167191  0.27134574634840281  0.28095048384492161  0.28645327997182274
  0.29162445785611557  0.29683746618534068  0.30220326491423050  0.30828406767573313
  0.31481190370219847  0.32682731997278114  0.33860660256982222  0.35110878565802917
  0.36315271470775307  0.37554339623436911  0.38885436354663638  0.40320311991955565
  0.41706909055915653  0.42977813367701578  0.44179402442453236  0.45340580028239846
  0.46507952525364543  0.47575847274029415  0.48492050280382565  0.49365038709927417
  0.50370925445800474  0.51581576501876070  0.52681421312844068  0.53661414491134352
  0.54609054927984690  0.55478526409541107  0.56203524606041844  0.56874734355666201
  0.57656393010436857  0.58713668959124565  0.59991486924098669  0.61065913768246549
  0.62205483144612450  0.63567778413017084  0.64921692566723166  0.66145950602891501
  0.67310864546866467  0.68726850123005934  0.70241001281851734  0.71530683960142649
  0.72644031590195512  0.73725381346190177  0.74851621256091672  0.76037870972259891
  0.77289295808779945  0.78583130911589205  0.79881806052106374  0.81168273580571004
  0.82442594457973817  0.83990955587923966  0.84956657500539756  0.85490404990020363
  0.86007387673802393  0.86566980562771034  0.87117745785643674  0.87677387699380749
  0.88203427091128273  0.88769384729581824  0.90292354704481326  0.91296279392891599
  0.92230492031272737  0.93234938418426561  0.94252180353536841  0.95349508874352507
  0.96359275037427095  0.97541805016121830  0.98803681856781267  1.00000000000000000
  0.00651474628112485  0.00749989941593256  0.00783357135415464  0.00812550482739864
  0.00842701346535223  0.00872758123708029  0.00902251101225760  0.00932947495243266
  0.00961563360325990  0.00988664632336446  0.01014324820035475  0.01039982397236735
  0.01065627679800070  0.01091250228470450  0.01116768803983457  0.01142919917479612
  0.01169615876222922  0.01196740813278407  0.01223566034005192  0.01249585603626610
  0.01277359468607389  0.01307709307104394  0.01339180450949535  0.01368952484473048
  0.01399268625497098  0.01430467606898573  0.01462645355280196  0.01491004122900891
  0.01515846047538385  0.01540395367209479  0.01565088974682912  0.01590056378404292
  0.01617525714397047  0.01644750180822959  0.01684276269285043  0.01731990753390678
  0.01778962934233365  0.01824757058002474  0.01869364778034131  0.01915759512149133
  0.01964008639903059  0.02011450859770229  0.02058837653818748  0.02109309631267412
  0.02164865419320465  0.02230208238408506  0.02304442916802569  0.02380774803238703
  0.02450608798374513  0.02509857618723541  0.02562870512048553  0.02617125368993313
  0.02685771513967930  0.02767736713023310  0.02853126616588265  0.02931535475893538
  0.03010102322456804  0.03093593705109579  0.03186315573582622  0.03289305951824965
  0.03405835058286055  0.03502656491965951  0.03553659685445815  0.03604785798633307
  0.03666570255387103  0.03733055017756805  0.03790996477213725  0.03851229950924062
  0.03922441543126445  0.03995689767073923  0.04062162424627044  0.04268183821856225
  0.04440531237127470  0.04600133591748372  0.04767218834095598  0.04965512591537144
  0.05186846395732151  0.05455997573414081  0.05745609912510167  0.05998155009514401
  0.06344793965065280  0.06643013040684205  0.06835180211882168  0.07091291506757094
  0.07405803867363821  0.07812693146635612  0.08208640112446002  0.08524122445940013
  0.08967024195905227  0.09468404700492500  0.09870416982177613  0.10145491443912222
  0.10780302393688078  0.13139421098873558  0.75812950174962379  1.00000000000000000
 -0.00251660909378721  0.00772283768366719  0.01926022074065762  0.03212586564527442
  0.04647188541856981  0.06135401248980413  0.07422769139672938  0.08476117563005790
  0.09385070904327085  0.10247281203171137  0.11147098604938201  0.12193643404614715
  0.13526761055561276  0.15110375469812062  0.16853676384369520  0.18610012896364692
  0.20185228706348643  0.21425386975848315  0.22436387720039397  0.23479762111466843
  0.24555148228042095  0.25835265249294082  0.27183626114579162  0.28396253746947220
  0.29511228545311008  0.30679914368271544  0.31938922506385242  0.33160524148860854
  0.34225971189190746  0.35159706444875943  0.36056312933127516  0.36995908314603726
  0.37985773230070929  0.38974713980331444  0.39805049033741580  0.40691103088346164
  0.41506703225811198  0.42298446412925272  0.43218349666421679  0.44093196798326212
  0.44872151478190986  0.45722652769055100  0.46807692632228304  0.47961714569099628
  0.49061648087048426  0.50135883840552498  0.51160084764073133  0.52330676626606598
  0.53565332716203629  0.54677403176164519  0.55538738971550261  0.56050482964220161
  0.56606157106214572  0.57233278309254043  0.57867753445095715  0.58506416464091637
  0.59163034368667677  0.60076246426355795  0.61278964811991710  0.62526134438299896
  0.63640972068196877  0.64607783151871057  0.65540435572125955  0.66522552667303625
  0.67591104619588838  0.68672278680468690  0.70094525988141143  0.71652513129180928
  0.73140418051748746  0.74167290671608643  0.74773965396261388  0.75316522331607572
  0.75867333151568084  0.76463976103108533  0.77017855044326800  0.77454776256284474
  0.78131824995442944  0.79307848079172227  0.80460251354495149  0.81662145645431261
  0.82836043333943676  0.83880917391372445  0.84758632541240075  0.85648891259813875
  0.86651706518042493  0.87710526613537299  0.88802196614070894  0.90041823722923464
  0.91416708415744952  0.92804356450472891  0.94154376168048970  0.95411948063943941
  0.96559648120981101  0.97648733723609804  0.98735286219811746  1.00000000000000000
 -0.01722910952653464  0.42403443313650935  0.53682786366160828  0.57914405493812782
  0.60649913106265185  0.62587258621362674  0.64219674954167905  0.66079316293994661
  0.67593111113934246  0.68877470631243098  0.69685982543217762  0.70531739883003908
  0.71516545267703457  0.72398803105892440  0.73209063508972494  0.73988459796399242
  0.74738611477184369  0.75455482663087858  0.76181162736657337  0.76869068858589806
  0.77556591334184921  0.78169313166070498  0.78746479132805547  0.79251931753466398
  0.79713731062091953  0.80228450009553653  0.80764875983152329  0.81242083898829454
  0.81657005366859758  0.82026359796275650  0.82361512349335064  0.82648331089636018
  0.82926378776526455  0.83226609977360722  0.83544684776703759  0.83893695692115910
  0.84278048306810360  0.84676334603467895  0.85053009061177576  0.85387771856432304
  0.85686799824337256  0.85910691616185442  0.86041057055715242  0.86183762978913325
  0.86321531883544445  0.86459713172221397  0.86600501273821540  0.86816904353392643
  0.87113405979731551  0.87412984834125984  0.87714971469757241  0.87995468200393945
  0.88252486653924522  0.88499452287881875  0.88736810856178405  0.88967624512809085
  0.89200316018068349  0.89420111087060816  0.89626592450685627  0.89826253421899793
  0.90028527576867601  0.90234116519745122  0.90429338254421521  0.90644399920035823
  0.90795850655129917  0.90898302124400276  0.90993658748239126  0.91087603920609506
  0.91195076234589578  0.91319168687603502  0.91430085693348417  0.91536039423817028
  0.91712370214668992  0.91965022485921866  0.92239535671216644  0.92543631109574909
  0.92839996940225289  0.93133240074324486  0.93422607993482665  0.93673613284519686
  0.93920171337463976  0.94210473055852617  0.94516466541960376  0.94802288636538157
  0.95100363146584721  0.95371330160801515  0.95649951962218061  0.95940547685944533
  0.96246221669334620  0.96571930655617055  0.96911486152713400  0.97289190432933359
  0.97707236996192515  0.98146541757577688  0.98816178400707377  1.00000000000000000
   1.0465072098299897E-011  -1.0000000000000000     
 F F F F F F F F F F F F F F F F F F F F F F F F F F F F F F F F F F F F F F F F F F F F F F F F F F F F F F F F F F F F F F F F F F F F F F F F F F F F F F F F F F F F F F F F F F F F F F F F F F F F F F F F F F F F F F F F F F F F F F F F F F F F F F F F F F F F F F F F F F F F F F F F F F F F F F F F F F F F F F F F F F F F F F F F F F F F F F F F F F F F F F F F F F F F F F F F F F F F F F F F F F F F F F F F F F F F F F F F F F F F F F F F F F F F F F F F F F F F F F F F F F F F F F F F F F F F F F F F F F F F F F F F F F F F F F F F F F F F F F F F F F F F F F F F F F F F F F F F F F F F F F F F F F F F F F F F F F F F F F F F F F F F F F F F F F F F F F F F F F F F F F F F F F F F F F F F F F F F F F F F F F F F F F F F F F F F F F F F F F F F F F F F F F F F F F F F F F F F F F F F F F F F F F F F F F F F F F F F F F F F F F F F F F F F F F F F F F F F F F F F F F F F F F F F F F F F F F F F F F F F F F F F F F F F F F F F F F F F F F F F F F F F F F F F F F F F F F F F F F F F F F F F F F F F F F F F
  <DiscreteSampler_grid>
  grouped_processes
  1 # 1 for a reference and 2 for a running grid.
  10 # Attribute 'min_bin_probing_points' of the grid.
  1 # Attribute 'grid_mode' of the grid. 1=='default',2=='initialization'
  0.0000000000000000 # Attribute 'small_contrib_threshold' of the grid.
  0.5000000000000000 # Attribute 'damping_power' of the grid.
 # binID   n_entries weight   weight_sqr   abs_weight
    10   10   4.725978248552531E+000   2.232647468851921E+002   4.725978248552531E+000
  </DiscreteSampler_grid>
