  0.10273280482652387  0.18878299232952409  0.19006598465904817  0.19134897698857228
  0.19263196931809637  0.19391496164762045  0.19519795397714454  0.19648094630666862
  0.19776393863619274  0.19904693096571682  0.20032992329524091  0.20161291562476499
  0.20289590795428911  0.20417890028381319  0.20546189261333728  0.20674488494286136
  0.20802787727238545  0.20957659141227725  0.21120833708778772  0.21284008276329819
  0.21447182843880863  0.21610357411431910  0.21773531978982957  0.21936706546534004
  0.22099881114085052  0.22263055681636096  0.22426230249187143  0.22589404816738190
  0.22752579384289237  0.22915753951840284  0.25270855553037991  0.25606106672873574
  0.25941357792709163  0.26276608912544747  0.26611860032380330  0.26947111152215919
  0.27240872027232049  0.27506235566258747  0.27771599105285444  0.28036962644312141
  0.28302326183338838  0.28567689722365536  0.28833053261392233  0.29098416800418925
  0.29363780339445622  0.29629143878472314  0.29894507417499011  0.30159870956525703
  0.30425234495552395  0.30690598034579092  0.30955961573605784  0.31221325112632475
  0.31599435311947638  0.31991204796413025  0.32382974280878418  0.32774743765343806
  0.33166513249809199  0.39747819555854230  0.48141884480019176  0.48979837304157120
  0.49817790128295064  0.50655742952433014  0.51493695776570958  0.52331648600708902
  0.53169601424846857  0.54007554248984813  0.54479962990879305  0.54866692385843507
  0.55253421780807710  0.55640151175771912  0.56026880570736115  0.56413609965700318
  0.56800339360664520  0.57187068755628723  0.57573798150592925  0.57960527545557128
  0.58347256940521330  0.58733986335485533  0.59120715730449747  0.59507445125413949
  0.59894174520378152  0.60280903915342354  0.67666306978137436  0.78837707968725335
  0.85612068943853326  0.86087397114317532  0.86562725284781727  0.87038053455245934
  0.87511509838275048  0.87920350325083352  0.88329190811891667  0.88738031298699982
  0.89146871785508297  0.89555712272316601  0.97287678872276073  1.00000000000000000
  0.05264898706884314  0.31552272571986195  0.31854545143972396  0.32156817715958591
  0.32459090287944786  0.32761362859930981  0.33063635431917182  0.33372184481318107
  0.33732698838653574  0.34093213195989042  0.34453727553324509  0.34814241910659977
  0.35174756267995444  0.39205483329431606  0.50722154607710523  0.62238825885989446
  0.64987683330836643  0.65495389700724271  0.66003096070611889  0.66510802440499517
  0.67018508810387134  0.67526215180274762  0.68033921550162380  0.68541627920049997
  0.69049334289937614  0.69557040659825231  0.70064747029712859  0.70572453399600477
  0.73187204362465841  0.74073450043003686  0.74959695723541520  0.75845941404079364
  0.76732187084617198  0.77189933743092065  0.77366488131069289  0.77543042519046523
  0.77719596907023747  0.77896151295000982  0.78072705682978205  0.78249260070955440
  0.78425814458932663  0.78602368846909898  0.78778923234887122  0.78955477622864356
  0.79132032010841580  0.79297896399341872  0.79461151957857490  0.79624407516373108
  0.79787663074888726  0.79950918633404344  0.80114174191919962  0.80277429750435580
  0.80440685308951199  0.80603940867466817  0.80767196425982446  0.80930451984498064
  0.81093707543013682  0.81256963101529300  0.81420218660044918  0.81583474218560537
  0.81746729777076155  0.81909985335591773  0.82073240894107391  0.82236496452623009
  0.82399752011138638  0.82563007569654256  0.82726263128169875  0.82889518686685493
  0.83052774245201111  0.83216029803716729  0.83450062401440506  0.83864770297161950
  0.84279478192883395  0.84694186088604850  0.85108893984326295  0.88386317626506583
  0.89959685665220468  0.90379692521180677  0.90799699377140897  0.91219706233101105
  0.91639713089061325  0.92059719945021534  0.92479726800981743  0.92899733656941952
  0.93319740512902161  0.93739747368862369  0.94159754224822578  0.94579761080782787
  0.94999767936742996  0.95419774792703205  0.95846807306522919  0.96724425851361873
  0.97602044396200838  0.98422616120734741  0.99211308060367376  1.00000000000000000
  0.04874924403617201  0.04957362717820753  0.05039801032024304  0.05122239346227855
  0.05204677660431407  0.05287115974634959  0.05369554288838510  0.05451992603042061
  0.05534430917245613  0.05616869231449164  0.05699307545652716  0.05781745859856267
  0.05864184174059819  0.05946622488263370  0.06029060802466921  0.06111499116670473
  0.06193937430874024  0.06300744364779562  0.06459347652590136  0.06617950940400710
  0.06776554228211283  0.06935157516021857  0.07093760803832432  0.07252364091643006
  0.07410967379453580  0.07569570667264154  0.07728173955074728  0.07886777242885303
  0.08045380530695877  0.08203983818506451  0.08365103267986138  0.08537348266683248
  0.08709593265380361  0.08881838264077471  0.09054083262774583  0.09226328261471695
  0.09398573260168806  0.09570818258865918  0.09743063257563030  0.09915308256260141
  0.10087553254957253  0.10259798253654365  0.10447456779096137  0.10792360581800449
  0.11137264384504761  0.11482168187209073  0.11827071989913385  0.12171975792617697
  0.12516879595322009  0.12861783398026319  0.13206687200730632  0.13551591003434943
  0.13896494806139253  0.14241398608843567  0.14586302411547877  0.14931206214252193
  0.15276110016956509  0.15621013819660823  0.15965917622365139  0.16310821425069455
  0.16655725227773771  0.26982622090013819  0.37636553908659870  0.41967041074542455
  0.42450171491040561  0.42933301907538662  0.43416432324036769  0.43892242355168520
  0.44351725833810807  0.44811209312453093  0.45270692791095379  0.45730176269737666
  0.46189659748379952  0.46649143227022244  0.47108626705664536  0.47568110184306828
  0.48118682396805723  0.48955475003975973  0.49792267611146224  0.58009110762139848
  0.68663042580785894  0.79316974399431950  0.89970906218077984  0.94005449663621232
  0.94401319833184316  0.94797190002747389  0.95193060172310473  0.95588930341873546
  0.95949995719444825  0.96254901106538615  0.96559806493632394  0.96864711880726184
  0.97169617267819974  0.97474522654913764  0.97719805025147866  1.00000000000000000
  0.02790846770278599  0.06695853592802253  0.07141707185604507  0.07587560778406761
  0.08033414371209015  0.08502564299458171  0.09019591915930313  0.09536619532402453
  0.10053647148874595  0.12544352251993637  0.12911227707883799  0.13278103163773960
  0.13644978619664122  0.14011854075554284  0.14378729531444445  0.14745604987334610
  0.15112480443224777  0.15479355899114941  0.15846231355005108  0.16213106810895273
  0.16579982266785440  0.16946857722675601  0.17313733178565766  0.17680608634455927
  0.18047484090346089  0.18414359546236250  0.19752205660212754  0.31523764278911964
  0.37710491295116372  0.38138044800411064  0.38565598305705756  0.38993151811000454
  0.39420705316295146  0.39848258821589844  0.40275812326884541  0.40703365832179239
  0.41130919337473937  0.41558472842768635  0.41986026348063332  0.42413579853358024
  0.42841133358652722  0.43268686863947414  0.43696240369242106  0.48386729236674419
  0.49290171505369107  0.50193613774063794  0.51097056042758482  0.52000498311453169
  0.52903940580147868  0.53807382848842567  0.61256874114607440  0.72918383962880817
  0.73099255077506509  0.73280126192132189  0.73460997306757880  0.73641868421383572
  0.73822739536009252  0.74003610650634943  0.74184481765260624  0.74365352879886315
  0.74546223994512006  0.74727095109137687  0.74907966223763378  0.75088837338389058
  0.75269708453014750  0.75450579567640430  0.75631450682266121  0.75812321796891813
  0.75993192911517493  0.76174064026143185  0.76354935140768865  0.76535806255394556
  0.76716677370020236  0.76897548484645928  0.77078419599271619  0.77244686001521545
  0.77410544556868832  0.77576403112216119  0.77742261667563395  0.77908120222910682
  0.78073978778257958  0.78239837333605244  0.78405695888952520  0.78571554444299807
  0.78737412999647083  0.78903271554994370  0.79069130110341646  0.79314143939916149
  0.79672159920680219  0.80030175901444289  0.80388191882208349  0.80746207862972419
  0.81104223843736489  0.88228441381300116  0.95871382055395793  1.00000000000000000
  0.00000036719492079  0.00000037249317998  0.00000037779143918  0.00000038308969837
  0.00000038838795756  0.00000039368621675  0.00000039898447595  0.00000040428273514
  0.00000040958099433  0.00000041487925352  0.00000042017751272  0.00000042547577191
  0.00000043077403110  0.00000043607229029  0.00000044137054949  0.00000044666880868
  0.00000045303235545  0.00000046193076400  0.00000047082917256  0.00000047972758111
  0.00000048862598966  0.00000049752439822  0.00000050642280677  0.00000051532121532
  0.00000052421962388  0.00000053311803243  0.00000054201644098  0.00000055091484954
  0.00000055981325809  0.00000061527473664  0.00000067268304443  0.00000142718242216
  0.00000484399768882  0.00000978991515354  0.00001034441159353  0.00001089890803351
  0.00001145340447350  0.00001204162109992  0.00001273125910100  0.00001342089710209
  0.00001411053510317  0.00001479087161975  0.00001531076515137  0.00001583065868298
  0.00001635055221460  0.00001687044574622  0.00001739033927783  0.00001791023280945
  0.00001846133085512  0.00001921343431990  0.00001996553778468  0.00002071764124947
  0.00002146974471425  0.00002222184817904  0.00002300781304543  0.00002394321874447
  0.00002487862444351  0.00002581403014255  0.00002674943584159  0.00002768484154063
  0.00003807463438766  0.00012903518176298  0.00013683728063466  0.00014301580587413
  0.00014919433111360  0.00015537285635307  0.00016155138159254  0.00016898175510165
  0.00017666610704427  0.00018435045898688  0.00019203481092950  0.00019971916287212
  0.00020866667593429  0.00021822385381887  0.00022778103170346  0.00023733820958804
  0.00024689538747262  0.00047492554673282  0.00162231669443817  0.00550310685964642
  0.01294129394168316  0.01355179337773941  0.01416229281379566  0.01477279224985190
  0.01538329168590815  0.01600088636572720  0.01664350592313651  0.01728612548054582
  0.01792874503795513  0.01857136459536444  0.01921398415277374  0.02547518845906931
  0.08673537031150301  0.13503740540143094  0.13503740540144094  1.00000000000000000
  0.01371790625611249  0.02041705126376250  0.02056020074603260  0.02070335022830270
  0.02084649971057280  0.02098964919284290  0.02113279867511300  0.02127657151991471
  0.02145646360657089  0.02163635569322706  0.02181624777988323  0.02199613986653941
  0.02217603195319558  0.02350544970406645  0.03100685157402243  0.03190711203799147
  0.03256966112103948  0.03300759114496303  0.03332071074404327  0.03363383034312352
  0.03394694994220376  0.03426006954128400  0.03458055245184933  0.03490911061389732
  0.03523766877594529  0.03556622693799327  0.03589478510004125  0.03623222533803455
  0.03658933689079454  0.03694644844355453  0.03730355999631451  0.03766067154907449
  0.03984254134437752  0.04031987788429242  0.04079721442420732  0.04127455096412222
  0.04175287630439234  0.04225374822902900  0.04275462015366567  0.04325549207830233
  0.04375636400293900  0.04411936799689591  0.04447262142484412  0.04482587485279231
  0.04517912828074051  0.04553238170868871  0.04588563513663690  0.04631710542174550
  0.04676551332021312  0.04721392121868074  0.04766232911714836  0.04811073701561598
  0.04857616074481308  0.04904667768275334  0.04951719462069360  0.04998771155863387
  0.05045822849657413  0.05074027549197234  0.05094803079099050  0.05115578609000866
  0.05136354138902683  0.05157129668804499  0.05177905198706315  0.05198680728608131
  0.05219456258509948  0.05240231788411764  0.05261007318313580  0.05281782848215396
  0.05302558378117212  0.05320741799740840  0.05337869898702912  0.05354997997664984
  0.05372126096627056  0.05389254195589128  0.05406382294551200  0.05423510393513272
  0.05440638492475344  0.05457766591437416  0.05474894690399488  0.05492022789361560
  0.05509150888323631  0.05526278987285704  0.05543407086247776  0.05560535185209848
  0.06257006896900588  0.06397104528786339  0.06397104528787340  0.06397104528788340
  0.06397104528789341  0.06397104528790341  0.06397104528791342  0.06397104528792343
  0.06397104528793343  0.06397104528794344  0.06397104528795344  1.00000000000000000
  0.09296542008717859  0.09464134800253007  0.09631727591788154  0.09799320383323301
  0.09966913174858449  0.10134505966393596  0.10302098757928745  0.10534393796962738
  0.10906487375767866  0.11278580954572995  0.11650674533378123  0.12022768112183253
  0.12394861690988382  0.18853432710339535  0.19378313909020922  0.19903195107702307
  0.20428076306383694  0.20952957505065078  0.21477838703746471  0.22002719902427861
  0.22527601101109254  0.23052482299790644  0.23577363498472029  0.24102244697153413
  0.24627125895834800  0.28478248805613393  0.40488657979035586  0.42057938027156194
  0.42491759611161034  0.42925581195165868  0.43359402779170708  0.43793224363175548
  0.44227045947180388  0.44660867531185228  0.45094689115190068  0.45528510699194907
  0.45962332283199747  0.46396153867204587  0.46829975451209432  0.47263797035214278
  0.47697618619219123  0.53862701047582140  0.65873110221004338  0.68889220935467288
  0.69072293892151326  0.69255366848835376  0.69438439805519425  0.69621512762203464
  0.69804585718887513  0.69987658675571551  0.70170731632255601  0.70353804588939639
  0.70536877545623689  0.70719950502307738  0.70903023458991776  0.71086096415675826
  0.71269169372359875  0.71452242329043913  0.71635315285727963  0.71818388242412012
  0.72001461199096062  0.72184534155780100  0.72367607112464150  0.72550680069148199
  0.72733753025832237  0.72916825982516287  0.73099898939200336  0.73282971895884375
  0.73466044852568424  0.73649117809252462  0.73832190765936512  0.74015263722620561
  0.74198336679304600  0.74381409635988649  0.74564482592672687  0.74747555549356737
  0.74930628506040775  0.82459327230392365  0.89956998934675525  0.90875440721286216
  0.91793882507896907  0.92712324294507586  0.93630766081118255  0.94549207867728935
  0.95467649654339615  0.96091116034660451  0.96519437938042241  0.96947759841424019
  0.97376081744805809  0.97804403648187588  0.98184585646187506  0.98547668516950004
  0.98910751387712503  0.99273834258475002  0.99636917129237501  1.00000000000000000
 -0.00386870304743447  0.00400824704573562  0.00801649409147124  0.01202474113720685
  0.01603298818294247  0.02004123522867809  0.02457416172447017  0.02923631034447197
  0.03389845896447376  0.03856060758447556  0.07843792535039126  0.10538939979994863
  0.10698469604949520  0.10857999229904178  0.11017528854858834  0.11177058479813491
  0.11336588104768149  0.11496117729722806  0.11655647354677463  0.11815176979632121
  0.11974706604586778  0.12134236229541435  0.12293765854496093  0.12453295479450750
  0.12612825104405406  0.12772354729360064  0.12931884354314721  0.13091413979269378
  0.13250943604224036  0.13410473229178693  0.13570002854133351  0.13729532479088008
  0.13889062104042665  0.14048591728997323  0.14208121353951980  0.14367650978906638
  0.14527180603861295  0.14686710228815952  0.14846239853770610  0.15005769478725270
  0.15165299103679930  0.15324828728634587  0.15484358353589248  0.15643887978543905
  0.15803417603498565  0.15962947228453225  0.16122476853407883  0.16282006478362543
  0.16441536103317200  0.16601065728271860  0.23153263898580578  0.34170179619848007
  0.45187095341115435  0.52206196126816429  0.52534678267397472  0.52863160407978527
  0.53191642548559570  0.53520124689140613  0.53848606829721657  0.54177088970302700
  0.54505571110883744  0.54834053251464787  0.55162535392045831  0.55491017532626874
  0.55819499673207917  0.56147981813788961  0.56476463954370004  0.56804946094951048
  0.57133428235532080  0.57461910376113123  0.57790392516694167  0.58118874657275210
  0.62157550067533840  0.67152901258022002  0.67976037530852962  0.68799173803683922
  0.69622310076514893  0.70445446349345853  0.71268582622176824  0.72091718895007795
  0.72914855167838766  0.77319731378671375  0.77701269011795027  0.78082806644918679
  0.78464344278042331  0.78845881911165983  0.79218039916536365  0.79540672011147528
  0.79863304105758692  0.80185936200369856  0.80508568294981031  0.80831200389592195
  0.81153832484203359  0.88983084278731839  0.96988523403803506  1.00000000000000000
  0.03097068866093958  0.04570150914707320  0.04973635162747966  0.05377119410788611
  0.05780603658829257  0.06184087906869902  0.06642077785511920  0.07110710070964013
  0.07579342356416108  0.08047974641868201  0.12588041526445443  0.23467369972482457
  0.34346698418519461  0.41775059031649858  0.42106364680455483  0.42437670329261107
  0.42768975978066731  0.43100281626872355  0.43431587275677980  0.43762892924483598
  0.44094198573289223  0.44425504222094847  0.44756809870900471  0.45088115519706096
  0.45419421168511720  0.45750726817317344  0.46049872622799382  0.46338336394199592
  0.46626800165599797  0.46915263937000007  0.47203727708400212  0.47492191479800422
  0.47780655251200627  0.48172339359459748  0.48656112199539631  0.49139885039619513
  0.49623657879699395  0.50107430719779278  0.50591203559859155  0.51074976399939043
  0.51558749240018920  0.52042522080098796  0.62044877663669507  0.72924206109706524
  0.81288037169844130  0.81450094449610011  0.81612151729375892  0.81774209009141785
  0.81936266288907666  0.82098323568673548  0.82260380848439429  0.82422438128205311
  0.82584495407971203  0.82746552687737085  0.82908609967502966  0.83070667247268848
  0.83232724527034729  0.83394781806800622  0.83556839086566503  0.83718896366332385
  0.83880953646098277  0.84043010925864159  0.84205068205630040  0.84367125485395933
  0.84529182765161814  0.84691240044927696  0.84853297324693588  0.85015354604459470
  0.85177411884225351  0.85339469163991244  0.85501526443757125  0.85663583723523007
  0.85825641003288899  0.85987698283054781  0.86149755562820662  0.86311812842586544
  0.86473870122352425  0.86635927402118318  0.86797984681884199  0.86960041961650081
  0.87122099241415962  0.87284156521181844  0.87446213800947725  0.94768520426805081
  0.96177770046725264  0.96559575966618083  0.96941381886510891  0.97323187806403710
  0.97704993726296518  0.98060692771633173  0.98383910643027639  0.98707128514422104
  0.99030346385816581  0.99353564257211047  0.99676782128605512  1.00000000000000000
  0.00384312470753986  0.23181518922443281  0.23446371178219885  0.23711223433996492
  0.23976075689773099  0.24240927945549706  0.24505780201326310  0.24770632457102917
  0.25027876861676318  0.25235945325524733  0.25444013789373154  0.25652082253221575
  0.25860150717069996  0.26068219180918417  0.26276287644766838  0.26484356108615259
  0.26692424572463680  0.26900493036312101  0.27115825889186373  0.27383807159056756
  0.27651788428927138  0.27919769698797520  0.28187750968667896  0.28455732238538278
  0.28723713508408660  0.28991694778279037  0.29259676048149419  0.29527657318019795
  0.29795638587890172  0.30063619857760548  0.30331601127630931  0.30599582397501307
  0.30867563667371684  0.31135544937242060  0.37339719048456266  0.39830078428885468
  0.40142838086919652  0.40455597744953831  0.40768357402988015  0.41081117061022199
  0.41393876719056383  0.41706636377090567  0.42019396035124745  0.42332155693158929
  0.42644915351193108  0.42957675009227292  0.43270434667261470  0.43583194325295649
  0.43895953983329833  0.44208713641364011  0.44521473299398190  0.44834232957432374
  0.45146992615466552  0.45459752273500731  0.45772511931534915  0.54395872405698531
  0.64613207060386757  0.65331324519096590  0.66049441977806433  0.66767559436516277
  0.67485676895226099  0.68203794353935931  0.68921911812645764  0.69640029271355597
  0.70358146730065430  0.74429223109147757  0.79263364341956255  0.79437808678031541
  0.79612253014106815  0.79786697350182101  0.79961141686257375  0.80135586022332650
  0.80310030358407936  0.80484474694483210  0.80658919030558496  0.80833363366633770
  0.81007807702709056  0.81182252038784330  0.81334702656023239  0.81473188135152497
  0.81611673614281754  0.81750159093411001  0.81888644572540259  0.82027130051669506
  0.82165615530798763  0.82304101009928010  0.82442586489057268  0.82581071968186526
  0.82719557447315772  0.82858042926445030  0.82996528405574277  0.83135013884703535
  0.83273499363832792  0.89370344813091140  0.94290119806925454  1.00000000000000000
  0.02345394690831501  0.02601282777670372  0.02857170864509244  0.03113058951348115
  0.03368947038186987  0.03624835125025858  0.03880723211864729  0.04136611298703601
  0.04475889392357822  0.04826265600367460  0.05176641808377099  0.05527018016386738
  0.05877394224396376  0.06227770432406015  0.06733620608627167  0.07250003024584446
  0.07766385440541726  0.08282767856499007  0.08664264468747356  0.09031118923508766
  0.09397973378270176  0.09764827833031586  0.10131682287792995  0.10498536742554405
  0.10865391197315812  0.11232245652077216  0.11599100106838622  0.11965954561600028
  0.12332809016361435  0.12699663471122841  0.13066517925884247  0.13433372380645653
  0.13800226835407059  0.14167081290168465  0.14533935744929871  0.24693490764403933
  0.36376830093235196  0.43816891569056482  0.43998210868368426  0.44179530167680370
  0.44360849466992314  0.44542168766304252  0.44723488065616196  0.44904807364928140
  0.45086126664240084  0.45267445963552028  0.45448765262863966  0.45630084562175910
  0.45811403861487854  0.45992723160799798  0.46174042460111742  0.46355361759423686
  0.46536681058735629  0.46718000358047573  0.46899319657359523  0.47080638956671467
  0.47261958255983411  0.47443277555295355  0.47624596854607298  0.47805916153919242
  0.47987235453231186  0.48168554752543130  0.48349874051855074  0.48531193351167018
  0.48712512650478956  0.48893831949790900  0.49075151249102844  0.49256470548414788
  0.49437789847726726  0.49619109147038670  0.49800428446350614  0.49981747745662558
  0.60507252272739076  0.72190591601570331  0.81345965896355477  0.81773264541348745
  0.82200563186342013  0.82627861831335281  0.83055160476328549  0.83482459121321828
  0.83909757766315096  0.84337056411308375  0.84764355056301643  0.85191653701294912
  0.85618952346288191  0.86046250991281459  0.86473549636274727  0.86900848281267995
  0.87328146926261263  0.88038480425291832  0.88939227911155772  0.89814151968517775
  0.90624265877152010  0.91434379785786235  0.95262790123621621  1.00000000000000000
  0.02035867770512895  0.02513778067986845  0.02944222802640364  0.03374667537293884
  0.03805112271947403  0.04246760298046570  0.04747206107134781  0.05247651916222991
  0.05748097725311201  0.06248543534399412  0.06661271222702742  0.07073742876629509
  0.07486214530556276  0.07898686184483043  0.08311157838409809  0.08723629492336581
  0.09136101146263352  0.09548572800190123  0.09961044454116895  0.10373516108043666
  0.10785987761970435  0.11198459415897202  0.11610931069823968  0.12023402723750735
  0.12435874377677503  0.22433170797724783  0.34194899125174405  0.36207255950350725
  0.37089488490121997  0.37971721029893268  0.38853953569664540  0.39736186109435817
  0.40618418649207100  0.41500651188978382  0.51215113508004162  0.62976841835453801
  0.74738570162903428  0.79420540912202564  0.79827706144534682  0.80234871376866790
  0.80642036609198908  0.81049201841531016  0.81456367073863134  0.81863532306195241
  0.82270697538527360  0.82677862770859467  0.83085028003191586  0.83441649411500329
  0.83719268499288269  0.83996887587076208  0.84274506674864147  0.84552125762652086
  0.84829744850440014  0.85107363938227953  0.85384983026015893  0.85729350585493946
  0.86082317290055133  0.86435283994616330  0.86788250699177516  0.87141217403738702
  0.87494184108299899  0.87847150812861086  0.88200117517422272  0.88553084221983469
  0.88906050926544655  0.89259017631105841  0.90538055978283971  0.91821978822584804
  0.91993775979906556  0.92165573137228318  0.92337370294550081  0.92509167451871832
  0.92680964609193595  0.92852761766515346  0.93024558923837108  0.93196356081158860
  0.93368153238480622  0.93539950395802374  0.93711747553124136  0.93789414888084821
  0.93840119747202921  0.93890824606321033  0.93941529465439144  0.93992234324557244
  0.94042939183675356  0.94093644042793456  0.94144348901911568  0.94195053761029668
  0.94245758620147779  0.94296463479265891  0.94347168338383991  0.94397873197502102
  0.94448578056620203  0.94499282915738314  0.94532025257746377  1.00000000000000000
  0.01143484910329179  0.09159652197335957  0.09985971061338590  0.10856570869266453
  0.11775377165387839  0.15020363182974419  0.19045671596608721  0.19475893282476242
  0.19906114968343766  0.20336336654211287  0.20766558340078811  0.21196780025946338
  0.21627001711813865  0.22057223397681391  0.22487445083548921  0.22917666769416448
  0.23347888455283972  0.23778110141151493  0.24208331827019017  0.24638553512886538
  0.26906401658924328  0.35523786307194583  0.35897836137646932  0.36271885968099282
  0.36645935798551627  0.37019985629003976  0.37394035459456326  0.37768085289908676
  0.38142135120361020  0.38516184950813370  0.38890234781265720  0.39264284611718070
  0.39638334442170414  0.40012384272622770  0.40386434103075119  0.40760483933527475
  0.41134533763979825  0.41508583594432180  0.48552116176207821  0.60477568235982959
  0.72403020295758092  0.73093514217034705  0.73278321691092929  0.73463129165151153
  0.73647936639209377  0.73832744113267601  0.74017551587325825  0.74202359061384038
  0.74387166535442262  0.74571974009500486  0.74756781483558710  0.74941588957616934
  0.75126396431675158  0.75311203905733370  0.75496011379791594  0.75680818853849818
  0.75865626327908042  0.76050433801966266  0.76235241276024479  0.76420048750082703
  0.76604856224140927  0.76789663698199151  0.76974471172257375  0.77153176049640548
  0.77323133292230584  0.77493090534820608  0.77663047777410643  0.77833005020000667
  0.78002962262590703  0.78172919505180727  0.78342876747770762  0.78512833990360786
  0.78682791232950822  0.78852748475540846  0.79022705718130881  0.79233312503840414
  0.79669026251827768  0.80104739999815122  0.80540453747802487  0.80976167495789841
  0.81411881243777195  0.81847594991764561  0.82283308739751915  0.82719022487739269
  0.83154736235726634  0.89618097153526755  0.90144699076897306  0.90671301000267857
  0.91197902923638408  0.91716564440028692  0.92170870977143915  0.92625177514259127
  0.93079484051374339  0.93533790588489552  0.98140156666437794  1.00000000000000000
  0.04335784514745084  0.25437327847087693  0.25874655694175386  0.26311983541263084
  0.26749311388350777  0.27203128667380200  0.27710261701043165  0.28217394734706136
  0.28724527768369101  0.30646154726000108  0.42190231181203147  0.48006082479372458
  0.48183512297325953  0.48360942115279448  0.48538371933232949  0.48715801751186444
  0.48893231569139939  0.49070661387093439  0.49248091205046934  0.49425521023000429
  0.49602950840953924  0.49780380658907425  0.49957810476860920  0.50135240294814420
  0.50312670112767910  0.50490099930721410  0.50667529748674900  0.50844959566628400
  0.51022389384581901  0.51199819202535390  0.51377249020488891  0.51554678838442392
  0.51732108656395881  0.51909538474349382  0.52086968292302882  0.52264398110256371
  0.52441827928209872  0.52619257746163373  0.52796687564116873  0.52974117382070374
  0.53151547200023863  0.53328977017977364  0.53506406835930864  0.53683836653884365
  0.53861266471837865  0.54038696289791355  0.56290698598576860  0.56704776830785686
  0.57118855062994522  0.57532933295203348  0.57947011527412173  0.58361089759621010
  0.58775167991829835  0.59189246224038672  0.59603324456247508  0.60017402688456334
  0.60431480920665170  0.60845559152873996  0.61259637385082832  0.61673715617291658
  0.62087793849500483  0.62552191718138472  0.70935049921146898  0.71294917379143496
  0.71654784837140095  0.72014652295136694  0.72374519753133293  0.72734387211129892
  0.73089748724908843  0.73440485258130039  0.73791221791351225  0.74141958324572410
  0.74492694857793595  0.74843431391014781  0.75194167924235966  0.75544904457457163
  0.75895640990678348  0.76246377523899533  0.76597114057120719  0.76947850590341904
  0.77627153575226837  0.78513259348944642  0.82198233378789587  0.93742309833992621
  0.94169100188070587  0.94588479748722776  0.95007859309374965  0.95427238870027153
  0.95838084004365776  0.95988051616834291  0.96138019229302796  0.96287986841771300
  0.96437954454239805  0.96587922066708320  0.96710825363794961  1.00000000000000000
  0.03673135836919157  0.03745146357062005  0.03817156877204853  0.03889167397347700
  0.03961177917490548  0.04033188437633396  0.04105198957776243  0.04219792449480413
  0.04582657264359495  0.04945522079238578  0.05308386894117660  0.05671251708996743
  0.06034116523875826  0.10994252843525538  0.16930632708484106  0.17442495664046634
  0.17954358619609162  0.18466221575171690  0.18978084530734218  0.19489947486296749
  0.20001810441859277  0.20513673397421806  0.21025536352984336  0.21537399308546870
  0.22049262264109404  0.22561125219671938  0.26493638532343139  0.27485095107613233
  0.27908156933286155  0.28331218758959070  0.28754280584631992  0.29176979534306863
  0.29585661192430918  0.29994342850554978  0.30403024508679033  0.30811706166803088
  0.31220387824927143  0.31629069483051198  0.32037751141175258  0.32446432799299313
  0.32855114457423368  0.33263796115547423  0.34076598659969332  0.34972261009064154
  0.41317723855133465  0.47994612253626390  0.48173144586137595  0.48351676918648800
  0.48530209251160011  0.48708741583671217  0.48887273916182422  0.49065806248693628
  0.49244338581204833  0.49422870913716044  0.49601403246227249  0.49779935578738455
  0.49958467911249660  0.50137000243760865  0.50315532576272071  0.50494064908783276
  0.50672597241294492  0.50851129573805698  0.51029661906316903  0.51208194238828109
  0.51386726571339314  0.51565258903850519  0.51743791236361725  0.51922323568872930
  0.52100855901384135  0.52279388233895352  0.52457920566406557  0.52636452898917763
  0.52814985231428968  0.52993517563940185  0.53172049896451390  0.53350582228962595
  0.53529114561473812  0.53707646893985017  0.53886179226496222  0.54064711559007428
  0.59190476957907912  0.70903000767995772  0.77280625419690141  0.77698323969281846
  0.78116022518873540  0.78533721068465245  0.78951419618056951  0.79329354409195130
  0.79665012251991452  0.80000670094787774  0.80336327937584096  0.80671985780380429
  0.81007643623176750  0.81141621271769204  0.81141621271770203  1.00000000000000000
  0.08347178704505005  0.08468151638383042  0.08589124572261078  0.08710097506139114
  0.08831070440017150  0.08952043373895187  0.09073016307773223  0.09193989241651260
  0.09314962175529296  0.09435935109407331  0.09556908043285368  0.09677880977163404
  0.09798853911041440  0.09919826844919477  0.10040799778797513  0.10161772712675550
  0.10282745646553586  0.10403718580431622  0.10477342176889097  0.10545290381828132
  0.10613238586767165  0.10681186791706199  0.10749134996645232  0.10817083201584266
  0.10885031406523299  0.10952979611462332  0.11020927816401366  0.11088876021340399
  0.11156824226279433  0.11224772431218466  0.11292720636157499  0.11360668841096533
  0.11428617046035566  0.11496565250974600  0.11564513455913633  0.11632461660852667
  0.11700409865791700  0.11768358070730733  0.11836306275669767  0.11904254480608802
  0.11972202685547835  0.12040150890486868  0.12108099095425902  0.12176047300364935
  0.12243995505303969  0.12311943710243002  0.12379891915182036  0.12447840120121069
  0.12514549879379677  0.12577168186398630  0.12639786493417582  0.12702404800436534
  0.12765023107455487  0.12827641414474439  0.12890259721493391  0.12952878028512343
  0.13015496335531296  0.13078114642550248  0.13140732949569198  0.13203351256588150
  0.13265969563607102  0.13328587870626055  0.13391206177645007  0.13453824484663959
  0.13516442791682912  0.13579061098701864  0.13641679405720816  0.13704297712739769
  0.13766916019758721  0.13829534326777673  0.13892152633796626  0.13954770940815578
  0.14017389247834530  0.14080007554853483  0.14142625861872435  0.14205244168891387
  0.14267862475910340  0.14330480782929289  0.14393099089948241  0.14455717396967194
  0.14518335703986146  0.14580954011005098  0.20922714002456713  0.27512487835585336
  0.34102261668713957  0.40465865550974117  0.41241676609800287  0.41241676609801287
  0.41241676609802286  0.41241676609803285  0.41241676609804284  0.41241676609805283
  0.41241676609806283  0.41241676609807282  0.41241676609808281  1.00000000000000000
  0.15337931712468467  0.15570684897791259  0.15803438083114055  0.16036191268436847
  0.16268944453759643  0.16501697639082435  0.16792042297142193  0.17222549635856715
  0.17653056974571235  0.18083564313285758  0.18514071652000280  0.20955159758540715
  0.21391194839007693  0.21827229919474669  0.22263264999941645  0.22699300080408624
  0.23135335160875597  0.23571370241342571  0.24007405321809544  0.24443440402276517
  0.24879475482743488  0.25315510563210464  0.25751545643677431  0.26187580724144405
  0.26623615804611378  0.27059650885078351  0.27257346380076197  0.27441353433533833
  0.27625360486991468  0.27809367540449104  0.27993374593906739  0.28177381647364375
  0.28361388700822010  0.28545395754279645  0.28729402807737281  0.28913409861194922
  0.29097416914652557  0.29281423968110187  0.29465431021567823  0.29649438075025458
  0.29833445128483094  0.30017452181940729  0.30201459235398359  0.30385466288855995
  0.30569473342313630  0.30753480395771265  0.30937487449228895  0.31121494502686531
  0.31305501556144166  0.31489508609601802  0.31673515663059432  0.31857522716517067
  0.32041529769974703  0.32225536823432333  0.32409543876889968  0.32593550930347603
  0.32777557983805239  0.32961565037262874  0.33145572090720504  0.33329579144178140
  0.39826990461910339  0.40354549772329729  0.40882109082749118  0.41409668393168514
  0.41937227703587904  0.42464787014007288  0.42992346324426678  0.43519905634846062
  0.44047464945265452  0.44575024255684836  0.45102583566104221  0.45630142876523611
  0.53255589388137980  0.65327279510213598  0.73259430537941483  0.74182558508274443
  0.75105686478607403  0.76028814448940363  0.76951942419273323  0.77875070389606293
  0.78798198359939264  0.86419918433965981  0.93896899416284230  0.94270891535527723
  0.94644883654771217  0.95018875774014711  0.95392867893258204  0.95766860012501698
  0.95989459427243373  0.96179333766737984  0.96369208106232596  0.96559082445727196
  0.96748956785221807  0.96938831124716418  0.97095936934153237  1.00000000000000000
  0.34858572085698442  0.44011118182564918  0.44272236365129836  0.44533354547694753
  0.44794472730259671  0.45055590912824589  0.45316709095389512  0.45577827277954430
  0.45840076856624501  0.46153836058351416  0.46467595260078326  0.46781354461805241
  0.47095113663532157  0.47408872865259066  0.47722632066985982  0.48094536031372154
  0.48560673725111320  0.49026811418850486  0.49492949112589646  0.49959086806328812
  0.50350511590995040  0.50734747834741933  0.51118984078488827  0.51503220322235721
  0.51887456565982626  0.52271692809729520  0.52655929053476425  0.53040165297223318
  0.53424401540970223  0.53808637784717117  0.54192874028464022  0.54577110272210916
  0.54961346515957810  0.55345582759704703  0.55729819003451608  0.56114055247198502
  0.56462490877550786  0.56791324927842712  0.57120158978134650  0.57448993028426576
  0.57777827078718502  0.58106661129010428  0.58435495179302366  0.58764329229594292
  0.59093163279886229  0.59421997330178156  0.59750831380470093  0.60079665430762019
  0.60408499481053957  0.60737333531345883  0.61066167581637809  0.61395001631929735
  0.61723835682221673  0.62052669732513599  0.62381503782805525  0.69500344081026777
  0.71554786307446061  0.72376299754471796  0.73197813201497530  0.74019326648523265
  0.74840840095548988  0.75662353542574723  0.76483866989600457  0.80041408521050239
  0.89603847506247380  0.89763965630424680  0.89924083754601980  0.90084201878779280
  0.90244320002956591  0.90404438127133890  0.90564556251311190  0.90724674375488490
  0.90884792499665790  0.91044910623843089  0.91205028748020389  0.91365146872197689
  0.91525264996374989  0.91681384839974744  0.91807297917089026  0.91933210994203307
  0.92059124071317588  0.92185037148431870  0.92310950225546151  0.92436863302660432
  0.92562776379774714  0.92688689456888995  0.92814602534003277  0.92940515611117558
  0.93066428688231839  0.93192341765346121  0.93318254842460391  0.93444167919574672
  0.93570080996688954  0.93695994073803235  0.95251912275950124  1.00000000000000000
   3.0713795847131006E-016  -1.0000000000000000     
 F F F F F F F F F F F F F F F F F F F F F F F F F F F F F F F F F F F F F F F F F F F F F F F F F F F F F F F F F F F F F F F F F F F F F F F F F F F F F F F F F F F F F F F F F F F F F F F F F F F F F F F F F F F F F F F F F F F F F F F F F F F F F F F F F F F F F F F F F F F F F F F F F F F F F F F F F F F F F F F F F F F F F F F F F F F F F F F F F F F F F F F F F F F F F F F F F F F F F F F F F F F F F F F F F F F F F F F F F F F F F F F F F F F F F F F F F F F F F F F F F F F F F F F F F F F F F F F F F F F F F F F F F F F F F F F F F F F F F F F F F F F F F F F F F F F F F F F F F F F F F F F F F F F F F F F F F F F F F F F F F F F F F F F F F F F F F F F F F F F F F F F F F F F F F F F F F F F F F F F F F F F F F F F F F F F F F F F F F F F F F F F F F F F F F F F F F F F F F F F F F F F F F F F F F F F F F F F F F F F F F F F F F F F F F F F F F F F F F F F F F F F F F F F F F F F F F F F F F F F F F F F F F F F F F F F F F F F F F F F F F F F F F F F F F F F F F F F F F F F F F F F F F F F F F F F F
  <DiscreteSampler_grid>
  grouped_processes
  1 # 1 for a reference and 2 for a running grid.
  10 # Attribute 'min_bin_probing_points' of the grid.
  1 # Attribute 'grid_mode' of the grid. 1=='default',2=='initialization'
  0.0000000000000000 # Attribute 'small_contrib_threshold' of the grid.
  0.5000000000000000 # Attribute 'damping_power' of the grid.
 # binID   n_entries weight   weight_sqr   abs_weight
    10   10   3.129908014430630E-003   8.393126051137826E-005   3.129908014430630E-003
  </DiscreteSampler_grid>
