  0.08287783414342591  0.12641470901010821  0.12782941802021641  0.12924412703032462
  0.13065883604043280  0.13207354505054100  0.13348825406064921  0.13490296307075741
  0.13631767208086559  0.13773238109097380  0.13914709010108200  0.14056179911119021
  0.14197650812129842  0.14339121713140662  0.14480592614151480  0.14632438450010313
  0.14811806187843585  0.14991173925676854  0.15170541663510126  0.15349909401343398
  0.15529277139176670  0.15708644877009942  0.15888012614843211  0.16067380352676483
  0.16246748090509755  0.16426115828343027  0.16605483566176299  0.19144557956695357
  0.19961964370848362  0.20779370785001364  0.21596777199154377  0.22414183613307390
  0.23231590027460400  0.24048996441613402  0.24866402855766406  0.29466703092935898
  0.30086410560403876  0.30706118027871854  0.31325825495339826  0.31945532962807804
  0.32565240430275783  0.33184947897743755  0.33804655365211739  0.34424362832679722
  0.35044070300147701  0.40131392868279409  0.44066361086476358  0.44522244761258067
  0.44978128436039783  0.45434012110821498  0.45889895785603213  0.46345779460384928
  0.46801663135166649  0.47257546809948370  0.47713430484730085  0.48169314159511800
  0.48625197834293515  0.49081081509075231  0.49536965183856946  0.49992848858638655
  0.61638163865740481  0.73461797134280915  0.75227027936666457  0.75488008270957696
  0.75748988605248935  0.76009968939540173  0.76270949273831412  0.76531929608122651
  0.76792909942413889  0.77053890276705128  0.77314870610996367  0.77575850945287605
  0.77836831279578855  0.78097811613870094  0.78358791948161333  0.78619772282452571
  0.78880752616743821  0.79141732951035060  0.79402713285326298  0.79663693619617537
  0.79924673953908776  0.80185654288200015  0.80446634622491253  0.80707614956782492
  0.80968595291073731  0.81229575625364969  0.85748217106124835  0.86330560627893294
  0.86912904149661740  0.87495247671430199  0.88002654975165950  0.88509445715605617
  0.89016236456045272  0.89523027196484939  0.93413678779539999  1.00000000000000000
  0.02596307517702655  0.06375649413630322  0.06501298827260642  0.06626948240890962
  0.06752597654521283  0.06878247068151605  0.07003896481781927  0.07129545895412247
  0.07255195309042568  0.07380844722672888  0.07506494136303210  0.07632143549933530
  0.07757792963563852  0.07883442377194172  0.08009091790824494  0.08134741204454815
  0.08260390618085135  0.08386278005279234  0.08512494732736185  0.08638711460193135
  0.08764928187650087  0.08891144915107037  0.09017361642563988  0.09143578370020938
  0.09269795097477890  0.09396011824934841  0.09522228552391791  0.09648445279848743
  0.09774662007305693  0.09900878734762644  0.10027095462219594  0.10153312189676546
  0.10279528917133496  0.10405745644590447  0.10628584791784582  0.10860576192963578
  0.11092567594142574  0.11324558995321572  0.11556550396500569  0.11788541797679565
  0.12020533198858563  0.12252524600037559  0.12484516001216556  0.12712011572501797
  0.12939185614713042  0.13166359656924287  0.13393533699135529  0.13620707741346774
  0.13847881783558019  0.14075055825769264  0.14302229867980509  0.14529403910191754
  0.15138297995704453  0.15866017946328409  0.16593737896952362  0.17321457847576310
  0.18049177798200258  0.19139812713159624  0.29686215322058612  0.40232617930957587
  0.50779020539856567  0.61325423148755565  0.62990101937411891  0.63541628660700100
  0.64093155383988298  0.64644682107276508  0.65196208830564717  0.65747735553852926
  0.66299262277141136  0.66806838024022663  0.67226712396900501  0.67646586769778350
  0.68066461142656198  0.68486335515534047  0.68942802901914502  0.69461035123660420
  0.69979267345406349  0.70497499567152277  0.71015731788898206  0.71533964010644135
  0.72052196232390064  0.72570428454135993  0.76416869840818258  0.86963272449717244
  0.95897797134436669  0.96303359550429779  0.96708921966422901  0.97114484382416011
  0.97520046798409132  0.97924294794976441  0.98270245662480371  0.98616196529984290
  0.98962147397488209  0.99308098264992140  0.99654049132496059  1.00000000000000000
  0.02961458863191709  0.04716069578573712  0.05265472490480749  0.05814875402387787
  0.06380970055548624  0.07010619961876474  0.07640269868204325  0.08269919774532174
  0.14778318325540030  0.15273551100535712  0.15768783875531397  0.16264016650527080
  0.16759249425522763  0.17254482200518440  0.17749714975514119  0.18244947750509796
  0.18740180525505476  0.19235413300501153  0.19730646075496833  0.20225878850492510
  0.20721111625488189  0.30394394737843233  0.42756833782975218  0.55119272828107213
  0.60580524529657975  0.60867243550423922  0.61153962571189857  0.61440681591955804
  0.61727400612721750  0.62014119633487685  0.62300838654253632  0.62587557675019578
  0.62874276695785514  0.63160995716551460  0.63447714737317396  0.63734433758083342
  0.64021152778849288  0.64307871799615224  0.64594590820381170  0.64881309841147117
  0.65168028861913063  0.65454747882678999  0.65741466903444945  0.66028185924210891
  0.66314904944976838  0.66601623965742784  0.69281180465987224  0.70159706248849396
  0.71038232031711579  0.71916757814573773  0.72795283597435956  0.73673809380298139
  0.74552335163160321  0.81062989027797994  0.81445563335257587  0.81644130465472908
  0.81842697595688219  0.82041264725903540  0.82239831856118850  0.82438398986334172
  0.82636966116549482  0.82835533246764792  0.83034100376980113  0.83232667507195424
  0.83431234637410745  0.83629801767626055  0.83828368897841377  0.84026936028056698
  0.84225503158272008  0.84424070288487330  0.84622637418702640  0.84821204548917961
  0.85019771679133282  0.85218338809348593  0.85416898957374054  0.85609671727184511
  0.85802444496994967  0.85995217266805424  0.86187990036615880  0.86380762806426337
  0.86573535576236793  0.86766308346047250  0.86959081115857706  0.87151853885668162
  0.87344626655478619  0.87629845644961379  0.88299126106721271  0.88968406568481151
  0.89637687030241042  0.90306967492000945  0.90976247953760836  0.91645528415520738
  0.96592386988971046  0.97794612048825680  0.98902628602574072  1.00000000000000000
  0.01759021701066608  0.02463693966851165  0.02844054600369003  0.03224415233886842
  0.03604775867404680  0.03985136500922518  0.04399758045986370  0.04845659449822029
  0.05291560853657688  0.05737462257493348  0.06183363661329008  0.06765764800679926
  0.07372148751630817  0.07978532702581707  0.08584916653532601  0.09191300604483499
  0.09797684555434397  0.10404068506385294  0.11010452457336185  0.11616836408287076
  0.12223220359237967  0.16771630574319782  0.17341408408943654  0.17911186243567526
  0.18480964078191398  0.19050741912815269  0.19620519747439141  0.20190297582063013
  0.20760075416686885  0.21329853251310762  0.21899631085934640  0.22469408920558517
  0.25410039573529719  0.37005432892234075  0.37744187171912735  0.37999253438865027
  0.38254319705817325  0.38509385972769616  0.38764452239721914  0.39019518506674206
  0.39274584773626503  0.39529651040578795  0.39784717307531092  0.40039783574483390
  0.40294849841435687  0.40549916108387984  0.40804982375340276  0.41060048642292574
  0.41315114909244871  0.41570181176197168  0.41825247443149466  0.42080313710101758
  0.42335379977054055  0.42590446244006347  0.42845512510958644  0.43100578777910936
  0.43355645044863228  0.43610711311815525  0.49013285417319491  0.58490336086357486
  0.59290438203285278  0.60090540320213071  0.60890642437140863  0.61690744554068644
  0.62490846670996425  0.62671149942158189  0.62844280533068153  0.63017411123978118
  0.63190541714888082  0.63363672305798047  0.63536802896708011  0.63709933487617965
  0.63883064078527929  0.64056194669437894  0.64229325260347858  0.64402455851257823
  0.64575586442167776  0.64715298860245529  0.64853445906716034  0.64991592953186528
  0.65129739999657033  0.65267887046127526  0.65406034092598031  0.65544181139068525
  0.65682328185539030  0.65820475232009523  0.65958622278480028  0.66096769324950522
  0.66234916371421027  0.66373063417891520  0.66511210464362014  0.66649357510832519
  0.76809213362590389  0.85494852078493289  0.85494852078494288  1.00000000000000000
  0.00000000955925188  0.00000002462970157  0.00000002511520008  0.00000002560069860
  0.00000002608619711  0.00000002657169562  0.00000002705719414  0.00000002754269265
  0.00000002802819116  0.00000002851368967  0.00000002899918819  0.00000002948468670
  0.00000002997018521  0.00000003045568373  0.00000003102314167  0.00000003179870479
  0.00000003257426791  0.00000003334983103  0.00000003412539415  0.00000003490095727
  0.00000003567652039  0.00000003645208351  0.00000003722764662  0.00000003800320974
  0.00000003877877286  0.00000005970442528  0.00000020996732184  0.00000057993585585
  0.00000061455978495  0.00000064918371406  0.00000068380764317  0.00000071843157228
  0.00000075913209968  0.00000080330649521  0.00000084748089075  0.00000089165528628
  0.00000093670191056  0.00000099306111852  0.00000104942032647  0.00000110577953443
  0.00000116213874239  0.00000226964559940  0.00000335456034433  0.00000362948551527
  0.00000390441068622  0.00000415442382715  0.00000438568877542  0.00000461695372368
  0.00000484821867195  0.00000507948362021  0.00000536005331904  0.00000565510906694
  0.00000595016481483  0.00000624522056273  0.00000654027631062  0.00000696037947502
  0.00000738365772645  0.00000780693597788  0.00000823021422931  0.00002053291962679
  0.00007222668834114  0.00019914733407255  0.00020375640431144  0.00020836547455032
  0.00021297454478920  0.00021758361502809  0.00022219268526697  0.00022680175550585
  0.00023141082574474  0.00023601989598362  0.00024062896622250  0.00024523803646138
  0.00024984710670027  0.00025447486536229  0.00025914025930159  0.00026380565324088
  0.00026847104718017  0.00027313644111946  0.00027780183505875  0.00028246722899804
  0.00028713262293734  0.00029179801687663  0.00029646341081592  0.00030112880475521
  0.00030579419869450  0.00031045959263379  0.00031512498657308  0.00031979038051238
  0.00052018219423892  0.00183898064577379  0.00650482680702330  0.02296362420947001
  0.03638824952134900  0.03638824952135900  0.03638824952136900  1.00000000000000000
  0.00169926159544134  0.00187593857709570  0.00190053209263012  0.00192512560816454
  0.00194971912369895  0.00197431263923337  0.00199710225737037  0.00200924941350082
  0.00202139656963127  0.00203354372576172  0.00204569088189217  0.00205783803802263
  0.00206998519415308  0.00208213235028353  0.00209427950641398  0.00210642666254443
  0.00211857381867488  0.00213072097480533  0.00214286813093578  0.00215570745080142
  0.00216973264665331  0.00218375784250520  0.00219778303835709  0.00221180823420898
  0.00222583343006087  0.00223985862591276  0.00225388382176465  0.00226790901761654
  0.00228193421346843  0.00229595940932032  0.00230998460517221  0.00232318776334193
  0.00233535450237063  0.00234752124139934  0.00235968798042804  0.00237185471945675
  0.00238402145848545  0.00239618819751416  0.00240835493654287  0.00242052167557157
  0.00243268841460028  0.00244485515362898  0.00245702189265769  0.00246918863168639
  0.00248135537071510  0.00249352210974380  0.00251297485984133  0.00253679809158798
  0.00256062132333462  0.00258444455508127  0.00260826778682791  0.00263209101857455
  0.00265591425032120  0.00267973748206784  0.00270443006557231  0.00273010625598455
  0.00275578244639680  0.00278145863680904  0.00280713482722129  0.00283281101763353
  0.00285848720804578  0.00288416339845802  0.00328949681170359  0.00396159155340884
  0.00404374893674145  0.00412590632007406  0.00420806370340668  0.00429567985704002
  0.00438422739923136  0.00447277494142269  0.00456233763314497  0.00465777235745190
  0.00475320708175883  0.00484864180606575  0.00584605405757770  0.00870655915599659
  0.01295955482690580  0.01326807121240456  0.01355760108857896  0.01384713096475336
  0.01412849456810743  0.01440198305306704  0.01467547153802664  0.01494896002298625
  0.01863296611826022  0.02774880325753976  0.03385939698078975  0.03385939698079975
  0.03385939698080975  0.03385939698081974  0.03385939698082974  0.03385939698083974
  0.03385939698084974  0.03385939698085974  0.03385939698086974  1.00000000000000000
  0.08491170008977253  0.09202973842100161  0.09914777675223067  0.10670635544718202
  0.11531822964553830  0.12393010384389459  0.23126484872964315  0.31410371616687677
  0.31895591470851908  0.32380811325016146  0.32866031179180383  0.33351251033344620
  0.33836470887508857  0.34321690741673100  0.34806910595837337  0.35292130450001580
  0.35777350304165817  0.36262570158330054  0.36747790012494291  0.37233009866658523
  0.42957294310856103  0.48082684055155600  0.48363459774890366  0.48644235494625138
  0.48925011214359904  0.49205786934094675  0.49486562653829441  0.49767338373564213
  0.50048114093298979  0.50328889813033750  0.50609665532768522  0.50890441252503282
  0.51171216972238054  0.51451992691972825  0.51732768411707597  0.52013544131442357
  0.52294319851177129  0.52575095570911901  0.52855871290646672  0.53136647010381444
  0.53417422730116215  0.53698198449850987  0.53978974169585758  0.58189332003533267
  0.62922903160989263  0.63578828237592655  0.64234753314196058  0.64890678390799461
  0.65546603467402864  0.66202528544006267  0.66858453620609670  0.67514378697213073
  0.68170303773816465  0.70160156057838352  0.81266726210081941  0.81461108558542616
  0.81655490907003292  0.81849873255463967  0.82044255603924643  0.82238637952385329
  0.82433020300846005  0.82627402649306680  0.82821784997767356  0.83016167346228031
  0.83210549694688707  0.83404932043149382  0.83599314391610069  0.83793696740070744
  0.83988079088531420  0.84182461436992106  0.84376843785452782  0.84571226133913457
  0.84765608482374144  0.84959990830834820  0.85154373179295495  0.85348755527756182
  0.85543137876216857  0.85737520224677533  0.85931902573138208  0.86126284921598883
  0.86320667270059570  0.86515049618520246  0.86709431966980921  0.86903814315441597
  0.87098196663902272  0.87292579012362947  0.87486961360823623  0.88075662460231019
  0.88692715135407774  0.89309767810584539  0.89759559732226013  0.90076139173712710
  0.90392718615199408  0.90709298056686105  0.90808457533518472  1.00000000000000000
  0.11594873269399010  0.11753089780380566  0.11911306291362123  0.12069522802343678
  0.12227739313325235  0.12385955824306791  0.12618976784700245  0.13045127941078935
  0.13471279097457625  0.13897430253836313  0.14323581410215003  0.18817230328861570
  0.21275440735071632  0.21818526548852013  0.22361612362632391  0.22904698176412772
  0.23447783990193147  0.23990869803973519  0.24533955617753894  0.25077041431534269
  0.25620127245314644  0.26163213059095020  0.26706298872875395  0.30398662080932248
  0.33456785655082111  0.33626048963351296  0.33795312271620487  0.33964575579889672
  0.34133838888158863  0.34303102196428054  0.34472365504697239  0.34641628812966430
  0.34810892121235615  0.34980155429504806  0.35149418737773991  0.35318682046043182
  0.35487945354312367  0.35657208662581552  0.35826471970850743  0.35995735279119928
  0.36164998587389113  0.36334261895658299  0.36503525203927484  0.36672788512196675
  0.36842051820465860  0.37011315128735045  0.37180578437004230  0.37349841745273421
  0.37518880828234652  0.37686157587901015  0.37853434347567377  0.38020711107233740
  0.38187987866900103  0.38355264626566465  0.38522541386232828  0.38689818145899191
  0.38857094905565553  0.39024371665231916  0.39191648424898284  0.39358925184564647
  0.39526201944231010  0.40083773823952434  0.40843788187224594  0.41603802550496760
  0.42363816913768915  0.43123831277041069  0.45659567736134349  0.56502647149904472
  0.67345726563674602  0.78188805977444709  0.89031885391214827  0.90131556752280306
  0.90709155171394396  0.91286753590508474  0.91746388947795821  0.91979322066963065
  0.92212255186130321  0.92445188305297565  0.92678121424464821  0.92911054543632077
  0.93143987662799321  0.93376920781966577  0.93609853901133822  0.93783377999263962
  0.93867170338482209  0.93950962677700445  0.94034755016918681  0.94118547356136928
  0.94202339695355164  0.94286132034573400  0.94369924373791647  0.94453716713009883
  0.94537509052228119  0.94621301391446366  0.94672894875208535  1.00000000000000000
  0.03210335572560633  0.03438677967251349  0.03667020361942064  0.03895362756632779
  0.04123705151323494  0.04476683426993189  0.04858545729601556  0.05240408032209923
  0.05622270334818290  0.06004132637426658  0.06409359650732679  0.06856828087102251
  0.07304296523471823  0.07751764959841394  0.08199233396210966  0.08646701832580540
  0.09094170268950116  0.09541638705319692  0.09989107141689268  0.10428063947679185
  0.10684226799232108  0.10940389650785029  0.11196552502337952  0.11452715353890874
  0.11708878205443796  0.11965041056996718  0.12221203908549640  0.12477366760102562
  0.12733529611655484  0.12989692463208408  0.13245855314761329  0.13502018166314250
  0.13758181017867172  0.14014343869420096  0.14270506720973017  0.14526669572525938
  0.14782832424078862  0.15038995275631789  0.15295158127184713  0.15551320978737637
  0.15807483830290564  0.16063646681843488  0.16319809533396412  0.16575972384949339
  0.24163169008573310  0.31486828874516526  0.32095097050838517  0.32703365227160514
  0.33311633403482510  0.33919901579804507  0.34528169756126509  0.35136437932448511
  0.35744706108770508  0.36352974285092504  0.36961242461414495  0.38826219760134040
  0.50431598464283356  0.52771461265772923  0.53573779028510626  0.54376096791248330
  0.55178414553986022  0.55980732316723714  0.56783050079461417  0.57585367842199109
  0.59119528933985055  0.70724907638134360  0.75111202440825353  0.75287259197457035
  0.75463315954088717  0.75639372710720398  0.75815429467352080  0.75991486223983751
  0.76167542980615432  0.76343599737247114  0.76519656493878796  0.76695713250510478
  0.76871770007142159  0.77047826763773841  0.77194188060289992  0.77333047524598342
  0.77471906988906680  0.77610766453215019  0.77749625917523357  0.77888485381831707
  0.78027344846140045  0.78166204310448384  0.78305063774756722  0.78443923239065072
  0.78582782703373411  0.78721642167681749  0.78860501631990088  0.78999361096298437
  0.79138220560606776  0.88394621295849907  0.93152505556742349  1.00000000000000000
  0.01399594148000076  0.01439003457233309  0.01478412766466541  0.01517822075699773
  0.01557231384933006  0.01596640694166238  0.01636050003399471  0.01675459312632703
  0.01714868621865935  0.01754277931099168  0.01793687240332400  0.01833096549565633
  0.01872505858798865  0.01911915168032097  0.01951324477265330  0.01990733786498562
  0.02030143095731795  0.02069552404965027  0.02182855221472777  0.02335892156807592
  0.02488929092142407  0.02641966027477221  0.02795002962812036  0.02948039898146851
  0.03101076833481665  0.03254113768816480  0.03407150704151295  0.03560187639486109
  0.03713224574820924  0.03866261510155738  0.04019298445490553  0.04182095035219591
  0.04598611051807430  0.05015127068395269  0.05431643084983108  0.05848159101570947
  0.06628626632942569  0.10571298097550297  0.10810109375940455  0.11048920654330611
  0.11287731932720768  0.11526543211110925  0.11765354489501083  0.12004165767891239
  0.12242977046281396  0.12481788324671553  0.12720599603061711  0.12959410881451866
  0.13198222159842024  0.13437033438232182  0.13675844716622337  0.13914655995012495
  0.14153467273402651  0.14392278551792809  0.14631089830182967  0.14869901108573125
  0.15108712386963286  0.15347523665353444  0.15586334943743604  0.15825146222133762
  0.16063957500523923  0.16302768778914084  0.16541580057304242  0.21784205030769985
  0.32530561906464417  0.43276918782158863  0.54023275657853298  0.60718734206895397
  0.61464461531007630  0.62210188855119852  0.62955916179232085  0.63701643503344307
  0.64447370827456540  0.65193098151568774  0.65938825475681007  0.66924416065796066
  0.77670772941490485  0.87548282170825609  0.88114022624034150  0.88679763077242690
  0.89245503530451231  0.89811243983659772  0.90376984436868324  0.90942724890076865
  0.91508465343285417  0.91977254710716727  0.92408408943382681  0.92839563176048645
  0.93270717408714598  0.93701871641380552  0.94161224963127177  0.94624121585637477
  0.95087018208147767  0.95549914830658067  0.97756445805231729  1.00000000000000000
  0.01969319184621171  0.13030733113056583  0.13561466226113167  0.14092199339169750
  0.14628721893872382  0.15237048864407637  0.15845375834942890  0.16453702805478146
  0.24441228926747435  0.31369252445829832  0.31646057733056204  0.31922863020282582
  0.32199668307508955  0.32476473594735333  0.32753278881961706  0.33030084169188084
  0.33306889456414462  0.33583694743640841  0.33860500030867219  0.34137305318093597
  0.34414110605319975  0.34690915892546353  0.34967721179772732  0.35244526466999110
  0.35521331754225488  0.35798137041451866  0.36074942328678244  0.36351747615904617
  0.36628552903130995  0.36905358190357368  0.37182163477583746  0.37458968764810124
  0.39907474344152494  0.40385832733641258  0.40864191123130028  0.41342549512618793
  0.41820907902107557  0.42299266291596316  0.42777624681085075  0.43255983070573834
  0.43734341460062592  0.44212699849551357  0.44691058239040116  0.45169416628528875
  0.45647775018017633  0.52141286970223943  0.52787936649903155  0.53434586329582368
  0.54081236009261580  0.54727885688940781  0.55374535368619981  0.56021185048299194
  0.56667834727978394  0.57314484407657595  0.57961134087336807  0.63410386699641530
  0.64756176662055653  0.64947810261457417  0.65139443860859181  0.65331077460260956
  0.65522711059662719  0.65714344659064483  0.65905978258466258  0.66097611857868022
  0.66289245457269796  0.66480879056671560  0.66672512656073324  0.66864146255475099
  0.67055779854876862  0.67247413454278626  0.67439047053680390  0.67630680653082154
  0.67822314252483928  0.68013947851885692  0.68205581451287456  0.68397215050689220
  0.68588848650090994  0.68780482249492758  0.68972115848894522  0.69163749448296286
  0.69355383047698049  0.69547016647099824  0.69738650246501588  0.69930283845903352
  0.70121917445305115  0.70313551044706879  0.70505184644108654  0.70696818243510418
  0.74274000653541183  0.86236360810833912  0.96001212945606718  0.96850222366109773
  0.97699231786612839  0.98481477806274442  0.99240738903137204  1.00000000000000000
  0.13754909833272294  0.18882016455888909  0.19014032911777817  0.19146049367666726
  0.19278065823555635  0.19410082279444543  0.19542098735333452  0.19674115191222361
  0.19806131647111269  0.19938148103000178  0.20070164558889086  0.20202181014777995
  0.20334197470666901  0.20466213926555810  0.20598230382444718  0.20730246838333627
  0.20870013010086497  0.21037393842250379  0.21204774674414259  0.21372155506578142
  0.21539536338742021  0.21706917170905901  0.21874298003069784  0.22041678835233663
  0.22209059667397543  0.22376440499561426  0.22543821331725306  0.22711202163889185
  0.22878582996053068  0.31439833241463067  0.42473445246983338  0.53507057252503609
  0.54710391402681502  0.55288687747044252  0.55866984091407002  0.56445280435769751
  0.57023576780132501  0.57601873124495251  0.58180169468857990  0.58758465813220750
  0.59336762157583500  0.59915058501946261  0.60517819999776912  0.61280605125601750
  0.62043390251426578  0.62806175377251416  0.63568960503076255  0.64331745628901094
  0.65094530754725932  0.65857315880550771  0.66620101006375620  0.75044734645471256
  0.75288274415032652  0.75531814184594037  0.75775353954155433  0.76018893723716818
  0.76262433493278214  0.76505973262839599  0.76749513032400996  0.76993052801962381
  0.77236592571523777  0.77480132341085173  0.77723672110646558  0.77967211880207954
  0.78210751649769350  0.78454291419330735  0.78697831188892131  0.78941370958453527
  0.79184910728014912  0.79428450497576308  0.79671990267137693  0.79915530036699090
  0.80159069806260475  0.80402609575821871  0.80646149345383256  0.80889689114944652
  0.81133228884506037  0.86993276122668106  0.88018471821083599  0.88561900880077160
  0.89105329939070721  0.89627041901344640  0.89990087597280899  0.90353133293217169
  0.90716178989153440  0.91079224685089699  0.91442270381025970  0.91729840909620752
  0.91895259117672412  0.92060677325724072  0.92226095533775732  0.92391513741827380
  0.92556931949879040  0.92722350157930700  0.92794067064921060  1.00000000000000000
  0.06463640530904133  0.18886208005761188  0.19022416011522378  0.19158624017283565
  0.19294832023044756  0.19431040028805943  0.19567248034567133  0.19703456040328321
  0.19839664046089511  0.19975872051850699  0.20112080057611889  0.20248288063373077
  0.20384496069134267  0.20520704074895454  0.20656912080656645  0.20793120086417832
  0.20955016268289053  0.21127673506088152  0.21300330743887247  0.21472987981686342
  0.21645645219485440  0.21818302457284536  0.21990959695083634  0.22163616932882729
  0.22336274170681827  0.22508931408480926  0.22681588646280021  0.22854245884079116
  0.30163989902254729  0.41515069804929716  0.42254545312582087  0.42850381518456038
  0.43446217724329994  0.44042053930203950  0.44637890136077901  0.45233726341951858
  0.45829562547825814  0.46425398753699776  0.47021234959573732  0.47617071165447694
  0.50137516850063435  0.50575959175982477  0.51014401501901507  0.51452843827820549
  0.51891286153739591  0.52329728479658633  0.52768170805577685  0.53206613131496727
  0.53645055457415769  0.54083497783334811  0.54521940109253852  0.54960382435172894
  0.55398824761091936  0.55837267087010978  0.56915605447210793  0.64664822574313363
  0.64915950047716942  0.65167077521120520  0.65418204994524098  0.65669332467927677
  0.65920459941331255  0.66171587414734834  0.66422714888138412  0.66673842361541991
  0.66924969834945569  0.67176097308349136  0.67427224781752715  0.67678352255156293
  0.67929479728559861  0.68180607201963439  0.68431734675367017  0.68682862148770585
  0.68922771368452196  0.69158587045027731  0.69394402721603254  0.69630218398178789
  0.69866034074754324  0.70101849751329859  0.70337665427905394  0.70573481104480928
  0.70809296781056463  0.71336200357249369  0.71896141890037324  0.72456083422825268
  0.73016024955613223  0.73575966488401168  0.74135908021189112  0.74695849553977056
  0.80185371854459730  0.91536451757134718  0.96321637464312226  0.97107379365946067
  0.97893121267579908  0.98597098076380263  0.99298549038190109  1.00000000000000000
  0.11978935798009238  0.17380778754023879  0.18094890841381084  0.18771454196617360
  0.19031114207681427  0.19290774218745493  0.19550434229809560  0.19810094240873627
  0.20069754251937694  0.20329414263001760  0.20589074274065824  0.20849048038825063
  0.21113997936451717  0.21378947834078374  0.21643897731705028  0.21908847629331682
  0.22173797526958336  0.22438747424584993  0.22703697322211647  0.22968647219838301
  0.23233597117464952  0.23498547015091603  0.23763496912718257  0.24028446810344908
  0.24293396707971560  0.24558346605598211  0.24823296503224865  0.28651156056604715
  0.35636484200987806  0.36210672247515013  0.36784860294042221  0.37359048340569428
  0.37933236387096630  0.38507424433623838  0.39081612480151046  0.39655800526678253
  0.40229988573205466  0.40804176619732674  0.41378364666259887  0.47124697207231603
  0.58086882793067107  0.58776508441694908  0.59229876107489443  0.59683243773283967
  0.60136611439078502  0.60589979104873037  0.61043346770667561  0.61496714436462085
  0.61950082102256621  0.62403449768051145  0.62856817433845669  0.63310185099640204
  0.63763552765434728  0.64216920431229252  0.66685852610875462  0.77648038196710967
  0.88610223782546471  0.91799843384455937  0.91984507615408151  0.92169171846360365
  0.92353836077312568  0.92538500308264782  0.92723164539216996  0.92907828770169210
  0.93092493001121424  0.93277157232073638  0.93461821463025851  0.93646485693978065
  0.93828821978227905  0.94008188749104105  0.94187555519980304  0.94366922290856503
  0.94546289061732702  0.94725655832608902  0.94905022603485101  0.95084389374361300
  0.95263756145237499  0.95443122916113698  0.95622489686989887  0.95801856457866086
  0.95950709104484588  0.96093067126932885  0.96235425149381182  0.96377783171829479
  0.96520141194277775  0.96662499216726072  0.96804857239174369  0.96947215261622666
  0.97089573284070962  0.97231931306519259  0.97374289328967556  0.97516647351415853
  0.97659005373864149  0.97801363396312446  0.98072678248087564  1.00000000000000000
  0.11976146300633750  0.35548281883565502  0.35679897100464331  0.35811512317363164
  0.35943127534261993  0.36074742751160821  0.36206357968059649  0.36337973184958483
  0.36469588401857311  0.36601203618756140  0.36732818835654968  0.36864434052553796
  0.36996049269452624  0.37127664486351458  0.37259279703250286  0.37390894920149115
  0.37528383937397825  0.37694342859331559  0.37860301781265288  0.38026260703199022
  0.38192219625132756  0.38358178547066485  0.38524137469000219  0.38690096390933948
  0.38856055312867682  0.39022014234801417  0.39187973156735145  0.39353932078668880
  0.39519891000602608  0.39689517019783088  0.39861412420002212  0.40033307820221337
  0.40205203220440461  0.40377098620659585  0.40548994020878709  0.40720889421097833
  0.40892784821316958  0.41064680221536082  0.41236575621755206  0.41408471021974330
  0.41580366422193454  0.46764307109961112  0.57001579728221441  0.62844072000546303
  0.63587365653178840  0.64330659305811377  0.65073952958443926  0.65817246611076463
  0.66560540263709012  0.67303833916341549  0.68047127568974086  0.69306715456515211
  0.71043275666666361  0.71290012216815524  0.71536748766964686  0.71783485317113849
  0.72030221867263011  0.72276958417412174  0.72523694967561336  0.72770431517710510
  0.73017168067859672  0.73263904618008835  0.73510641168157997  0.73757377718307149
  0.74004114268456311  0.74250850818605474  0.74497587368754636  0.74744323918903799
  0.74991060469052961  0.75237797019202124  0.75484533569351286  0.75731270119500449
  0.75978006669649611  0.76224743219798774  0.76471479769947937  0.76718216320097099
  0.76964952870246250  0.79346678361009582  0.79915057831235392  0.80483437301461214
  0.81051816771687035  0.81491719419451558  0.81862842461817575  0.82233965504183604
  0.82605088546549621  0.82976211588915638  0.83345218297929757  0.83660245107281017
  0.83975271916632266  0.84290298725983526  0.84605325535334774  0.84920352344686034
  0.85235379154037283  0.89762727381739249  0.93986523548762002  1.00000000000000000
  0.00423544176626612  0.00480240564243025  0.00536936951859438  0.00593633339475851
  0.00650329727092264  0.00707026114708677  0.00763722502325090  0.00820418889941503
  0.00877115277557916  0.00933811665174330  0.00990508052790743  0.01047204440407156
  0.01103900828023569  0.01160597215639982  0.01217293603256395  0.01273989990872808
  0.01330686378489221  0.01387382766105634  0.01444079153722047  0.01500775541338460
  0.01557471928954873  0.01614168316571287  0.01670864704187700  0.01727561091804113
  0.01784257479420526  0.01840953867036939  0.01897650254653352  0.01954346642269765
  0.02011043029886178  0.02067739417502592  0.02147621605554666  0.02236300282108629
  0.02324978958662592  0.02413657635216556  0.02502336311770519  0.02591014988324482
  0.02679693664878445  0.02768372341432408  0.02857051017986371  0.02945729694540335
  0.03034408371094298  0.03123087047648261  0.03211765724202224  0.03300444400756188
  0.03389123077310151  0.03477801753864114  0.03566480430418077  0.03655159106972040
  0.03743837783526004  0.03832516460079967  0.03921195136633930  0.04009873813187893
  0.04098552489741857  0.04184345707051290  0.04260581644337595  0.04336817581623900
  0.04413053518910205  0.04489289456196510  0.04565525393482815  0.04641761330769120
  0.04717997268055425  0.04794233205341729  0.04870469142628034  0.04946705079914339
  0.05022941017200644  0.05099176954486949  0.05175412891773254  0.05251648829059559
  0.05327884766345864  0.05404120703632169  0.05480356640918474  0.05556592578204779
  0.05632828515491084  0.05709064452777389  0.05785300390063695  0.05861536327349999
  0.05937772264636304  0.06014008201922609  0.06090244139208914  0.06166480076495219
  0.06242716013781524  0.09235242633339842  0.09235242633340843  0.09235242633341843
  0.09235242633342844  0.09235242633343844  0.09235242633344845  0.09235242633345846
  0.09235242633346846  0.09235242633347847  0.09235242633348847  0.09235242633349848
  0.09235242633350849  0.09235242633351849  0.09235242633352850  1.00000000000000000
  0.01367330153783158  0.04713659340387725  0.05260652014108776  0.05807644687829826
  0.06368309405430669  0.06986772801713878  0.07605236197997087  0.08223699594280295
  0.10681182799486649  0.11109353399162868  0.11537523998839086  0.11965694598515304
  0.12393865198191524  0.12600729406849029  0.12734656662207428  0.12868583917565823
  0.13002511172924222  0.13136438428282621  0.13270365683641019  0.13404292938999418
  0.13538220194357814  0.13672147449716213  0.13806074705074611  0.13940001960433010
  0.14073929215791406  0.14207856471149805  0.14341783726508203  0.14475710981866602
  0.14609638237224998  0.14743565492583399  0.14877492747941798  0.15011420003300197
  0.15145347258658598  0.15279274514016997  0.15413201769375395  0.15547129024733794
  0.15681056280092195  0.15814983535450594  0.15948910790808993  0.16082838046167391
  0.16216765301525793  0.16350692556884192  0.16484619812242590  0.16618547067600992
  0.16756880920828615  0.16897685925604622  0.17038490930380626  0.17179295935156633
  0.17320100939932639  0.17460905944708646  0.17601710949484650  0.17742515954260657
  0.17883320959036664  0.18024125963812671  0.18164930968588675  0.18305735973364681
  0.18446540978140688  0.18587345982916695  0.18728150987692702  0.27337745868127189
  0.37502829382477049  0.47667912896826903  0.57832996411176740  0.62677295959029322
  0.63005088252830355  0.63332880546631387  0.63660672840432431  0.63988465134233463
  0.64316257428034496  0.64644049721835528  0.64971842015636572  0.65299634309437615
  0.65627426603238648  0.65955218897039691  0.66283011190840724  0.66610803484641767
  0.66938595778442800  0.67266388072243832  0.67594180366044876  0.67921972659845908
  0.68249764953646941  0.68577557247447984  0.68967127623976043  0.69425273565949508
  0.69883419507922973  0.70341565449896437  0.70799711391869902  0.71200179983785217
  0.71596080578402177  0.71991981173019126  0.72387881767636086  0.72783782362253047
  0.79669832971299337  0.89834916485649174  0.94089574019114175  1.00000000000000000
  0.41155606110890708  0.44241551329135637  0.44733102658271279  0.45224653987406915
  0.45716205316542552  0.46262532565984821  0.46825994952855432  0.47389457339726043
  0.48630299167538982  0.52388429337641351  0.52831444493569146  0.53274459649496941
  0.53717474805424736  0.54160489961352531  0.54603505117280315  0.55046520273208110
  0.55489535429135894  0.55932550585063689  0.56368752112713127  0.56787727745038907
  0.57206703377364698  0.57625679009690478  0.58044654642016258  0.58577938682628949
  0.59364478106332996  0.60151017530037054  0.60937556953741112  0.61724096377445159
  0.62649983883975024  0.66830128450068560  0.67086393087701224  0.67342657725333899
  0.67598922362966563  0.67855187000599226  0.68111451638231901  0.68367716275864565
  0.68623980913497229  0.68880245551129893  0.69136510188762568  0.69392774826395232
  0.69649039464027895  0.69905304101660559  0.70161568739293234  0.70417833376925898
  0.70674098014558562  0.70930362652191237  0.71186627289823901  0.71442891927456575
  0.71699156565089239  0.71955421202721914  0.72211685840354578  0.72467950477987253
  0.72724215115619917  0.75678617560576156  0.86770235014842600  0.87665701342662838
  0.87843072706514402  0.88020444070365966  0.88197815434217519  0.88375186798069083
  0.88552558161920647  0.88729929525772211  0.88907300889623775  0.89084672253475328
  0.89262043617326892  0.89439414981178456  0.89616786345030020  0.89794157708881583
  0.89971529072733147  0.90148900436584711  0.90326271800436264  0.90503643164287828
  0.90681014528139392  0.90858385891990956  0.91035757255842520  0.91213128619694084
  0.91390499983545648  0.91567871347397212  0.91742946210711696  0.91915133635431234
  0.92087321060150773  0.92259508484870323  0.92431695909589862  0.92603883334309411
  0.92776070759028950  0.92948258183748489  0.93120445608468039  0.93292633033187577
  0.93464820457907116  0.93637007882626666  0.93930492540708532  0.94455509592886755
  0.94980526645064978  0.95505543697243200  0.98175633351008107  1.00000000000000000
   6.1028158596887789E-013  -1.0000000000000000     
 F F F F F F F F F F F F F F F F F F F F F F F F F F F F F F F F F F F F F F F F F F F F F F F F F F F F F F F F F F F F F F F F F F F F F F F F F F F F F F F F F F F F F F F F F F F F F F F F F F F F F F F F F F F F F F F F F F F F F F F F F F F F F F F F F F F F F F F F F F F F F F F F F F F F F F F F F F F F F F F F F F F F F F F F F F F F F F F F F F F F F F F F F F F F F F F F F F F F F F F F F F F F F F F F F F F F F F F F F F F F F F F F F F F F F F F F F F F F F F F F F F F F F F F F F F F F F F F F F F F F F F F F F F F F F F F F F F F F F F F F F F F F F F F F F F F F F F F F F F F F F F F F F F F F F F F F F F F F F F F F F F F F F F F F F F F F F F F F F F F F F F F F F F F F F F F F F F F F F F F F F F F F F F F F F F F F F F F F F F F F F F F F F F F F F F F F F F F F F F F F F F F F F F F F F F F F F F F F F F F F F F F F F F F F F F F F F F F F F F F F F F F F F F F F F F F F F F F F F F F F F F F F F F F F F F F F F F F F F F F F F F F F F F F F F F F F F F F F F F F F F F F F F F F F F F F F
  <DiscreteSampler_grid>
  grouped_processes
  1 # 1 for a reference and 2 for a running grid.
  10 # Attribute 'min_bin_probing_points' of the grid.
  1 # Attribute 'grid_mode' of the grid. 1=='default',2=='initialization'
  0.0000000000000000 # Attribute 'small_contrib_threshold' of the grid.
  0.5000000000000000 # Attribute 'damping_power' of the grid.
 # binID   n_entries weight   weight_sqr   abs_weight
    10   10   2.598205832128167E-001   3.998506411463717E-001   2.598205832128167E-001
  </DiscreteSampler_grid>
