  0.04843548283590086  0.39980675693530393  0.40378018053727466  0.40775360413924533
  0.41172702774121606  0.41570045134318673  0.42015531617252000  0.42476486795671436
  0.42937441974090867  0.43398397152510304  0.46251958362656298  0.50185698552005842
  0.50473773255299059  0.50761847958592277  0.51049922661885494  0.51337997365178722
  0.51626072068471940  0.51914146771765157  0.52202221475058375  0.52490296178351603
  0.52778370881644832  0.53066445584938049  0.53354520288231277  0.53642594991524495
  0.53930669694817723  0.54218744398110941  0.54506819101404158  0.54794893804697387
  0.55082968507990604  0.55371043211283821  0.55659117914577039  0.55947192617870267
  0.56235267321163485  0.66257186986582928  0.73080586095625666  0.73525338096463633
  0.73970090097301600  0.74414842098139566  0.74859594098977533  0.75101211965583559
  0.75249116684025230  0.75397021402466913  0.75544926120908584  0.75692830839350256
  0.75840735557791927  0.75988640276233599  0.76136544994675270  0.76284449713116942
  0.76432354431558613  0.76580259150000285  0.76728163868441956  0.76876068586883628
  0.77023973305325300  0.77171878023766971  0.77319782742208654  0.77467687460650325
  0.77615592179091997  0.77763496897533668  0.77911401615975340  0.78059306334417022
  0.78207211052858694  0.78355115771300365  0.78503020489742037  0.78650925208183720
  0.78798829926625391  0.78946734645067063  0.79094639363508734  0.79246803013654077
  0.79403009492140397  0.79559215970626707  0.79715422449113027  0.79871628927599347
  0.80027835406085657  0.80184041884571977  0.80340248363058298  0.80496454841544607
  0.80652661320030927  0.80808867798517237  0.80965074277003557  0.81121280755489877
  0.83105849391559417  0.83890853841489599  0.84460664887175940  0.85030475932862293
  0.85600286978548634  0.86170098024234976  0.86739909069921317  0.87309720115607659
  0.87879531161294000  0.88449342206980341  0.89019153252666683  0.89687556123877521
  0.96363077380235829  0.97632619498536077  0.98827123753260460  1.00000000000000000
  0.09072027234360509  0.46173113601500843  0.46512893869668354  0.46852674137835870
  0.47192454406003387  0.47532234674170898  0.47872014942338414  0.48260706772700523
  0.48656798719510763  0.49052890666321008  0.49448982613131248  0.49845074559941488
  0.55856428190471030  0.60687374959387297  0.61202133521433610  0.61716892083479935
  0.62231650645526249  0.62746409207572562  0.63261167769618887  0.63775926331665200
  0.64290684893711514  0.64758199061176380  0.65163464834897566  0.65568730608618742
  0.65973996382339917  0.66379262156061092  0.66814701158626522  0.67323717533775063
  0.67832733908923604  0.68341750284072145  0.68850766659220675  0.69359783034369216
  0.69868799409517757  0.70377815784666298  0.71844270920463438  0.81253036648849197
  0.81390248328580905  0.81527460008312602  0.81664671688044299  0.81801883367776007
  0.81939095047507704  0.82076306727239401  0.82213518406971109  0.82350730086702806
  0.82487941766434503  0.82625153446166211  0.82762365125897908  0.82899576805629616
  0.83036788485361313  0.83174000165093009  0.83311211844824717  0.83448423524556414
  0.83585635204288122  0.83722846884019819  0.83860058563751527  0.83997270243483224
  0.84134481923214932  0.84271693602946629  0.84408905282678337  0.84546116962410034
  0.84683328642141742  0.84820540321873439  0.84957752001605147  0.85094963681336844
  0.85232175361068552  0.85369387040800249  0.85493836101785248  0.85611575521285521
  0.85729314940785795  0.85847054360286079  0.85964793779786353  0.86082533199286637
  0.86200272618786911  0.86318012038287195  0.86435751457787469  0.86553490877287742
  0.86671230296788027  0.86788969716288300  0.86906709135788585  0.87024448555288858
  0.87142187974789131  0.87259927394289416  0.87377666813789689  0.87495406233289974
  0.87541777232415452  0.87585250640112711  0.87628724047809969  0.87672197455507228
  0.87715670863204498  0.87759144270901757  0.87802617678599015  0.87846091086296274
  0.87889564493993544  0.87929430859012259  0.87929430859013258  1.00000000000000000
  0.02590056166142164  0.14991314836538305  0.15399296339743287  0.15807277842948270
  0.16215259346153249  0.16623240849358231  0.17090889830270362  0.17565646391962081
  0.18040402953653797  0.18515159515345514  0.24451318937395103  0.27318983691644616
  0.27626337466767081  0.27933691241889541  0.28241045017012001  0.28548398792134461
  0.28855752567256920  0.29163106342379380  0.29470460117501834  0.29777813892624294
  0.30085167667746748  0.30392521442869203  0.30699875217991662  0.31007228993114117
  0.31314582768236576  0.31621936543359030  0.31929290318481485  0.32236644093603944
  0.32543997868726399  0.32851351643848858  0.33158705418971313  0.35538294530418563
  0.36030367188845519  0.36522439847272475  0.37014512505699432  0.37506585164126388
  0.37998657822553344  0.38490730480980301  0.38982803139407257  0.39474875797834214
  0.39966948456261175  0.40459021114688137  0.40951093773115099  0.41443166431542061
  0.47824375425438626  0.59106397911182851  0.62616444810058580  0.62782984231048478
  0.62949523652038364  0.63116063073028261  0.63282602494018159  0.63449141915008045
  0.63615681335997942  0.63782220756987840  0.63948760177977737  0.64115299598967623
  0.64281839019957521  0.64448378440947418  0.64614917861937304  0.64781457282927202
  0.64947996703917099  0.65114536124906996  0.65281075545896894  0.65447614966886791
  0.65614154387876689  0.65780693808866575  0.65947233229856472  0.66113772650846370
  0.66280312071836267  0.66446851492826164  0.66613390913816062  0.66779930334805959
  0.66946469755795845  0.67113009176785743  0.67279548597775640  0.67446088018765527
  0.67612627439755424  0.67779166860745321  0.67945706281735208  0.68112245702725105
  0.68278785123715002  0.68445324544704900  0.68611863965694786  0.70674154925861776
  0.81956177411606024  0.84524289214613424  0.85622483609077826  0.86223990957667007
  0.86825498306256177  0.87427005654845358  0.87596520517817400  0.87706371742630240
  0.87816222967443081  0.87926074192255932  0.87934500021644657  1.00000000000000000
  0.01611287253732920  0.04425979359470472  0.04685292052274270  0.04944604745078069
  0.05203917437881868  0.05463230130685666  0.05722542823489464  0.05981855516293263
  0.06241168209097061  0.06552539601243992  0.06865746548691901  0.07178953496139810
  0.07492160443587718  0.07805367391035627  0.08118574338483535  0.11982828955966708
  0.23593506004331893  0.33360604947786610  0.33529855264756114  0.33699105581725619
  0.33868355898695118  0.34037606215664623  0.34206856532634128  0.34376106849603627
  0.34545357166573132  0.34714607483542637  0.34883857800512136  0.35053108117481641
  0.35222358434451145  0.35391608751420645  0.35560859068390149  0.35730109385359649
  0.35899359702329148  0.36068610019298653  0.36237860336268152  0.36407110653237651
  0.36576360970207156  0.36745611287176655  0.36914861604146154  0.37084111921115659
  0.37253362238085158  0.37422612555054657  0.37591862872024162  0.37761113188993661
  0.37930363505963161  0.38099613822932665  0.38268864139902165  0.38438114456871664
  0.38607364773841168  0.38776615090810668  0.38945865407780167  0.39115115724749672
  0.39284366041719171  0.39453616358688670  0.42295345213695063  0.50163066074957852
  0.50647781062957309  0.51132496050956766  0.51617211038956223  0.52101926026955669
  0.52586641014955138  0.53071356002954595  0.53556070990954052  0.54040785978953509
  0.54525500966952967  0.55010215954952424  0.55494930942951881  0.55979645930951338
  0.61384719295560997  0.63756655223641845  0.65146847407407293  0.66537039591172742
  0.67927231774938190  0.68955089293144678  0.69457559320943807  0.69960029348742947
  0.70462499376542087  0.70964969404341216  0.71467439432140356  0.71969909459939496
  0.72472379487738636  0.72974849515537776  0.73477319543336916  0.73979789571136045
  0.74482259598935185  0.74984729626734326  0.86257821429946746  0.93970567229304336
  0.94592379979847097  0.95214192730389857  0.95834496303817573  0.96105121278203809
  0.96375746252590033  0.96646371226976258  0.96868437273435848  1.00000000000000000
  0.00000002123240581  0.00000002153127048  0.00000002180643021  0.00000002208158993
  0.00000002235674966  0.00000002263190939  0.00000002290706912  0.00000002318222884
  0.00000002345738857  0.00000002373254830  0.00000002400770803  0.00000002428286776
  0.00000002455802748  0.00000002483318721  0.00000002510834694  0.00000002538350667
  0.00000002565866639  0.00000002593382612  0.00000002620898585  0.00000002651221193
  0.00000002694992994  0.00000002738764796  0.00000002782536597  0.00000002826308399
  0.00000002870080200  0.00000002913852002  0.00000002957623804  0.00000003001395605
  0.00000003045167407  0.00000003088939208  0.00000003132711010  0.00000003176482811
  0.00000003220254613  0.00000003264026414  0.00000005405310714  0.00000012319391955
  0.00000012921649795  0.00000013523907635  0.00000014126165476  0.00000014728423316
  0.00000015378345461  0.00000016127385244  0.00000016876425027  0.00000017625464810
  0.00000018374504593  0.00000019196590237  0.00000020128185575  0.00000021059780914
  0.00000021991376252  0.00000022922971590  0.00000039485617512  0.00000090001901234
  0.00000102327412697  0.00000116331060360  0.00000131660538558  0.00000150148037488
  0.00000193415783686  0.00000573807724624  0.00001702302498035  0.00005050134260137
  0.00014981832173892  0.00044444980623947  0.00131848829311861  0.00279695894154233
  0.00288307964309769  0.00296920034465306  0.00305532104620842  0.00314144174776379
  0.00322756244931915  0.00331368315087452  0.00339980385242988  0.00349244910390107
  0.00359237430043607  0.00369229949697107  0.00379222469350608  0.00389214989004108
  0.00399207508657608  0.00409200028311109  0.00419192547964609  0.00429198329843634
  0.00439381175193465  0.00449564020543296  0.00459746865893127  0.00469929711242958
  0.00480112556592789  0.00490295401942620  0.00500478247292451  0.00510661092642282
  0.00520843937992113  0.00531026783341944  0.01293320776863891  0.03636029066795304
  0.03636029066796304  0.03636029066797304  0.03636029066798304  1.00000000000000000
  0.00913139353641844  0.01073761812177786  0.01087323469978726  0.01100885127779666
  0.01114446785580606  0.01128008443381546  0.01141570101182486  0.01155131758983426
  0.01169886410015271  0.01185344450623736  0.01200802491232199  0.01216260531840664
  0.01231718572449128  0.01247176613057592  0.01473854043418126  0.01534763582492492
  0.01556353239629278  0.01577942896766064  0.01599532553902850  0.01621122211039636
  0.01642711868176422  0.01664301525313208  0.01686392471265608  0.01708781852957473
  0.01731171234649339  0.01753560616341204  0.01805854598569364  0.01860839702430870
  0.01917574297635503  0.02340560567940287  0.03029906634009114  0.03921239139313979
  0.04184434482792408  0.04199285440328141  0.04214136397863874  0.04228987355399608
  0.04243838312935341  0.04258689270471074  0.04273540228006808  0.04288391185542541
  0.04303242143078274  0.04318093100614008  0.04332944058149742  0.04347795015685475
  0.04362645973221208  0.04377496930756942  0.04393008737010480  0.04408591930547154
  0.04424175124083828  0.04439758317620501  0.04455341511157175  0.04470924704693849
  0.04486507898230523  0.04502091091767197  0.04517674285303871  0.04533257478840545
  0.04548840672377218  0.04564423865913892  0.04580007059450566  0.04595626679238754
  0.04611978212142753  0.04628329745046751  0.04644681277950750  0.04661032810854749
  0.04677384343758748  0.04693735876662747  0.04710087409566745  0.04726438942470744
  0.04742790475374743  0.04759142008278742  0.04775493541182740  0.04791845074086739
  0.04808196606990738  0.05066732277857566  0.05355904747020304  0.05413696225668873
  0.05471487704317442  0.05529279182966011  0.05585397668818293  0.05637419958829994
  0.05689442248841694  0.05741464538853394  0.05793486828865094  0.05861270207441631
  0.07587350930444650  0.09818797030674273  0.12088286653948717  0.12088286653949717
  0.12088286653950718  0.12088286653951719  0.12088286653952719  0.12088286653953720
  0.12088286653954720  0.12088286653955721  0.12088286653956722  1.00000000000000000
  0.07420682509740190  0.07473756148443278  0.07526829787146366  0.07579903425849453
  0.07632977064552542  0.07686050703255630  0.07739124341958717  0.07792197980661805
  0.07845271619364894  0.07898345258067982  0.07951418896771069  0.08004492535474157
  0.08057566174177246  0.08110639812880334  0.08163713451583421  0.08216787090286509
  0.08269860728989598  0.08322934367692686  0.08457729797816479  0.08612439196579984
  0.08767148595343489  0.08921857994106994  0.09076567392870499  0.09231276791634004
  0.09385986190397509  0.09540695589161013  0.09695404987924519  0.09850114386688023
  0.10004823785451529  0.10159533184215033  0.10314242582978539  0.12697736209797814
  0.14009312761408108  0.15320889313018410  0.16632465864628718  0.17944042416239012
  0.23040341988743354  0.34169497160196410  0.45298652331649475  0.56427807503102545
  0.62712492165843581  0.63180136172450618  0.63647780179057656  0.64115424185664693
  0.64583068192271720  0.65050712198878757  0.65518356205485806  0.65986000212092843
  0.66453644218699881  0.66921288225306919  0.67388932231913945  0.67856576238520983
  0.68324220245128020  0.69746300063966560  0.73239091394888434  0.73689953332040736
  0.74140815269193039  0.74591677206345341  0.75042539143497644  0.75493401080649947
  0.75944263017802249  0.76395124954954552  0.76845986892106855  0.77202882792363481
  0.77455324894751065  0.77707766997138650  0.77960209099526234  0.78212651201913819
  0.78465093304301403  0.78717535406688988  0.78969977509076572  0.79230548845504245
  0.79519799065191032  0.79809049284877831  0.80098299504564618  0.80387549724251406
  0.80676799943938193  0.80966050163624992  0.81255300383311779  0.81544550602998567
  0.81833800822685354  0.82123051042372142  0.82412301262058940  0.82701551481745728
  0.82990801701432515  0.83280051921119302  0.85781644736394480  0.86362266438579238
  0.86942888140763985  0.87520551987269046  0.88028123639595557  0.88535695291922067
  0.89043266944248578  0.89550838596575089  0.97322184244791665  1.00000000000000000
  0.05759167273839316  0.05781265357552651  0.05803363441265985  0.05825461524979320
  0.05847559608692655  0.05869657692405989  0.05891755776119324  0.05913853859832658
  0.05935951943545992  0.05958050027259327  0.05980148110972662  0.06002246194685996
  0.06024344278399331  0.06046442362112665  0.06068540445826000  0.06090638529539334
  0.06112736613252669  0.06134834696966003  0.06156932780679338  0.06179030864392673
  0.06201128948106007  0.06223227031819342  0.06245325115532676  0.06345304003444394
  0.06466179384400184  0.06587054765355974  0.06707930146311764  0.06828805527267554
  0.06949680908223344  0.07070556289179133  0.07191431670134923  0.07312307051090712
  0.07433182432046502  0.07554057813002292  0.07674933193958081  0.07795808574913871
  0.07916683955869661  0.08037559336825451  0.08158434717781239  0.08279310098737029
  0.13719579046409075  0.23458451138689590  0.29318657727860231  0.29685898518664205
  0.30053139309468180  0.30420380100272154  0.30787620891076134  0.31154861681880108
  0.31522102472684083  0.31889343263488057  0.32256584054292031  0.32623824845096006
  0.32991065635899985  0.33358306426703960  0.33725547217507940  0.34092788008311914
  0.34460028799115894  0.34827269589919874  0.35194510380723854  0.39264168008555639
  0.39919586583285160  0.40267233009306835  0.40614879435328510  0.40962525861350185
  0.41310172287371860  0.41657818713393541  0.42005465139415210  0.42353111565436879
  0.42700757991458554  0.43048404417480224  0.43396050843501899  0.43743697269523568
  0.44091343695545243  0.44438990121566913  0.44786636547588582  0.45134282973610257
  0.45481929399631926  0.45829575825653601  0.55466943631044618  0.65205815723325122
  0.74944687815605626  0.79382742496526437  0.79764177260120384  0.80145612023714330
  0.80527046787308276  0.80908481550902223  0.81284100780989277  0.81609963113200901
  0.81935825445412525  0.82261687777624137  0.82587550109835761  0.82913412442047385
  0.83239274774258998  0.87484044233957925  0.87484044233958924  1.00000000000000000
  0.10428380568822232  0.10543086615232795  0.10657792661643359  0.10772498708053922
  0.10887204754464487  0.11001910800875050  0.11116616847285614  0.11231322893696177
  0.11346028940106741  0.11460734986517304  0.11575441032927869  0.11690147079338432
  0.11804853125748996  0.11919559172159559  0.12034265218570123  0.12148971264980687
  0.12263677311391251  0.12378383357801814  0.12493089404212378  0.12638465098917215
  0.12785806976249292  0.12933148853581369  0.13080490730913447  0.13227832608245524
  0.13375174485577601  0.13522516362909678  0.13669858240241753  0.13817200117573830
  0.13964541994905907  0.14111883872237985  0.14259225749570062  0.14406567626902139
  0.14553909504234216  0.23091679345766836  0.31378808504848038  0.31932534564380177
  0.32486260623912311  0.33039986683444444  0.33593712742976584  0.34147438802508723
  0.34701164862040862  0.35254890921573007  0.35808616981105140  0.36362343040637279
  0.36916069100169413  0.37469795159701547  0.46035614094268879  0.47287265005283807
  0.48538915916298725  0.49790566827313637  0.51042217738328555  0.53871602122423978
  0.64503016848574046  0.75134431574724136  0.79337773344339557  0.79613429737040942
  0.79889086129742315  0.80164742522443699  0.80440398915145084  0.80716055307846468
  0.80991711700547853  0.81265155762946095  0.81505699320745373  0.81746242878544650
  0.81986786436343917  0.82227329994143195  0.82467873551942472  0.82708417109741739
  0.82948960667541016  0.83189504225340294  0.83430047783139560  0.83670591340938838
  0.83911134898738116  0.84151678456537393  0.84392222014336671  0.84632765572135948
  0.84873309129935226  0.85113852687734504  0.85354396245533781  0.85735254973671271
  0.86165125487385008  0.86594996001098745  0.87024866514812471  0.87454737028526208
  0.87898938102205948  0.88344825683963935  0.88790713265721932  0.89236600847479930
  0.89614307153825745  0.89753592399744497  0.89892877645663249  0.90032162891582002
  0.90171448137500754  0.90310733383419506  0.90340841213862100  1.00000000000000000
  0.00507676204045612  0.01440436978666398  0.02498183705134060  0.03833139386187188
  0.12487567466627983  0.18881861180404452  0.19184698191857427  0.19487535203310402
  0.19790372214763377  0.20093209226216355  0.20396046237669330  0.20698883249122305
  0.21001720260575282  0.21304557272028263  0.21607394283481240  0.21910231294934218
  0.22213068306387199  0.22515905317840176  0.22818742329293157  0.23121579340746135
  0.23424416352199109  0.23727253363652084  0.24030090375105059  0.24332927386558037
  0.24635764398011012  0.24938601409463987  0.33843307341651330  0.44935497045902700
  0.46278730019309183  0.46763353646967348  0.47247977274625513  0.47732600902283678
  0.48013570811713108  0.48169820386406553  0.48326069961099993  0.48482319535793439
  0.48638569110486884  0.48794818685180325  0.48951068259873770  0.49107317834567216
  0.49263567409260656  0.49419816983954101  0.49576066558647547  0.49732316133340987
  0.49888565708034432  0.50044815282727872  0.50201064857421318  0.50357314432114764
  0.50513564006808209  0.50669813581501655  0.50826063156195100  0.50982312730888535
  0.51138562305581980  0.51294811880275426  0.51451061454968872  0.51607311029662317
  0.51763560604355752  0.51919810179049197  0.52076059753742643  0.52239880194686672
  0.52404070274364811  0.52568260354042962  0.52732450433721112  0.52896640513399251
  0.53060830593077402  0.53225020672755541  0.53389210752433691  0.53553400832111830
  0.53717590911789981  0.53881780991468120  0.54045971071146270  0.54325368467617197
  0.54924461935391866  0.55523555403166547  0.56122648870941216  0.56721742338715886
  0.57320835806490555  0.57919929274265225  0.58519022742039895  0.59118116209814575
  0.59717209677589256  0.60316303145363925  0.69650630104803180  0.79233108532726559
  0.79700693669488154  0.80168278806249760  0.80635863943011354  0.81103449079772960
  0.81525919683900694  0.81927795672462289  0.82329671661023895  0.82731547649585491
  0.83133423638147086  0.83656096855799345  0.83656096855800344  1.00000000000000000
  0.01423906882603958  0.04294647560389758  0.04422628454112841  0.04550609347835924
  0.04678590241559008  0.04806571135282091  0.04934552029005174  0.05062532922728258
  0.05190513816451341  0.05318494710174425  0.05446475603897508  0.05574456497620591
  0.05702437391343675  0.05830418285066757  0.05958399178789841  0.06086380072512924
  0.06214360966236008  0.06367887367828221  0.06531272973229729  0.06694658578631237
  0.06858044184032745  0.07021429789434254  0.07184815394835763  0.07348201000237271
  0.07511586605638780  0.07674972211040289  0.07838357816441797  0.08001743421843305
  0.08165129027244813  0.08328514632646322  0.14850908154117376  0.15463196636722656
  0.16075485119327937  0.16687773601933217  0.17300062084538489  0.17912350567143764
  0.18524639049749037  0.19136927532354311  0.19749216014959586  0.20361504497564858
  0.23520790450936108  0.27426594168517299  0.27919854712976566  0.28413115257435834
  0.28906375801895101  0.29399636346354369  0.29892896890813631  0.30386157435272898
  0.30879417979732160  0.31372678524191422  0.31865939068650689  0.32359199613109951
  0.32852460157569213  0.33627537451392975  0.45342639102727517  0.50286510977121290
  0.50762088833855024  0.51237666690588757  0.51713244547322479  0.52188822404056212
  0.52664400260789945  0.53139978117523679  0.53615555974257423  0.54091133830991156
  0.54566711687724889  0.55042289544458611  0.55517867401192345  0.55993445257926078
  0.61645284948407753  0.73360386599742300  0.77291582586738961  0.77596839579073429
  0.77902096571407908  0.78207353563742377  0.78512610556076856  0.78817867548411324
  0.79123124540745793  0.79428381533080261  0.79733638525414730  0.80038895517749209
  0.80344152510083677  0.80649409502418146  0.80954666494752614  0.81259923487087082
  0.81565180479421551  0.81870437471756019  0.82175694464090487  0.82480951456424956
  0.82786208448759424  0.83091465441093892  0.83620343440519096  0.85002471313572470
  0.86309939020081139  0.88284898348664664  0.95062202612558999  1.00000000000000000
  0.03092437585194910  0.17590913393429983  0.18515160120193291  0.19498175343088578
  0.20501209494761521  0.26683507990306088  0.35429721693702604  0.44175935397099098
  0.48109168756619547  0.48445532821289805  0.48781896885960063  0.49118260950630327
  0.49454625015300585  0.49790989079970843  0.50081064227107697  0.50295170388413268
  0.50509276549718840  0.50723382711024412  0.50937488872329983  0.51151595033635544
  0.51365701194941116  0.51579807356246687  0.51793913517552259  0.52008019678857820
  0.52222125840163391  0.52436232001468963  0.52650338162774535  0.52864444324080107
  0.53078550485385678  0.53292656646691250  0.53506762807996822  0.53720868969302393
  0.53934975130607965  0.54149081291913537  0.54403488369465958  0.54661501715482530
  0.54919515061499113  0.55177528407515686  0.55435541753532258  0.55693555099548842
  0.55951568445565414  0.56209581791581997  0.63626105165252911  0.72372318868649421
  0.81118532572045920  0.85638454886347748  0.86074554807401182  0.86510654728454617
  0.86946754649508051  0.87382854570561475  0.87579647099900726  0.87688546942643097
  0.87797446785385480  0.87906346628127852  0.88015246470870234  0.88124146313612606
  0.88233046156354988  0.88341945999097371  0.88450845841839743  0.88559745684582125
  0.88668645527324497  0.88777545370066879  0.88886445212809262  0.88995345055551633
  0.89104244898294016  0.89213144741036388  0.89322044583778770  0.89430944426521142
  0.89539844269263524  0.89609821066870188  0.89653919456696818  0.89698017846523448
  0.89742116236350067  0.89786214626176697  0.89830313016003327  0.89874411405829946
  0.89918509795656576  0.89962608185483206  0.90006706575309836  0.90050804965136455
  0.90094903354963085  0.90139001744789715  0.90183100134616334  0.90227198524442964
  0.90271296914269594  0.90315395304096224  0.90359493693922843  0.90403592083749473
  0.90447690473576103  0.90491788863402722  0.90535887253229352  0.90579985643055982
  0.90624084032882601  0.90668182422709231  0.90670264164606729  1.00000000000000000
  0.09266852935155237  0.10652480476871555  0.10888294287076435  0.11124108097281316
  0.11359921907486197  0.11595735717691077  0.11831549527895957  0.12067363338100838
  0.12303177148305719  0.12547300766314987  0.12833371546732336  0.13119442327149683
  0.13405513107567033  0.13691583887984382  0.13977654668401729  0.14263725448819078
  0.14549796229236428  0.17068094439140200  0.17644744101656329  0.18221393764172458
  0.18798043426688588  0.19374693089204720  0.19951342751720849  0.20527992414236979
  0.21104642076753111  0.21681291739269246  0.22257941401785383  0.22834591064301518
  0.32490820795888059  0.43653825879105718  0.44209868295909138  0.44673732986923326
  0.45137597677937513  0.45601462368951701  0.46065327059965894  0.46529191750980087
  0.46993056441994280  0.47456921133008473  0.47920757031747158  0.48381379380013667
  0.48842001728280171  0.49302624076546681  0.49763246424813190  0.50635572587302835
  0.51943298241175195  0.53251023895047578  0.57513563773621490  0.64747283130649380
  0.65194404340831791  0.65641525551014202  0.66088646761196612  0.66535767971379034
  0.66982889181561445  0.67430010391743855  0.67877131601926266  0.68324252812108666
  0.68771374022291076  0.69218495232473487  0.69665616442655898  0.70112737652838308
  0.70559858863020719  0.70892526745810847  0.71044943256720405  0.71197359767629964
  0.71349776278539523  0.71502192789449082  0.71654609300358640  0.71807025811268199
  0.71959442322177758  0.72111858833087317  0.72264275343996875  0.72416691854906434
  0.72569108365816004  0.72721524876725563  0.72873941387635122  0.73002440287379977
  0.73121623158912874  0.73240806030445782  0.73359988901978679  0.73479171773511576
  0.73598354645044473  0.73717537516577381  0.73836720388110277  0.73955903259643174
  0.74075086131176082  0.74194269002708979  0.74313451874241876  0.74432634745774773
  0.74551817617307681  0.74671000488840578  0.74790183360373474  0.74909366231906382
  0.77673989833564194  0.88314666504482098  0.88769430319468179  1.00000000000000000
  0.01041036446889238  0.01227823696696137  0.01414610946503036  0.01601398196309935
  0.01788185446116835  0.01974972695923734  0.02266351540998009  0.02702242708923145
  0.03138133876848280  0.03574025044773416  0.04009916212698551  0.11073271396808493
  0.21858254925518697  0.31322538001411221  0.31884050747525122  0.32445563493639024
  0.33007076239752930  0.33568588985866832  0.34130101731980739  0.34691614478094651
  0.35253127224208558  0.35814639970322465  0.36376152716436366  0.36937665462550268
  0.37499178208664169  0.46120045843159557  0.47389487449868822  0.48079646031277945
  0.48358378712988082  0.48637111394698224  0.48915844076408366  0.49194576758118502
  0.49473309439828644  0.49752042121538786  0.50030774803248923  0.50309507484959071
  0.50588240166669207  0.50866972848379344  0.51145705530089491  0.51424438211799628
  0.51703170893509764  0.51981903575219912  0.52261116852267975  0.52540605063693246
  0.52820093275118529  0.53099581486543801  0.53379069697969073  0.53658557909394355
  0.53938046120819627  0.56129564967841761  0.58693081576713535  0.59145217877405332
  0.59597354178097117  0.60049490478788914  0.60501626779480699  0.60953763080172496
  0.61405899380864282  0.61858035681556067  0.62310171982247853  0.62582371562341910
  0.62724354015439054  0.62866336468536210  0.63008318921633366  0.63150301374730522
  0.63292283827827667  0.63434266280924823  0.63576248734021978  0.63718231187119134
  0.63860213640216279  0.64002196093313435  0.64144178546410591  0.64286160999507735
  0.64428143452604891  0.64570125905702047  0.64689390289205850  0.64806324661443948
  0.64923259033682046  0.65040193405920144  0.65157127778158241  0.65274062150396339
  0.65390996522634437  0.65507930894872535  0.65624865267110633  0.65741799639348741
  0.65858734011586839  0.65975668383824937  0.66092602756063035  0.66209537128301132
  0.66326471500539230  0.66443405872777328  0.66560340245015426  0.67645049413868030
  0.78430032942578232  0.89215016471288433  0.92060715357462575  1.00000000000000000
  0.04260152180989590  0.19410696143406517  0.20071392286813033  0.20732088430219550
  0.21465222080953161  0.22211464878441539  0.23581727422687776  0.26394422251718241
  0.27974116267553528  0.29553810283388821  0.31133504299224102  0.33504941333370469
  0.33732545974492528  0.33960150615614587  0.34187755256736646  0.34415359897858705
  0.34642964538980769  0.34870569180102828  0.35098173821224887  0.35325778462346946
  0.35553383103469005  0.35780987744591058  0.36008592385713117  0.36236197026835176
  0.36463801667957230  0.36691406309079289  0.36919010950201347  0.37146615591323401
  0.37374220232445460  0.37597305567334921  0.37814808402904443  0.38032311238473965
  0.38249814074043492  0.38467316909613014  0.38684819745182536  0.38902322580752058
  0.39119825416321580  0.39337328251891107  0.39554831087460629  0.40116508910499754
  0.40730090064273594  0.41343671218047440  0.41957252371821280  0.42570833525595114
  0.43184414679368954  0.44695921213210660  0.56788625753920241  0.64724975607298751
  0.65123495705140211  0.65522015802981670  0.65920535900823130  0.66319055998664589
  0.66717576096506048  0.67116096194347497  0.67514616292188956  0.67913136390030415
  0.68311656487871864  0.68710176585713323  0.69108696683554771  0.69507216781396230
  0.69905736879237679  0.70304256977079138  0.70702777074920586  0.75194633584565385
  0.75788323801170399  0.76382014017775424  0.76975704234380438  0.77569394450985463
  0.78163084667590488  0.78756774884195513  0.79350465100800527  0.79944155317405552
  0.80537845534010566  0.81131535750615591  0.90929740462179487  0.95968376835740854
  0.96195531628964115  0.96422686422187376  0.96649841215410637  0.96876996008633898
  0.97104150801857159  0.97331305595080420  0.97558460388303680  0.97785615181526941
  0.97993826663439498  0.98176206057672266  0.98358585451905045  0.98540964846137813
  0.98723344240370592  0.98905723634603360  0.99088103028836128  0.99270482423068906
  0.99452861817301674  0.99635241211534442  0.99817620605767221  1.00000000000000000
  0.08172824715946582  0.08571599630485689  0.08809865927638053  0.09048132224790416
  0.09286398521942779  0.09524664819095142  0.09762931116247506  0.10001197413399869
  0.10239463710552232  0.10489287210199091  0.10772649170264718  0.11056011130330344
  0.11339373090395970  0.11622735050461597  0.11906097010527222  0.12189458970592848
  0.12472820930658475  0.12782283206291822  0.13094514528228948  0.13406745850166074
  0.13718977172103200  0.14031208494040326  0.14343439815977452  0.14626174236758158
  0.14811088224495936  0.14996002212233717  0.15180916199971495  0.15365830187709273
  0.15550744175447054  0.15735658163184832  0.15920572150922613  0.16105486138660391
  0.16290400126398169  0.16475314114135950  0.16660228101873728  0.16845142089611506
  0.17030056077349284  0.17214970065087060  0.17399884052824838  0.17584798040562616
  0.17769712028300394  0.17954626016038169  0.18139540003775947  0.18324453991513726
  0.18509367979251501  0.18694281966989279  0.18822414143558330  0.18926058163081044
  0.19029702182603758  0.19133346202126475  0.19236990221649189  0.19340634241171903
  0.19444278260694617  0.19547922280217331  0.19651566299740048  0.19755210319262761
  0.19858854338785475  0.19962498358308189  0.20066142377830903  0.20169786397353620
  0.20273430416876334  0.20377074436399048  0.20480718455921762  0.20584362475444476
  0.20688006494967190  0.20791650514489907  0.20896273717747466  0.21001555641910791
  0.21106837566074119  0.21212119490237444  0.21317401414400772  0.21422683338564097
  0.21527965262727425  0.21633247186890750  0.21738529111054078  0.21843811035217406
  0.21949092959380731  0.22054374883544059  0.22159656807707384  0.22264938731870712
  0.22370220656034037  0.22475502580197365  0.22580784504360690  0.22686066428524018
  0.22791348352687343  0.22896630276850671  0.30001306415646462  0.38751143113690417
  0.45113808779247278  0.45113808779248277  0.45113808779249276  0.45113808779250275
  0.45113808779251274  0.45113808779252274  0.45113808779253273  1.00000000000000000
  0.08762305577596029  0.25110581655637942  0.25221163311275885  0.25331744966913827
  0.25442326622551770  0.25552908278189712  0.25663489933827655  0.25774071589465597
  0.25884653245103539  0.25995234900741482  0.26105816556379424  0.26216398212017367
  0.26326979867655309  0.26437561523293251  0.26548143178931194  0.26658724834569136
  0.26769306490207079  0.26879888145845021  0.26990469801482964  0.27105992080960672
  0.27247408963321029  0.27388825845681386  0.27530242728041743  0.27671659610402100
  0.27813076492762456  0.27954493375122813  0.28095910257483170  0.28237327139843527
  0.28378744022203883  0.28520160904564240  0.28661577786924597  0.28802994669284954
  0.28944411551645310  0.29085828434005667  0.33603454849867842  0.43960845707464513
  0.46827324247431956  0.48040673666400263  0.49254023085368559  0.50467372504336860
  0.51680721923305151  0.59003953486464988  0.62774823182801132  0.63189676450362842
  0.63604529717924552  0.64019382985486262  0.64434236253047972  0.64789649015918949
  0.65111713897820900  0.65433778779722840  0.65755843661624791  0.66077908543526731
  0.66399973425428671  0.66722038307330622  0.67044103189232562  0.67366168071134502
  0.67688232953036442  0.68010297834938382  0.68332362716840322  0.68654427598742263
  0.69052671114102393  0.69483059515259282  0.69913447916416172  0.70343836317573061
  0.70774224718729950  0.79768262472973306  0.85659919764760761  0.86194953646592454
  0.86729987528424135  0.87265021410255816  0.87800055292087498  0.88335089173919190
  0.88870123055750871  0.89405156937582553  0.89940190819414245  0.90475224701245927
  0.91010258583077619  0.91545292464909311  0.95931768388537353  0.96197193949453264
  0.96462619510369185  0.96728045071285096  0.96993470632201007  0.97258896193116917
  0.97524321754032828  0.97789747314948738  0.98030840078157211  0.98249635625028631
  0.98468431171900050  0.98687226718771470  0.98906022265642901  0.99124817812514321
  0.99343613359385741  0.99562408906257160  0.99781204453128580  1.00000000000000000
  0.34136521418889360  0.34898840288324279  0.35847309007637296  0.37190036471505694
  0.41904951985595629  0.42508340742850126  0.43111729500104629  0.43715118257359126
  0.44318507014613628  0.44921895771868131  0.45525284529122628  0.46128673286377136
  0.46732062043631639  0.47335450800886147  0.48325796647749636  0.56390760755485692
  0.56879067127158167  0.57367373498830643  0.57855679870503129  0.58343986242175605
  0.58832292613848081  0.59320598985520567  0.59808905357193054  0.60297211728865530
  0.60785518100538016  0.61273824472210492  0.61762130843882967  0.62250437215555443
  0.67943465968573791  0.77138030827231585  0.77443476159747426  0.77748921492263268
  0.78054366824779109  0.78359812157294939  0.78665257489810780  0.78970702822326622
  0.79262528388802034  0.79529975571709888  0.79797422754617753  0.80064869937525618
  0.80332317120433483  0.80599764303341348  0.80867211486249202  0.81134658669157067
  0.81402105852064932  0.81669553034972797  0.81937000217880662  0.82204447400788516
  0.82471894583696381  0.82739341766604246  0.83006788949512111  0.83274236132419976
  0.83700392538811630  0.84171565847903440  0.84642739156995250  0.85113912466087061
  0.85475940549772733  0.85641766576834144  0.85807592603895555  0.85973418630956966
  0.86139244658018377  0.86305070685079788  0.86470896712141199  0.86636722739202610
  0.86802548766264020  0.86968374793325431  0.87134200820386853  0.87300026847448264
  0.87465852874509675  0.87631678901571086  0.87797504928632497  0.87963330955693908
  0.88129156982755319  0.88294983009816730  0.88460809036878141  0.88626635063939552
  0.88792461091000963  0.88958287118062374  0.89124113145123784  0.89289939172185195
  0.89455765199246606  0.89621591226308017  0.89787417253369439  0.89953243280430850
  0.90119069307492261  0.90284895334553672  0.90450721361615083  0.90616547388676505
  0.90782373415737916  0.90948199442799327  0.91114025469860738  0.91279851496922160
  0.91445677523983571  0.91611503551044982  0.96798576381699353  1.00000000000000000
   4.3781177452013560E-016  -1.0000000000000000     
 F F F F F F F F F F F F F F F F F F F F F F F F F F F F F F F F F F F F F F F F F F F F F F F F F F F F F F F F F F F F F F F F F F F F F F F F F F F F F F F F F F F F F F F F F F F F F F F F F F F F F F F F F F F F F F F F F F F F F F F F F F F F F F F F F F F F F F F F F F F F F F F F F F F F F F F F F F F F F F F F F F F F F F F F F F F F F F F F F F F F F F F F F F F F F F F F F F F F F F F F F F F F F F F F F F F F F F F F F F F F F F F F F F F F F F F F F F F F F F F F F F F F F F F F F F F F F F F F F F F F F F F F F F F F F F F F F F F F F F F F F F F F F F F F F F F F F F F F F F F F F F F F F F F F F F F F F F F F F F F F F F F F F F F F F F F F F F F F F F F F F F F F F F F F F F F F F F F F F F F F F F F F F F F F F F F F F F F F F F F F F F F F F F F F F F F F F F F F F F F F F F F F F F F F F F F F F F F F F F F F F F F F F F F F F F F F F F F F F F F F F F F F F F F F F F F F F F F F F F F F F F F F F F F F F F F F F F F F F F F F F F F F F F F F F F F F F F F F F F F F F F F F F F F F F F F F
  <DiscreteSampler_grid>
  grouped_processes
  1 # 1 for a reference and 2 for a running grid.
  10 # Attribute 'min_bin_probing_points' of the grid.
  1 # Attribute 'grid_mode' of the grid. 1=='default',2=='initialization'
  0.0000000000000000 # Attribute 'small_contrib_threshold' of the grid.
  0.5000000000000000 # Attribute 'damping_power' of the grid.
 # binID   n_entries weight   weight_sqr   abs_weight
    10   10   3.353850813697647E-003   6.268258520108524E-005   3.353850813697647E-003
  </DiscreteSampler_grid>
