  0.00193156955499598  0.01583468552813641  0.02802313688200493  0.03988109655481757
  0.05104992956429834  0.06222422023308284  0.07421035593922565  0.08645069483131433
  0.09749528186162140  0.10663809075503192  0.11509988397865283  0.12480712783712228
  0.13501567964922401  0.14598915869853088  0.15839743988138993  0.17170667633958442
  0.18506861464916174  0.19774103672953791  0.20818583126041035  0.21633961453887127
  0.22418312600614712  0.23288232763059283  0.24294407817483069  0.25462038100060380
  0.26432079651080920  0.27433083965076843  0.28594108392555240  0.29813517959104568
  0.30933166349666924  0.31949886109659209  0.33011153708599705  0.34164279616370324
  0.35298121310968789  0.36415456778465399  0.37393070455897737  0.38424969538082943
  0.39488179125508988  0.40496213042854168  0.41448834780383154  0.42582073286421035
  0.43772774655451541  0.45194474399879980  0.46545664326523822  0.47907446232428441
  0.49214871388212267  0.50261462576386540  0.51224497171823025  0.52211664204756025
  0.53237619156006155  0.54344969174999214  0.55499109454435447  0.56431665295229860
  0.57344996445475682  0.58353647149144772  0.59536433791243104  0.60482252162760508
  0.61301390849218329  0.62090170491681984  0.63011571205643091  0.64040220888145361
  0.65010409293601867  0.65698489337770216  0.66403164355356326  0.67262934223016702
  0.67956199882409973  0.68656929972642444  0.69422585868898901  0.70108632054726427
  0.70968154321223398  0.72199866220553865  0.73686230983525802  0.75150643083340796
  0.76404733892932375  0.77437034029906249  0.78453184758904981  0.79398632542248859
  0.80277637021099246  0.81290549556108416  0.82233056279873207  0.83116686406393603
  0.83976698520811277  0.84802031273837508  0.85827431042094493  0.86949349726726699
  0.87880980117520002  0.88721935690269549  0.89529634822999105  0.90195334117534076
  0.90886418334107577  0.91739600070319971  0.92772534280029295  0.93985800271075304
  0.95265341882723720  0.96719774802421687  0.98343946504777380  1.00000000000000000
  0.00839266436513023  0.00924321756832573  0.01014423311807391  0.01116695557989434
  0.01240918549333603  0.01367360959651111  0.01483858584656714  0.01608495399440729
  0.01768940759117116  0.01981767125995891  0.02205542732426100  0.02413939357430924
  0.02614450427320926  0.02838509275099322  0.03119167768925155  0.03483136123617586
  0.03880809942043913  0.04261984626697699  0.04645339186603172  0.05097896191205924
  0.05577841169767612  0.06169384464128917  0.07084711453412632  0.08273407105686241
  0.09666020861382321  0.11193206055886934  0.12603853454716377  0.13739119953485102
  0.14851702640011788  0.16143486103414736  0.17683701502390628  0.19360609452211811
  0.21089037027915120  0.23018796929455651  0.24877287743266940  0.26550374880609467
  0.28297929295973789  0.30355705829244067  0.32198144579639304  0.34069464887779688
  0.36090254519773329  0.38310697114782905  0.40613449140517222  0.42838662881991307
  0.44937013219480260  0.46512864643775748  0.47761554738885004  0.49274759658427530
  0.51186438651038590  0.53359389301243354  0.55186345034701534  0.56427693249728317
  0.57795851944551935  0.59402006030267962  0.61179442679242557  0.63166797402781760
  0.65195104887143018  0.67138004502532422  0.68963304965455641  0.70649985394341697
  0.72098820969063193  0.73372355606369477  0.74641789801780134  0.76336822561615292
  0.78246759128285348  0.80276106662174895  0.82278729517166993  0.83940081838170444
  0.85324516737731193  0.86613267977933184  0.87868952933433908  0.89104168566124664
  0.90438148674243513  0.91719863817248981  0.92898300498782471  0.93886539003484837
  0.94716202460644539  0.95413613904378447  0.96007880574354376  0.96527836980738602
  0.96968522504234489  0.97288958177297480  0.97471236883035639  0.97632126208808079
  0.97792352723313591  0.97945537831648688  0.98113197572462341  0.98275660270490728
  0.98428485186912040  0.98570554271999589  0.98697518828550701  0.98806113746701085
  0.98896669967866768  0.98969503062036479  0.99024246644289804  1.00000000000000000
  0.00307745584477605  0.01076862340893724  0.01943095842107516  0.02795041117193998
  0.03560702191099996  0.04501297979239877  0.05472470642328946  0.06399620900229828
  0.07324370192368120  0.08566617172817463  0.09737648092889879  0.10810459234006513
  0.11721088185376510  0.12582042535187091  0.13437077979797599  0.14272885082462722
  0.15134180331039657  0.16145153888758004  0.17265734481680259  0.18463250318962363
  0.19691562708897881  0.20792422222010701  0.21906055889637099  0.22981927053977791
  0.24067457061960024  0.25070797082241120  0.25935172956346125  0.26715584819245181
  0.27342906171685877  0.27967986710489601  0.28725109694432466  0.29685916613745106
  0.30547111705250929  0.31352805561334918  0.32192514040376335  0.33025007778026044
  0.33923354081423590  0.34873710719663614  0.35791472421662868  0.36734074899910224
  0.37763010029249061  0.39063319181696565  0.40546272681223011  0.41985367153592490
  0.43267093546256263  0.44395349361538777  0.45460039002251029  0.46544609719395841
  0.47644282814715222  0.48730894223938687  0.49869143990729181  0.51071912793542229
  0.52346961127548008  0.53551000930879922  0.54514120303556235  0.55429803219377283
  0.56269466973957838  0.56948395868351520  0.57601558061064817  0.58388699746323358
  0.59386090130389724  0.60325847979799185  0.61444891565166737  0.62741315559391397
  0.64497457550145487  0.66017002016277704  0.67469257246618863  0.68891175663700810
  0.70159209208912177  0.71332365628812611  0.72485921901594019  0.73657545119903844
  0.74845261390084006  0.76020842022157253  0.77211887956606040  0.78442910765961260
  0.79681530233863596  0.80760423865537834  0.81649257267556175  0.82564468111688227
  0.83594620883653481  0.84766704762320255  0.85806699725512603  0.86710309594349744
  0.87659488850469169  0.88582773916818791  0.89539624768777759  0.90538981427436471
  0.91477576677373396  0.92557614011283951  0.93721682725489286  0.94876330544235343
  0.96049087847388614  0.97269247050381258  0.98574957765902382  1.00000000000000000
  0.00815016878742648  0.00944605472911404  0.01099656988169151  0.01279194364376332
  0.01485593575199915  0.01724146324609845  0.01980335539794477  0.02265509064007143
  0.02600976435332649  0.02959923915613748  0.03328228692115961  0.03733315255358156
  0.04178318394095884  0.04706950426423984  0.05371914750933646  0.06174136829190039
  0.07088727413527417  0.08051795627369421  0.09346573025216735  0.10983333871962747
  0.12507409065194924  0.13864465221828495  0.15462772956891599  0.16992575502580323
  0.18345061193394432  0.19335895265118491  0.20575545377075852  0.22073964299044205
  0.23175673343882910  0.24778712256783825  0.26240355133885257  0.27983374492527119
  0.30473942526639286  0.33661133687425099  0.36760923561735731  0.38572531651827974
  0.40085645069729514  0.41665422637451660  0.43480625091091596  0.45592539721499287
  0.47899946125531878  0.50189476686180279  0.52584301613799278  0.54933186387874056
  0.56782257787469170  0.58307961235059746  0.59995663773503749  0.62030001939633883
  0.64013370231990252  0.65862169461561615  0.67563821443195715  0.69432283999924815
  0.71617449219021423  0.73940804021529494  0.75915445237558377  0.77449371529235678
  0.78810641937894577  0.80263910898377300  0.81880672844023650  0.83420272629562542
  0.84775368569382392  0.86189748006168210  0.87769145833166085  0.89364081336881629
  0.90782592348907021  0.91958185903368528  0.92886853248820722  0.93659874973127277
  0.94272407261402269  0.94818534878561800  0.95412413441769539  0.95934895570758638
  0.96384690441518950  0.96682415307737357  0.96956871649490706  0.97202862662946155
  0.97426912197388904  0.97624020408679513  0.97797134301367761  0.97957462647612170
  0.98074941926555625  0.98176297761276732  0.98273915128025235  0.98370210413857861
  0.98464337336816776  0.98551274980678860  0.98625331038308950  0.98688864984211744
  0.98748070189945836  0.98804152347509377  0.98857309773951252  0.98908008929280200
  0.98955988444941401  0.99001681774265982  0.99002960688729580  1.00000000000000000
  0.00000000159465054  0.00000000162395854  0.00000000164423326  0.00000000166042018
  0.00000000167442264  0.00000000169267908  0.00000000171512618  0.00000000173769410
  0.00000000176028766  0.00000000178375563  0.00000000180537211  0.00000000182791102
  0.00000000185294002  0.00000000188024686  0.00000000191086020  0.00000000194232103
  0.00000000197395855  0.00000000200614471  0.00000000203838667  0.00000000206876128
  0.00000000209867639  0.00000000213120937  0.00000000216864892  0.00000000220222185
  0.00000000223319815  0.00000000226606078  0.00000000230013477  0.00000000233667656
  0.00000000237443048  0.00000000241701626  0.00000000246183745  0.00000000250333138
  0.00000000254132479  0.00000000258092105  0.00000000262021798  0.00000000266107206
  0.00000000270487507  0.00000000275888090  0.00000000281685263  0.00000000287750131
  0.00000000294327133  0.00000000301394848  0.00000000308288148  0.00000000315306578
  0.00000000323072472  0.00000000331651903  0.00000000341029753  0.00000000350469396
  0.00000000359857188  0.00000000369075005  0.00000000378061096  0.00000000386999145
  0.00000000396582976  0.00000000406789412  0.00000000417525217  0.00000000428458216
  0.00000000440446257  0.00000000454433200  0.00000000469750566  0.00000000485658388
  0.00000000502117752  0.00000000519045219  0.00000000536305031  0.00000000554398629
  0.00000000576268297  0.00000000601367334  0.00000000624484860  0.00000000646139246
  0.00000000670728266  0.00000000695455554  0.00000000721771796  0.00000000753008075
  0.00000000790275071  0.00000000834517828  0.00000000889031678  0.00000000950813267
  0.00000001013855782  0.00000001079565175  0.00000001158263120  0.00000001247954163
  0.00000001354447671  0.00000001484792535  0.00000001660900811  0.00000001901313495
  0.00000002238519503  0.00000002765960513  0.00000003569945594  0.00000005246207176
  0.00000009998544170  0.00000026451054892  0.00000141064416194  0.00001315613294783
  0.00027483295192477  0.00193121702318376  0.09804056904856598  1.00000000000000000
  0.00006100074613343  0.00021324387113163  0.00032372507989578  0.00044068775690868
  0.00057661779772928  0.00071702681760255  0.00085348930339165  0.00097907565647891
  0.00108331085328827  0.00117455598823541  0.00125909218548409  0.00137775433506798
  0.00148013000940508  0.00159185773486854  0.00172165261877104  0.00188279689335555
  0.00205944639030362  0.00222911161350539  0.00239793878463312  0.00258449443877461
  0.00280133389718192  0.00302757664557369  0.00325378028490670  0.00345163892854981
  0.00364056396000797  0.00384054603254330  0.00405236596342371  0.00425776725584831
  0.00447360426260963  0.00472957083070631  0.00502226720795767  0.00531429659342489
  0.00561679372924963  0.00593827318547342  0.00622801474560408  0.00648682507996373
  0.00679136752183297  0.00713966690795278  0.00749524626304972  0.00788481482963963
  0.00826846063305489  0.00863793531561937  0.00895845052598635  0.00921006457714491
  0.00946253434148811  0.00979766011818351  0.01013528607747070  0.01044477238166309
  0.01073600409795635  0.01099254194208673  0.01124141598160514  0.01185479637615396
  0.01236143815106079  0.01292283930799819  0.01348210038622691  0.01400950479601880
  0.01458313918410286  0.01521161333196148  0.01584690089923148  0.01657742782071489
  0.01741315360149328  0.01830567107720379  0.01937208753354123  0.02045009691538060
  0.02153249836879528  0.02280614682541679  0.02389586314446047  0.02506548022945482
  0.02632624793396924  0.02774030159175955  0.02934251556113849  0.03084388077325645
  0.03216992122524652  0.03350913195796827  0.03527301532672787  0.03684914617447171
  0.03800092988507803  0.03922782226340022  0.04068469658476322  0.04229019201091683
  0.04438998477319157  0.04748724530809100  0.04980655278198613  0.05287048140879137
  0.05375522968851754  0.05458221846321145  0.05648789445013749  0.05843553062042618
  0.06038316679071488  0.12795668333633128  0.20151042089353044  0.27506415845072957
  0.40540398703519837  0.54088835031205762  0.67637271358891482  1.00000000000000000
 -0.00320397912627152  0.01252820089471795  0.02535012971255995  0.03793751507923214
  0.05286568718189708  0.06954340821047364  0.08543831076617814  0.09759914691896841
  0.10735337215836309  0.11951131814161743  0.13039506670078496  0.13833789212084682
  0.14615647001770155  0.15513834683711006  0.16478752104978892  0.17493647868422293
  0.18470744149128787  0.19392969104615612  0.20172413530455394  0.21037993857597784
  0.22274699581758645  0.23760475496631700  0.25206083807593754  0.26495037624752921
  0.27699733583255415  0.28849416008332857  0.29999891019872094  0.31081151118103645
  0.32180603342397368  0.33335513891018848  0.34506085061659691  0.35673154010353286
  0.36825795315246396  0.37884342177413177  0.38709767893473651  0.39599779510043720
  0.40534498738825059  0.41528902833317843  0.42597205527358023  0.43646217991226166
  0.44558400572781748  0.45403112887474578  0.46138171183601945  0.46846993810282062
  0.47647625317695425  0.48649904766591784  0.49689933494870425  0.50744013134225163
  0.51805594962928192  0.52806385417399859  0.53944443595634906  0.55093324519990905
  0.56211964325331953  0.57272902358113065  0.58438069068675946  0.59584176526816457
  0.60635336183730726  0.61750201891289325  0.62938107897984952  0.64181975023049120
  0.65444557827926741  0.66629576487676001  0.67697054019683955  0.68618400965685322
  0.69625700037043170  0.70637568301570908  0.71651835345848813  0.72733820653616854
  0.73974421542663793  0.75262483997316798  0.76407093983904617  0.77666499227186281
  0.78584843678144589  0.79454369684652915  0.80350478693240135  0.81256306809757683
  0.82206720371692366  0.83197907443735264  0.84160091488744493  0.85101184600702562
  0.86136095313258643  0.87230414138604728  0.88395272555868276  0.89477273067019392
  0.90506102650547737  0.91546381451878567  0.92603314911077150  0.93647024377417432
  0.94502109679694679  0.95261880052569903  0.96106456379856198  0.96915812811462232
  0.97601323252362626  0.98351968359871800  0.99211796752147152  1.00000000000000000
 -0.00180099232996289  0.00709643691160568  0.01668906710143669  0.02599815576345660
  0.03687591279077966  0.05045666785780735  0.06604899485016968  0.08127587523795392
  0.09357000832708932  0.10372445597975365  0.11416735215196935  0.12561459059118754
  0.13780983721612067  0.14904229193849311  0.15941724741863739  0.17019365205399664
  0.17950406793520737  0.18888372869742526  0.20057713923083756  0.21218788484418591
  0.22346050678531215  0.23529334791921652  0.24804058410990074  0.25989550440672571
  0.27200904312991259  0.28322948115822261  0.29417141954577114  0.30350757533982842
  0.31156699290169693  0.32255487652573250  0.33333554383810299  0.34592993451973869
  0.35752872907354927  0.36654007650773118  0.37480370439030136  0.38304740104818180
  0.39117084006961517  0.39810337987059086  0.40613534724522943  0.41451539763029721
  0.42402434136893857  0.43392816284481900  0.44389698679855849  0.45421348502673575
  0.46543295369550325  0.47691261536642870  0.48919846418355706  0.50136399691071121
  0.51530981064241632  0.52981496505646397  0.54287113486109173  0.55442304171476098
  0.56549572765800593  0.57540381569675447  0.58418416426178377  0.59240437158714765
  0.60051111503916310  0.60808059702156125  0.61542143992474552  0.62430418578491653
  0.63472630470918179  0.64481600181195897  0.65461477667628132  0.66427757256882225
  0.67457444918653575  0.68552297656546912  0.69755509439147634  0.71051532383454763
  0.72284659795155448  0.73441256607294370  0.74537187987059184  0.75646912304433245
  0.76836508079160593  0.77944620055257319  0.78798026296314871  0.79468715977532078
  0.80156634032697027  0.80975237876071160  0.81850589857410871  0.82685180783378909
  0.83557126592820241  0.84576331515599745  0.85639262945324057  0.86626888423763448
  0.87673866371526277  0.88905378897750453  0.90243461691023164  0.91571437568299763
  0.92773276824820028  0.93857934707666180  0.94797413682509424  0.95637668468596848
  0.96554593384946252  0.97502190158598012  0.98562711891291199  1.00000000000000000
 -0.00255824126840920  0.00976181323876079  0.02184856021145947  0.03475818302756820
  0.04876254115921312  0.06309857752311154  0.07641426879519415  0.08719176867776715
  0.09558506848067849  0.10360542733285508  0.11280509482430409  0.12385210001777859
  0.13588825595611176  0.14804590783302168  0.16000609126599910  0.17205326944466273
  0.18361996117258836  0.19772709203040376  0.21224162977753380  0.22361478737619364
  0.23167134619039001  0.23949120295830814  0.24741503490881955  0.25414543405427753
  0.26042933343194730  0.26786296912443414  0.27841759543145245  0.28885589922804805
  0.29947757718384177  0.31132003487959453  0.32439773634862445  0.33698492969967436
  0.34990028223052283  0.36323744445935674  0.37597929956254389  0.38740684455767588
  0.39892978214206704  0.40997168618287733  0.42120215545303619  0.43362103387283019
  0.44647406819613411  0.45820605687309479  0.46862676642567686  0.47839578273398997
  0.48915488680023445  0.49969029082080785  0.50763465740952751  0.51338781337285977
  0.51914836948410814  0.52606023513904621  0.53466246304686205  0.54297179505196425
  0.55177437332974655  0.56138243380496522  0.57479798627888867  0.59050227023177948
  0.60487840445436969  0.61567759106237407  0.62479182421673007  0.63344128865193738
  0.64326624557757583  0.65463093081370249  0.66672410411209915  0.67921704791286219
  0.69014242220919964  0.70068985468791978  0.71082396274965554  0.72033355626587103
  0.73132127425082105  0.74185525328559532  0.75446389149576609  0.76749074829011155
  0.77881798199172902  0.78787929533814260  0.79670336876855796  0.80640382702574465
  0.81783765756150406  0.82671753046627683  0.83319433910699392  0.84114424519220510
  0.85010568879576820  0.85949355056015853  0.86906623865423749  0.87947617277059376
  0.89098254083075068  0.90179677102083489  0.91091328605538258  0.91919931352567252
  0.92653387723809744  0.93339187500191034  0.94197517882933934  0.95078878264695044
  0.96170077719070757  0.97393525575176687  0.98645278355385790  1.00000000000000000
 -0.00202401130695827  0.00902159990330014  0.01714959783300601  0.02746416532617559
  0.03817371129488293  0.04685308110766978  0.05455570777909507  0.06360676208188347
  0.07348704145819923  0.08515288934022837  0.09984279128060763  0.11502187896795217
  0.12784224870357280  0.13946552057570857  0.15054530809592509  0.16066528143333053
  0.16947458817488592  0.17785667413237016  0.18713173218227078  0.19726875729330873
  0.20773965230089875  0.21963876344910527  0.23239991477713909  0.24438421294910190
  0.25478403939414374  0.26412322374603631  0.27350171313386584  0.28396987984604766
  0.29573861327195294  0.30738096658790837  0.31807399530578123  0.32789172938149891
  0.33621134573421457  0.34379230010920925  0.35253235673648303  0.36268216984670049
  0.37460144152461117  0.38835279369195602  0.40272209243411439  0.41525081093531097
  0.42763837009847228  0.43960340773034157  0.44959201089581030  0.46001441744974836
  0.47028064040908246  0.47975375392332381  0.48928187571792880  0.49954098799114033
  0.51014923777125287  0.52123889789307420  0.53324995329069813  0.54469631334523816
  0.55617997651454354  0.56602948637886008  0.57374877910997812  0.58162645455667072
  0.58975471576557681  0.59759630504769645  0.60646713609178116  0.61598406007485573
  0.62519508533470536  0.63630503075394462  0.64908958802962768  0.66204384085798951
  0.67380792013514634  0.68520554350460017  0.69530163794779765  0.70454015429409944
  0.71337253753549057  0.72384244608033366  0.73525541449857035  0.74601410750242569
  0.75648292348523671  0.76706364345827482  0.77804487990356397  0.79056179694569084
  0.80431185948315487  0.81766793829970297  0.83043683229479115  0.84190889470058816
  0.85318427320829926  0.86508108670510364  0.87757067523008370  0.88963668979380783
  0.89966892906550722  0.90777071721346048  0.91646816184305424  0.92527747388621440
  0.93435442761203247  0.94324918581507611  0.95117737424763038  0.96189029890776545
  0.97525336764384196  0.98588296650005136  0.99304905320678227  1.00000000000000000
 -0.00208394744590001  0.00765195756250149  0.01862640743259528  0.03042764389621405
  0.04508844075076676  0.06168904419005936  0.07475078293046243  0.08699641706536704
  0.09855875636964309  0.11064405934691648  0.12312734433509964  0.13524784365772455
  0.14587181615134748  0.15464886068535288  0.16357307867968462  0.17280730021712584
  0.18364337488383181  0.19444805783754582  0.20592865056872961  0.21695326109139096
  0.22790194176861203  0.23684113727359107  0.24338143742959417  0.25109728843772816
  0.25872918690126134  0.26587786621150833  0.27401167223524164  0.28220180926346555
  0.28935901249972695  0.29793076476057712  0.30933848008713472  0.32186377654063902
  0.33322350648986215  0.34220963137419164  0.34972092083458495  0.35707095825579133
  0.36489511604297775  0.37168675799019563  0.37926983863895625  0.38837958616453561
  0.39963228115265115  0.41267270039289161  0.42492600954225201  0.43585263940821689
  0.44725839928160743  0.46165790331640244  0.47619519692466272  0.48893401296280437
  0.50021871393042949  0.51098084719362780  0.52135386295101382  0.53124629913141430
  0.54087525275191861  0.55075883945400728  0.56205845977349389  0.57238318313196712
  0.58465369822203017  0.59761049246491593  0.61041777665328045  0.62237637694543646
  0.63274744886520506  0.64382471544817532  0.65508677302827423  0.66821665982084266
  0.68199689151372078  0.69506167365187110  0.70688554132752934  0.71678668508596699
  0.72571245685090946  0.73511070602089479  0.74527457763702820  0.75619413759428367
  0.76492521779235567  0.77281357454765176  0.78014222393940647  0.78847778690570114
  0.79899789748881256  0.81142299774459525  0.82350976048135127  0.83593256649595316
  0.84761378499708240  0.86044028268611261  0.87365027372056658  0.88587845416903710
  0.89657080987407767  0.90625371482740869  0.91494059868641631  0.92325914661719555
  0.93158271836971507  0.94015889052181667  0.95077063895191860  0.96182089424603623
  0.97191539555673123  0.98053875669506407  0.98975802876730024  1.00000000000000000
 -0.00253117139352303  0.01054606845860886  0.02278731580265410  0.03467058242252929
  0.04697359235856804  0.05918340815903642  0.07221081216529762  0.08277818246688377
  0.08873923485010864  0.09569907688572471  0.10379768648413110  0.11145728945808968
  0.11939748620204038  0.12775051325601469  0.13630118489898432  0.14666643150444370
  0.15723883097881780  0.16797656559282886  0.17845100641157616  0.18887588215340215
  0.20023041620832394  0.21276026337291998  0.22603247533350979  0.23915990379766430
  0.25171472283725771  0.26446560046894496  0.27564867517741742  0.28559210070239227
  0.29686850215214206  0.30757024817322864  0.31948474421819595  0.33230677522236080
  0.34574255722311037  0.35846102939773550  0.36910799653943560  0.37810084805438327
  0.38467670454342862  0.39077549278341456  0.39808635439555140  0.40432961551084201
  0.41133351913797062  0.41933312272081930  0.42972337480207212  0.43916751644562069
  0.44829899006015494  0.45719612901005291  0.46507694408658329  0.47297823171530612
  0.48244736489742263  0.49236768860006958  0.50137256818961118  0.50997366583895876
  0.51975852734392947  0.53018950495823780  0.54180769734026180  0.55377027356471031
  0.56602756644151286  0.57756599860823743  0.58778903697831342  0.59741439988078804
  0.60693473435864764  0.61701073889064828  0.62842538417804561  0.64102959530466230
  0.65322109703868425  0.66510135308058915  0.67739336519489857  0.69017012234458019
  0.70222320042171704  0.71275814551574179  0.72244269780716175  0.73250160510478202
  0.74336690152962082  0.75540674021855903  0.76968334324609888  0.78278730718792233
  0.79346620865570860  0.80338951193877062  0.81341900185214200  0.82385526048478563
  0.83455069093296252  0.84589493726298426  0.85757533460043867  0.87075628310225606
  0.88410193363523926  0.89400546431263495  0.90314656680512784  0.91216278841010978
  0.92215073059287778  0.93397663350620863  0.94512266634344311  0.95447310018595966
  0.96442197469920343  0.97561141432652165  0.98648410907151973  1.00000000000000000
 -0.00238568114081716  0.00941922724752451  0.02160716597624918  0.03355538316589121
  0.04524249886689853  0.05733909881693085  0.06858442080953901  0.07851971185265288
  0.08730458756765971  0.09536622979089278  0.10297992851216567  0.11057651407670180
  0.11813617307962217  0.12712821536189450  0.13716206226561445  0.14808339456643085
  0.15732930234666667  0.16449702574983099  0.17319963130230623  0.18352677493020900
  0.19296942233172307  0.20147416438366297  0.21116945808913742  0.22275590229310854
  0.23498277422834840  0.24741423169834056  0.25970316823008915  0.27186904882087415
  0.28404869370078545  0.29585606492301797  0.30664764272057438  0.31542685009359567
  0.32274952048460964  0.32945652338432257  0.33593832863329254  0.34275553449293944
  0.35041294093755465  0.35824179787924632  0.36570484064366471  0.37312924770962352
  0.38238897138426176  0.39088603537982541  0.39811167735884034  0.40472490053347165
  0.41152568675362200  0.42138797152449542  0.43025172005807460  0.43890328056182665
  0.44789875366661275  0.45784760922187845  0.46953250827639231  0.48312250943155205
  0.49662602282435664  0.50755580401726708  0.51705588960161819  0.52519351105295442
  0.53430045968778084  0.54529453431620745  0.55723945550848530  0.56980705373181828
  0.58173939863367308  0.59313122468838952  0.60543387786261016  0.61832261029775371
  0.63072281314899925  0.64161021105517901  0.65127116048704925  0.66125099353197736
  0.67151514059897732  0.68222588028967623  0.69378472415293924  0.70582228433449290
  0.71832463493789755  0.73099652722569231  0.74403902469203020  0.75616953411632570
  0.76882814651202835  0.78148181944705286  0.79442303307655360  0.80815611490787087
  0.82271931069666338  0.83747728095006191  0.85120401903578125  0.86495325416136148
  0.87632860552023317  0.88782818460122326  0.89927914997674385  0.91103096200943967
  0.92204247110178073  0.93245093895322395  0.94367489253489811  0.95519278255886686
  0.96593499500588786  0.97904604415679530  0.98983187743960999  1.00000000000000000
 -0.00144017526576341  0.00702289224646986  0.01380853959154523  0.02051572723935276
  0.02642926381771481  0.03275284830204397  0.03974993920687262  0.05118285991475902
  0.05838100251364333  0.06600185418613473  0.07609152227805195  0.08887860014697950
  0.10294175620484426  0.11583750247491909  0.12707126153824078  0.13922082892447818
  0.15373611219785133  0.16705439332094657  0.17957072853998854  0.19024847197990205
  0.20012814122058165  0.21060523751362364  0.22096144941405099  0.23060444164798805
  0.23985330221802179  0.24885689104651215  0.25914256181829137  0.27224000116907199
  0.28767887700405492  0.30320710447151794  0.31702635649206740  0.32987349573165842
  0.34168222216471422  0.35426978277215887  0.36775141152813190  0.38110574994543100
  0.39422224408333667  0.40692351240061458  0.41849314651179809  0.42930376754075822
  0.43996338983815453  0.44933235874436561  0.45959806131139030  0.47085007639143012
  0.48077655448600060  0.48979482871696789  0.49896690623786005  0.50821015169584760
  0.51805244228726910  0.52683667048985217  0.53575705053580169  0.54571824975808070
  0.55627184772712224  0.56575231357992051  0.57392807266620327  0.58219418047233129
  0.59104365042639606  0.59828705330346388  0.60547125572858018  0.61376942690335312
  0.62228322153379945  0.63049198978805654  0.64077654715703636  0.65203490705085310
  0.66305201593003493  0.67346311367109502  0.68356005190102964  0.69422781865569383
  0.70532827594520220  0.71607066218986959  0.72529647671102038  0.73634928573023273
  0.74758811602556230  0.75782118307866730  0.76681109007154424  0.77558129863977832
  0.78512132139132396  0.79651977038381749  0.80948827766452724  0.82258154667151318
  0.83435040904196089  0.84445009415565109  0.85343868794298083  0.86304117180645967
  0.87464609161523166  0.88644410176926980  0.89700895388557267  0.90759669617143235
  0.91864502981126506  0.93091652334253250  0.94191500870869316  0.95366558915499999
  0.96527265437653798  0.97617731592378165  0.98735994445888531  1.00000000000000000
 -0.00209295883021782  0.00928561372510851  0.01811510149859856  0.02728915756896809
  0.03733278926336767  0.04692983624198004  0.05670424597590645  0.06735220124784960
  0.07800408480304828  0.08851783234719839  0.09836754638268848  0.10815293256831900
  0.11756079591000070  0.12803710676150734  0.13996141165872844  0.15099150105630035
  0.16061556288992121  0.17003356373112519  0.18029971709580828  0.19157809146590177
  0.20361813456714115  0.21592318809996960  0.22846714183467143  0.24151412380825174
  0.25498193784179601  0.26810273997943701  0.27925242802538791  0.28888223366696802
  0.29895609889303482  0.30943323383831201  0.31996900106118342  0.32952225108327748
  0.33724493203324829  0.34460525367513145  0.35292633566638448  0.36119305503978122
  0.36955657462634578  0.37909844468377418  0.38913635226476134  0.39957814314982476
  0.41103133462440300  0.41991899084144463  0.42932924400186495  0.43834580504694387
  0.44630048357907354  0.45411495028317489  0.46050326515642748  0.46703588839765625
  0.47671372277969259  0.48598334073794686  0.49499606218975450  0.50306953455651893
  0.51367623801064421  0.52644684808019937  0.54064125338263980  0.55640704049871803
  0.56845210497826326  0.57969255720462876  0.59057393395885338  0.60223155111613924
  0.61545731711829199  0.62848505545227729  0.64023945349776767  0.65076255568241248
  0.66061682498920993  0.67035488421022871  0.68094043071568455  0.69227585054812568
  0.70392880741548269  0.71369785095756755  0.72287122716182539  0.73071396411337319
  0.73825146763344984  0.74674537732149071  0.75552199657984609  0.76376306429439256
  0.77069344813949381  0.78072731547317276  0.79199587078844991  0.80290018428772592
  0.81624820011694854  0.82759832570707370  0.83961927404173364  0.85117307834645772
  0.86378746331326395  0.87679631338231112  0.89009372586241808  0.90358316328904165
  0.91558202168467839  0.92684267684207300  0.93723229955820675  0.94785939644351080
  0.95933302917280106  0.97164301465535552  0.98429902507117273  1.00000000000000000
  0.00682257131966478  0.00762840257595938  0.00815718010741413  0.00853930899566313
  0.00889416972127833  0.00924001888578695  0.00954330634734122  0.00979072903344575
  0.01001051181728903  0.01022852403104244  0.01044417740230327  0.01065210355990788
  0.01086286938645668  0.01107880186977733  0.01129152228074854  0.01150088667914032
  0.01171537681496507  0.01193837657907194  0.01216461500713000  0.01238682858491332
  0.01260544247830533  0.01283780688849596  0.01309309309194570  0.01334822892911992
  0.01359476200199543  0.01383748366792035  0.01407694433163079  0.01431245337110248
  0.01454832832953451  0.01478760489929849  0.01502665385625395  0.01527818774084654
  0.01556036992534995  0.01588273027585767  0.01623576361465124  0.01662748655250708
  0.01704241188049313  0.01745280829106579  0.01787068517004635  0.01827758177130832
  0.01867277257244008  0.01906360187315872  0.01949558909846743  0.02000993148413055
  0.02051701187357669  0.02105958670760074  0.02161144689932000  0.02217101160418038
  0.02272035841059625  0.02322930779313316  0.02374295076117166  0.02425944180212608
  0.02485002338619567  0.02551722736074724  0.02624269377668217  0.02685044104533716
  0.02744370807448430  0.02810912510129731  0.02884095618019570  0.02965949680873471
  0.03054661261598933  0.03138261594941184  0.03203289171028237  0.03271476187919485
  0.03332206765840759  0.03402874981405302  0.03503790013863087  0.03631409231941687
  0.03752717343626386  0.03862455895327208  0.03977324907565561  0.04095537188623381
  0.04204629731127636  0.04310575051287380  0.04409029193644408  0.04531475272238399
  0.04669371964662142  0.04835761593229891  0.05008346268230391  0.05141901793233974
  0.05281261957057372  0.05489262157204139  0.05798591635230635  0.06054275575388486
  0.06261357030797093  0.06459605416896422  0.06786824999715164  0.07248145389426064
  0.07882992148682855  0.08601660254541382  0.09314116507707393  0.09752955098704917
  0.10464496822653067  0.18880428165968954  0.73627469272579427  1.00000000000000000
 -0.00384425198447630  0.01180328820098748  0.02477113700076674  0.03606382302518937
  0.04689151350129975  0.05808486798952202  0.06939049169154414  0.08068426700563255
  0.09161092836710943  0.10132182598609989  0.10995336973175256  0.11827132537958267
  0.12781491522752969  0.13821745545613504  0.14843252560695458  0.15644536441979812
  0.16460825598749004  0.17278270208475965  0.18112098934762810  0.18929669567630503
  0.20191577957079163  0.21394749634850674  0.22548150190714497  0.23808466573148623
  0.25100315174745352  0.26410704295363024  0.27471305355161829  0.28171101143936028
  0.28876707671775242  0.29653523178594487  0.30518052677872015  0.31396534746836591
  0.32395570812997976  0.33353166989316313  0.34386886537864464  0.35526819634949802
  0.36431853487216709  0.37200888640160878  0.38003534499283215  0.38916526078769681
  0.39956147574542455  0.41034873938534733  0.42181426859592752  0.43286769364500682
  0.44019166074287946  0.44750159317618698  0.45578539441458027  0.46501734121063892
  0.47391392580230868  0.48240277812660826  0.49202071583420259  0.50062928387516792
  0.51239015284237255  0.52468228633516256  0.53613117806968613  0.54724226748090954
  0.55705226910621808  0.56786707347861576  0.57912680250487536  0.59059160823780055
  0.60173508166700806  0.61088307546440279  0.61888051219123974  0.63103540104339129
  0.64323110811813333  0.65154755369504147  0.65914325416272834  0.66885403078216299
  0.68008694941772252  0.69121862976504367  0.70119083859916254  0.70998608096839000
  0.71727812573749739  0.72552288008359067  0.73337015041041598  0.74579681825394517
  0.75756594439207980  0.77038097030695019  0.78382934338988874  0.79704778065017756
  0.81022895388610694  0.82307464363634875  0.83644877991259536  0.84895597594873218
  0.86205284796278248  0.87590855338651719  0.89094359813714918  0.90705404662631239
  0.92233820384393539  0.93567165699329158  0.94774811074650467  0.95867005784550874
  0.96941513926629053  0.97982337650973017  0.98966124486378315  1.00000000000000000
  0.03623755459119145  0.46678237715582527  0.53525259760768984  0.57093369051892351
  0.59321721051284448  0.61064159322399092  0.62977127410980804  0.64885225664083357
  0.66410545162614776  0.67679655988340937  0.68767686279539608  0.69628296852027960
  0.70387132157842691  0.71073678374245208  0.71723623608806664  0.72417986913492527
  0.72941170331100336  0.73448121750630579  0.74080442146598746  0.74714492218271977
  0.75352917468617586  0.75963364212175466  0.76510852412228525  0.77012511371100301
  0.77531237860944291  0.78128231649825564  0.78686843053354072  0.79299309069764035
  0.79942489384052462  0.80568464054667555  0.81084769091571285  0.81457412009799823
  0.81784443148469632  0.82076081441422943  0.82464443841290258  0.82850825916918569
  0.83209539377515640  0.83547686725763437  0.83867717092685035  0.84210344854566721
  0.84539405922400868  0.84858528941858613  0.85160648754252799  0.85437322303579244
  0.85689701677968977  0.85945151457013946  0.86251744596914481  0.86587305147604954
  0.86890910582369607  0.87132370677890048  0.87369544655303766  0.87632412687308170
  0.87921408609726737  0.88241061076939009  0.88586474878215493  0.88884221452108669
  0.89126483716910299  0.89335541160847642  0.89546799021018153  0.89767784181745225
  0.90011026130451333  0.90216545725593111  0.90418707658158526  0.90642389969341375
  0.90877800061822467  0.91128587082534485  0.91347364311018930  0.91564069322231512
  0.91762785319145512  0.91957314172596627  0.92168594353910038  0.92389240356292035
  0.92614643377587269  0.92848492902580837  0.93086415969483005  0.93315029570596708
  0.93538299651834667  0.93764858259431838  0.93996208357805622  0.94225980882810456
  0.94450594105669727  0.94684471484104427  0.94900512824613781  0.95129146756315330
  0.95355835087374685  0.95593736047502820  0.95854047623016347  0.96154340857354792
  0.96458684409390538  0.96740992686111116  0.97009361868669930  0.97286949692683011
  0.97615029387254604  0.98061705496417395  0.98810716420264222  1.00000000000000000
   1.3566840485789461E-009  -1.0000000000000000     
 F F F F F F F F F F F F F F F F F F F F F F F F F F F F F F F F F F F F F F F F F F F F F F F F F F F F F F F F F F F F F F F F F F F F F F F F F F F F F F F F F F F F F F F F F F F F F F F F F F F F F F F F F F F F F F F F F F F F F F F F F F F F F F F F F F F F F F F F F F F F F F F F F F F F F F F F F F F F F F F F F F F F F F F F F F F F F F F F F F F F F F F F F F F F F F F F F F F F F F F F F F F F F F F F F F F F F F F F F F F F F F F F F F F F F F F F F F F F F F F F F F F F F F F F F F F F F F F F F F F F F F F F F F F F F F F F F F F F F F F F F F F F F F F F F F F F F F F F F F F F F F F F F F F F F F F F F F F F F F F F F F F F F F F F F F F F F F F F F F F F F F F F F F F F F F F F F F F F F F F F F F F F F F F F F F F F F F F F F F F F F F F F F F F F F F F F F F F F F F F F F F F F F F F F F F F F F F F F F F F F F F F F F F F F F F F F F F F F F F F F F F F F F F F F F F F F F F F F F F F F F F F F F F F F F F F F F F F F F F F F F F F F F F F F F F F F F F F F F F F F F F F F F F F F F F F F
  <DiscreteSampler_grid>
  grouped_processes
  1 # 1 for a reference and 2 for a running grid.
  10 # Attribute 'min_bin_probing_points' of the grid.
  1 # Attribute 'grid_mode' of the grid. 1=='default',2=='initialization'
  0.0000000000000000 # Attribute 'small_contrib_threshold' of the grid.
  0.5000000000000000 # Attribute 'damping_power' of the grid.
 # binID   n_entries weight   weight_sqr   abs_weight
    10   10   2.863872807739720E-001   4.519180159819252E-001   2.863872807739720E-001
  </DiscreteSampler_grid>
