  0.00346324121634559  0.01059070624536978  0.01945720793426801  0.02779932168671856
  0.03714354286558904  0.04710024179510015  0.05686918196318989  0.06674234380367783
  0.07586145569136131  0.08493366041716278  0.09467218933350129  0.10551154428741288
  0.11793099723040894  0.13204058280511882  0.14713966825398189  0.16174830641450308
  0.17436738762177825  0.18578970817039506  0.19699353939339645  0.20780243618101157
  0.21964586126848273  0.23179321692452526  0.24432388573697378  0.25543104541257150
  0.26344698283217693  0.27106520384126592  0.27874174717092304  0.28590251110374809
  0.29186993788748777  0.29843128568711574  0.30712582713745995  0.31709425796276153
  0.32833288739202360  0.34035135342798839  0.35155726110796748  0.36287172522378819
  0.37364538047061086  0.38430028642768888  0.39538913782037188  0.40537761803974620
  0.41491396904928696  0.42514265624999753  0.43516120041340167  0.44485209167038758
  0.45540325307770740  0.46630558660491406  0.47700304413801126  0.48674638432920447
  0.49586747829331124  0.50592754860666900  0.51600410552269427  0.52450850324704279
  0.53353824919582460  0.54424757380276845  0.55634662632091081  0.56761818876425241
  0.57751897288091780  0.58593911422762446  0.59318160328475888  0.60038731677569157
  0.61037877961851639  0.62414138939798358  0.63858956156248381  0.65186130217012683
  0.66497475763728553  0.67915743830752195  0.69276321278611486  0.70528148117457279
  0.71617570122440100  0.72726694315564311  0.73755304146030121  0.74712342994420700
  0.75698599437487935  0.76661916128142948  0.77568234342671061  0.78425239402068458
  0.79170439002541027  0.79922080532260231  0.80790401431038461  0.81783934496687838
  0.82779143803301181  0.83736167156897801  0.84749404147405727  0.85889761372528861
  0.87054285282416377  0.88080899561030934  0.88908218322508192  0.89904437290947004
  0.91114945318916396  0.92519396090954442  0.93959496347911320  0.95207060679959488
  0.96299329074387774  0.97393873934332720  0.98572572206842046  1.00000000000000000
  0.00834909085654602  0.00909538586280883  0.01007314989565991  0.01136283409702930
  0.01288104419877919  0.01460865459649843  0.01674441661591081  0.01941381342844435
  0.02173325722146971  0.02426765157170506  0.02699272698294216  0.02997613058399150
  0.03383660934493692  0.03816315304076860  0.04264217534765300  0.04826397769553353
  0.05476511064005100  0.06180897528543772  0.06849342466516790  0.07620459072759378
  0.08742903783626350  0.10243906219930574  0.11828166440750634  0.13222418091618787
  0.14630373538584673  0.16079426537565170  0.17459196255781786  0.18918306869142792
  0.20400694556243515  0.22062917905297580  0.23772579195532223  0.25662732209111627
  0.27458294257241089  0.28981008925481516  0.30358905508907141  0.31798013860537683
  0.33165798163007371  0.34249825566430270  0.35664102259321073  0.37556763278820959
  0.39701226627906411  0.41922405461216711  0.43935256894723396  0.45685930341622971
  0.47248543611416272  0.48658885505089683  0.49937969227033968  0.51365884093437131
  0.52684804024997867  0.54098799898257888  0.55875748560050842  0.57794885916130390
  0.60018579239423298  0.62089284328445382  0.64015883390123662  0.65689890814732754
  0.67291840143788506  0.68736330746901986  0.70510915174133326  0.72657931287262900
  0.74871890525257945  0.76783876554253572  0.78417931917903838  0.79866245571213645
  0.81323818081821730  0.82852256164286409  0.84412050088378088  0.86029553007208914
  0.87603585026489494  0.88929427937250338  0.90093443038287047  0.91271726143913356
  0.92459360466948926  0.93440994866937088  0.94110821117277099  0.94602945990527532
  0.95072844489644226  0.95576215372614093  0.96096045018785814  0.96526178988823008
  0.96873328607102382  0.97173826086984261  0.97432786291951734  0.97680593894500289
  0.97880615278547722  0.98071400058108493  0.98244060251583631  0.98398571910889820
  0.98539246872233244  0.98668191585344733  0.98782385592045696  0.98866706086423040
  0.98932073490366257  0.98980180968350417  0.99012287282115807  1.00000000000000000
  0.00271424295171294  0.01371825083937954  0.02604728153144440  0.03863642004012639
  0.05009290617704919  0.06067983772986189  0.07132678149613129  0.08215287741744481
  0.09339605064012929  0.10372610929741588  0.11305281051719604  0.12356229911894411
  0.13545550847632185  0.14720228094448384  0.15821269092249987  0.16929502895240620
  0.18006319064301565  0.18898813913521459  0.19807372862047046  0.20853200098893609
  0.21953159111817744  0.23077250591552625  0.24323308378896824  0.25614335762060175
  0.26775985449064404  0.27734026933934131  0.28537604103984482  0.29284154107006161
  0.30056447536009473  0.30877318581459690  0.31787849132216456  0.32820215145184045
  0.33848967502483635  0.34724601197570526  0.35529606234261485  0.36336248210660610
  0.37074825392798694  0.37707814816697588  0.38301347804264252  0.39078112725197395
  0.39991411109189706  0.40952672595641215  0.42012145882496998  0.43272220813173623
  0.44505399845348526  0.45639007048828267  0.46776162832056872  0.47946959110270082
  0.49170765905592478  0.50447784812516838  0.51701331605569256  0.52880020506493663
  0.54020892307362089  0.55123767246303534  0.56306772165699071  0.57416298283186906
  0.58647267583207807  0.59754602045755556  0.60583283205658101  0.61301851647951910
  0.62049794334384312  0.63019914971770374  0.64056612898286525  0.65058741110049711
  0.66131921299007179  0.67371984391296980  0.68663722601664090  0.70002525066902643
  0.71154294501949689  0.72253513498992439  0.73336003751754963  0.74213432678835289
  0.74944065880164368  0.75706653393125789  0.76495023662976491  0.77437883729678691
  0.78653123263761437  0.79990212929843596  0.81519730064203622  0.82976077186542896
  0.84137276417720430  0.85225157826969899  0.86012226069995623  0.86905737783468751
  0.87916891304407763  0.88882262602145568  0.89767469787796450  0.90758837274501492
  0.91822573845940114  0.92871159849199125  0.93932225172840356  0.95105029615801495
  0.96182903994689750  0.97360943061984129  0.98540011766199820  1.00000000000000000
  0.00836359227375125  0.00938471464293130  0.01016401444496744  0.01114165380484262
  0.01225442125890722  0.01344825596502186  0.01469329010296642  0.01596385338229237
  0.01733074818476774  0.01885513185141433  0.02056772522152261  0.02261324996707850
  0.02528932086446316  0.02851630154073101  0.03239320959405637  0.03666922399347226
  0.04173795279384664  0.04808470663132903  0.05597722975384354  0.06518362654907774
  0.07533022073059423  0.08651612239187587  0.09792829851373203  0.11050640579172179
  0.12421923585015890  0.14215670109096926  0.15902166521751679  0.17604260252440165
  0.19223907056372680  0.20770305544217868  0.22420373977785280  0.24200915964986658
  0.26025069126908373  0.27906379826383138  0.29848243085144810  0.32111782196342609
  0.34535771568763124  0.36757529758314750  0.38634715646088258  0.40451345532777599
  0.42573344479671033  0.44535052196934272  0.46909215221914646  0.49485538802500034
  0.51280996923122513  0.52906972471279701  0.54491582495004676  0.55962798552343929
  0.57535788381212005  0.59188850944230287  0.61111765228677628  0.63233463642561594
  0.65268721572913302  0.67333837656430651  0.69373523696813122  0.71429818276030732
  0.73619844387224198  0.75897004114271249  0.78200070805945188  0.80017841826358704
  0.81870571175228879  0.83602637923937273  0.85493749617787973  0.87354416419941172
  0.89214746322687355  0.90709216956765903  0.91813360743692807  0.92612567453007033
  0.93285078620869810  0.93840383899028268  0.94467587850173107  0.95047055392957247
  0.95515376492448989  0.95936482901248599  0.96330139975185258  0.96722029908257567
  0.97070133730357644  0.97372453486256361  0.97631264029955211  0.97849004835017916
  0.98033212961384941  0.98194391137025039  0.98331801434283239  0.98436833639824828
  0.98517183761657101  0.98592920597331657  0.98664222313345307  0.98730087110297060
  0.98786465428031056  0.98836276510194176  0.98880278519262943  0.98928230515122928
  0.98955952210803988  0.98990476578863895  0.99004766009560141  1.00000000000000000
  0.00000000094172552  0.00000000097483643  0.00000000099713874  0.00000000101600080
  0.00000000103129085  0.00000000104738048  0.00000000106420267  0.00000000108174744
  0.00000000110000829  0.00000000111775574  0.00000000113516815  0.00000000115318776
  0.00000000117207881  0.00000000119172249  0.00000000121181189  0.00000000123279202
  0.00000000125268904  0.00000000127316233  0.00000000129478775  0.00000000131730174
  0.00000000134249967  0.00000000136709466  0.00000000139162290  0.00000000141616703
  0.00000000144041804  0.00000000146559339  0.00000000149112553  0.00000000151794798
  0.00000000154466837  0.00000000157033704  0.00000000159481355  0.00000000161929831
  0.00000000164574181  0.00000000167560940  0.00000000170832412  0.00000000173989277
  0.00000000177229733  0.00000000180575726  0.00000000183941367  0.00000000187414972
  0.00000000191310582  0.00000000194769428  0.00000000198556525  0.00000000202365107
  0.00000000206317145  0.00000000210826792  0.00000000215004742  0.00000000219419934
  0.00000000224213625  0.00000000229492166  0.00000000234966918  0.00000000239944719
  0.00000000244581010  0.00000000249132190  0.00000000254398130  0.00000000259072840
  0.00000000262994116  0.00000000267574003  0.00000000272321009  0.00000000277774248
  0.00000000284360532  0.00000000291316700  0.00000000298472628  0.00000000307162430
  0.00000000316551466  0.00000000325960363  0.00000000334683915  0.00000000343835500
  0.00000000354331935  0.00000000366516555  0.00000000380457300  0.00000000395641657
  0.00000000410794024  0.00000000426966110  0.00000000445750019  0.00000000467723608
  0.00000000492448795  0.00000000520225241  0.00000000553460701  0.00000000591986770
  0.00000000640403113  0.00000000701604737  0.00000000776226915  0.00000000872195857
  0.00000001003125639  0.00000001178895789  0.00000001406475594  0.00000001711952204
  0.00000002207556815  0.00000003215390047  0.00000005210469902  0.00000015192012224
  0.00000242716644208  0.00012610112327019  0.17205904478962586  1.00000000000000000
  0.00000170928808409  0.00023879042769835  0.00039577764014546  0.00053044634928720
  0.00065925287414793  0.00078001078052132  0.00088808378095061  0.00098897795159178
  0.00108531321936667  0.00117979828140906  0.00127521439158932  0.00137691452425955
  0.00148086099635544  0.00159032800561741  0.00170281517406951  0.00181157298881509
  0.00193022587204710  0.00206202990424978  0.00220928343061675  0.00236576057431399
  0.00253051946013743  0.00270138953749480  0.00286805727069566  0.00301988817880549
  0.00318006043416177  0.00334473664312827  0.00350697572872295  0.00366609467441356
  0.00383088650099734  0.00401482559678870  0.00418649837012104  0.00435463506767142
  0.00452642051600598  0.00468300486688747  0.00485718750957552  0.00505393378618775
  0.00528596734629616  0.00555037976701322  0.00584808644143152  0.00617673463368141
  0.00650289521991634  0.00677191627140842  0.00699394539603942  0.00721503440654844
  0.00744968507543756  0.00769319005774565  0.00796192416524533  0.00830955869916804
  0.00870336292933684  0.00910281428470235  0.00949574610273998  0.00990884423522541
  0.01034686312944283  0.01075701142053424  0.01115346424904981  0.01161034601530480
  0.01212747724930327  0.01268843616959540  0.01325510371971624  0.01388479919537804
  0.01454185204253016  0.01527261070759775  0.01616928026279963  0.01721937288744062
  0.01806779836387021  0.01878476451530072  0.01961698764835244  0.02047621660574840
  0.02140481069084441  0.02245219259931435  0.02363427768965490  0.02477709280070088
  0.02586812370492786  0.02680382690301223  0.02785800788270732  0.02928239995192978
  0.03083564317040762  0.03221350825150664  0.03333466278427381  0.03444872896867073
  0.03551133484784916  0.03639571828619460  0.03787514640649114  0.03921325397170072
  0.04063262797466882  0.04280443716505721  0.04655325437225005  0.05074427002311965
  0.05439275021837602  0.05675553275320497  0.05871820521887663  0.06055986099217180
  0.06259738703914018  0.06512036414772160  0.21771579800903432  1.00000000000000000
 -0.00390990434388892  0.01199562321317184  0.02686020942777471  0.04231749015576979
  0.05794371558072786  0.07171070688813885  0.08262855311836508  0.09187925759541667
  0.10103516798978718  0.11022196698533766  0.11842609751965172  0.12619658582451809
  0.13432867738782558  0.14308577728169491  0.15293121089872400  0.16301339471905413
  0.17293573025812703  0.18258262817269308  0.19252282247491603  0.20213373313571431
  0.21122756901611436  0.22044287679639957  0.22973016065577168  0.23982332243268900
  0.25153181659757740  0.26217982090710529  0.27295433757599502  0.28381617915671120
  0.29445018951486723  0.30480180587955380  0.31475978802635679  0.32454550255024234
  0.33465002819924666  0.34433295011314519  0.35320255047278093  0.36187340788085492
  0.37096364878790711  0.38091113153181805  0.39164621361644469  0.40348579661534845
  0.41598271037914664  0.42804084711065804  0.43990365025639938  0.45228430924828827
  0.46483114289217592  0.47611192529091328  0.48603475010048719  0.49571034911504452
  0.50581143129376438  0.51565456617424232  0.52534985872548701  0.53578819170603098
  0.54744365440691356  0.55873421714813809  0.56834743823116607  0.57731758789523291
  0.58660100411468974  0.59704899241266229  0.60701074042605774  0.61648340257277034
  0.62513077276512330  0.63390800151806803  0.64359576830733600  0.65362304857398790
  0.66370049130494402  0.67348257040491522  0.68373950366049929  0.69487820889256668
  0.70596980841613000  0.71664641540927720  0.72800614304060873  0.74034851446664984
  0.75281102081643536  0.76434588935369685  0.77484282662933979  0.78361864926551295
  0.79079761131753024  0.79884014737092690  0.80732302855136973  0.81678496436271131
  0.82785834001952441  0.83829660821744034  0.84754748898313637  0.85701675134737321
  0.86684854567715075  0.87857596632765134  0.89249971631020530  0.90814136604745566
  0.92410434184392254  0.93691511532790817  0.94701464276541003  0.95682414452679254
  0.96628540797501150  0.97665549859995915  0.98943318916509226  1.00000000000000000
 -0.00267378624874544  0.01036787250081366  0.02013070444120236  0.03136685852345453
  0.04402472489974017  0.05462013165755193  0.06410085787488355  0.07323321274136027
  0.07969672466095720  0.08843352945802427  0.09897731060608934  0.11034466967886383
  0.12206176604922130  0.13324125181994603  0.14433338176872457  0.15714503983101061
  0.16939042789915418  0.18025050650779506  0.19014711706492957  0.19908787304100994
  0.20803388071188147  0.21757135730003493  0.22573721274298997  0.23456559120657652
  0.24454033347086962  0.25602465885092207  0.26725893740993462  0.27712562851272249
  0.28573667109153772  0.29456573087117788  0.30399711689768277  0.31608407734151622
  0.33135612637692546  0.34734183568046717  0.36166351037772326  0.37385142534279825
  0.38523316413869840  0.39544927981453332  0.40733589804646053  0.41848313045732521
  0.42945094444885629  0.44018102552137611  0.45074226685103902  0.46150266745325624
  0.47295965019792940  0.48556308992454555  0.49887091586446264  0.51211774398328547
  0.52357087710328454  0.53421707587792722  0.54434278192222263  0.55553501623013746
  0.56707913050450764  0.57812345622012495  0.59016397510355811  0.60232872910257762
  0.61417288151243821  0.62393329682320264  0.63137862543179268  0.63873176204193061
  0.64683097044393922  0.65740592477329718  0.66940979314883708  0.68046084409434815
  0.68986758889213862  0.69864202672713616  0.70675960188080733  0.71649209833407945
  0.72611199874204346  0.73697179783152844  0.74763183501746888  0.75744093478226349
  0.76732067154810457  0.77654409567882110  0.78687286983496274  0.79822274439676866
  0.80928939217342732  0.81990794981996895  0.83000947123994018  0.83933242486122428
  0.84881957970833255  0.85779621530641115  0.86689191697039625  0.87609935331482658
  0.88397951594297153  0.89098288883382937  0.89939854199148273  0.90946594993410190
  0.92001797445658007  0.93066245968637118  0.94186851200866306  0.95408657856901158
  0.96591049149661468  0.97605774761478581  0.98700584178736961  1.00000000000000000
 -0.00194061463184464  0.00775520610529674  0.01735100344013707  0.02608310278327305
  0.03556359771133034  0.05010734911051495  0.06543357092473980  0.08102201699347901
  0.09561113621474805  0.10957237437056092  0.12320223192582833  0.13504701853593279
  0.14668149421653248  0.15833660644843509  0.16955408803986854  0.18086202414069841
  0.19252592032987770  0.20329365650439407  0.21190198311058206  0.21904061474329611
  0.22597648261403211  0.23381964198777594  0.24397302399571844  0.25637381976615958
  0.26947053346306493  0.28235663911500897  0.29520865806169366  0.30824534783476798
  0.32096204203809775  0.33345321844418879  0.34587850667561887  0.35799281758645879
  0.36963136241421873  0.38056942962876189  0.38956815987229915  0.39861640179886987
  0.40815305934390250  0.41856209110579362  0.42918562387196596  0.44001595035824215
  0.45013062757365696  0.45861995962884450  0.46651767228100077  0.47441625953529110
  0.48113455078807171  0.48933718556489064  0.50065054215676630  0.51359023413277227
  0.52562672358923190  0.53698244340604517  0.54680257557114909  0.55601672115856149
  0.56504707923930375  0.57343261139167734  0.58132344815939618  0.59077728544385455
  0.60239890125903361  0.61307397644238504  0.62067535859562606  0.62761158655713445
  0.63689871581951218  0.64823579434304446  0.66124345740538371  0.67313611951297203
  0.68397692426350942  0.69485985018963126  0.70566301008469556  0.71638211314678502
  0.72682274141778691  0.73649039144985884  0.74566008522347171  0.75528542390192632
  0.76531024231127742  0.77582883302136774  0.78648383384238163  0.79800519657896551
  0.80937099688389491  0.81912098457118143  0.82771433373069836  0.83639589802794900
  0.84565015736215765  0.85506693588204397  0.86481161707599463  0.87471164716733796
  0.88517786916827856  0.89608242161727958  0.90751306466624371  0.91855410073741806
  0.92926588323348280  0.94013562687058028  0.95161313977271311  0.96196560053712932
  0.97188102184162151  0.98119597034753736  0.99034041062290978  1.00000000000000000
 -0.00247351692184536  0.01012267182416326  0.01993301098007620  0.02794467422590231
  0.03551671236255274  0.04494383916540506  0.05571856539220671  0.06717546215443529
  0.07852410799568596  0.09091648678738135  0.10472637017784329  0.11852165448718727
  0.13123066734677274  0.14412898734149482  0.15697030751848970  0.16939761829576896
  0.18094376088547998  0.19153716294990247  0.20089408708459344  0.21108833220509640
  0.22222739095981051  0.23402138877899409  0.24659373083611530  0.25933215018611733
  0.27149729836213071  0.28319684814598689  0.29468097527055875  0.30625238207518712
  0.31800108131449140  0.33152784731811835  0.34314733936760816  0.35154161371189618
  0.35790243141366329  0.36399153502096532  0.37109564379394333  0.37996922632079355
  0.38904272541179891  0.39842178694437980  0.40883116422582522  0.41983879232847920
  0.43215686988115432  0.44508543391273997  0.45762663321960556  0.46928613528664614
  0.48035983335732213  0.49156920880697291  0.50204778118352333  0.51270688344652515
  0.52278395748150064  0.53240926750083772  0.54271096045530720  0.55255085001288662
  0.56175180312972151  0.57118836341942847  0.58197641101751818  0.59275168816600132
  0.60230098120925557  0.61105023906182432  0.61927126697881640  0.62942555878413875
  0.64067090685423034  0.65139200880531967  0.66082973569692727  0.66916014997858164
  0.67780476877630647  0.68743364038618693  0.69716777094660443  0.70822230746065606
  0.72158983608145377  0.73584386540196356  0.74900926951295133  0.76067803536153911
  0.77183148973449711  0.78244674377223589  0.79236288755405881  0.80233456178626639
  0.81254417665157264  0.82264121059328110  0.83309181391918807  0.84617782683613363
  0.85890077312716850  0.87197785415767948  0.88343760765195090  0.89245523634841006
  0.90021545979876438  0.90664365722980733  0.91449617015030649  0.92272762435948918
  0.93062840053591800  0.93881286130129360  0.94671496672786337  0.95527547487328024
  0.96509243943487277  0.97802725748786323  0.98988233742959042  1.00000000000000000
 -0.00229732940370149  0.01102059164768967  0.02276842654744973  0.03783725879322791
  0.05296560871907914  0.06782072785246056  0.08369453939419146  0.10011660541320674
  0.11488861608139780  0.12631965522732602  0.13648653918270423  0.14589069074375169
  0.15296826099345229  0.16051393992557714  0.16985909130990665  0.18145528290192295
  0.19235876341215444  0.20232988546028108  0.21143924031926220  0.22264572778552599
  0.23559157692054827  0.24849545147533533  0.26222766940028214  0.27639250198734167
  0.28989301891916969  0.30383845219660588  0.31707505841120154  0.32828995268361100
  0.33782875292705511  0.34778290076874174  0.35926782652241956  0.37193094233740986
  0.38489629406836912  0.39659315082559210  0.40689538874667558  0.41796646490011119
  0.42985604195847321  0.44226718807051923  0.45424129142820480  0.46542353362423955
  0.47481547579647954  0.48409678522153005  0.49613093949982706  0.50580340619777187
  0.51569209973674335  0.52462120545250923  0.53354678949507783  0.54297323954545840
  0.55262607037487854  0.56265045975034433  0.57301135827027483  0.58240373291429270
  0.59094190465504604  0.59988727763787741  0.60829055547959299  0.61698559738720005
  0.62629325265320035  0.63557481062175136  0.64501034807113267  0.65467222131274327
  0.66453510188083031  0.67455667509831085  0.68526000410381349  0.69706822335846652
  0.70919705955861689  0.72135854578681691  0.73184443407179911  0.74088019007160288
  0.74914492439362435  0.75576819990465949  0.76201823508734889  0.76967105674919201
  0.77947806404744346  0.79014599761015614  0.80072382722149793  0.81057956544916532
  0.81946331578532672  0.82813457558031023  0.83792140809907734  0.84961386537748063
  0.86167323619580738  0.87313640467208564  0.88334590882499686  0.89276421324202282
  0.90243792875067874  0.91095188553963802  0.91929157548580054  0.92811243601691684
  0.93890009925268791  0.95033493919294620  0.96016843593921097  0.96734567616545897
  0.97335430605860440  0.97998765903931662  0.98733085015680422  1.00000000000000000
 -0.00221937420613799  0.00860959309534609  0.02029505629089133  0.03086155394772930
  0.04179741473637670  0.05421341049718720  0.06906717551114296  0.08137589063229389
  0.09237936530272979  0.10253450429572156  0.11299637200205463  0.12120676043366517
  0.12856171307832637  0.13762992030920312  0.14742360390029066  0.15624041065710018
  0.16537698877227197  0.17595364030718627  0.18813335109527457  0.19897517669231293
  0.20891136242054337  0.21998833953419902  0.23156687078207172  0.24295077375276969
  0.25396024419212759  0.26530409159635604  0.27640568327567244  0.28677970949237719
  0.29963505792768341  0.31151355899758193  0.32341432738501574  0.33403606693671062
  0.34417881203457384  0.35482157584909435  0.36426056766738624  0.37497360210111202
  0.38485826578668231  0.39457805086804426  0.40147221182963366  0.40853307876402561
  0.41699099877729773  0.42713986103511137  0.43912658113120695  0.45094279494646700
  0.46142105907308434  0.46969927988315613  0.47881291057095132  0.48999716086046446
  0.50305939688004542  0.51457937491777062  0.52534259080182555  0.53658759164998271
  0.54794835980065026  0.56056127233619024  0.57174030031042544  0.58325270176857980
  0.59520364427316697  0.60679562269039755  0.61727236292523691  0.62777728971939128
  0.63982850092499133  0.65283363562162722  0.66510129341469759  0.67693996950308777
  0.68858506908161754  0.70017028368527812  0.71137045793124898  0.72175099212012250
  0.73201675195391191  0.74287592138756398  0.75252483923833580  0.76366767423579374
  0.77699290748867877  0.79047441306281074  0.80224037370304357  0.81225533295874131
  0.82147831609372446  0.83074962179262979  0.84059330563058554  0.85080053017743684
  0.86237138980788597  0.87508979261227093  0.88625912120124051  0.89683963868703409
  0.90564378751924768  0.91406852297976848  0.92139557888459855  0.92903163003227773
  0.94017946438286548  0.95132249418201520  0.95962016391439486  0.96566836607372286
  0.97204377987946133  0.97855961421726045  0.98766489590406625  1.00000000000000000
 -0.00376034837516185  0.01129152720173976  0.02484852407471332  0.03741845935842750
  0.04886376750651111  0.05892064967977042  0.06810041273604356  0.07679909191175457
  0.08506842246291282  0.09343572161537374  0.10340225458276321  0.11551546106523337
  0.12734012275061402  0.13790179137950356  0.14879230539703361  0.15857392278001992
  0.16860242259708463  0.17952593415189644  0.18918966303145041  0.19840372543035867
  0.20874227085449629  0.22084732577836017  0.23366855008159310  0.24718278068126992
  0.26120733521384593  0.27503082991430206  0.28779721343173731  0.29900707104931656
  0.30872391348329531  0.31770665389977809  0.32750638961242601  0.33812591671743203
  0.34858721900830936  0.35931082987863311  0.36866307993036873  0.37805871293869542
  0.38835293539975041  0.39811373407048489  0.40759147543741397  0.41652657675518884
  0.42775980447351769  0.43967212721073351  0.45079534941052890  0.46204406289076622
  0.47294604998848117  0.48286707175398980  0.49118645070178624  0.49896423993176781
  0.51009242517093023  0.52013927048894959  0.52817347622849664  0.53675004984761843
  0.54392975975342950  0.55156966560712628  0.56000745024936982  0.56900357958766046
  0.57846652363037054  0.58776286824821800  0.59683476101599742  0.60568490983610268
  0.61365816536261730  0.62055146715795539  0.62743582540392773  0.63481650659469802
  0.64318517186006641  0.65334538330057235  0.66512335839842163  0.67808714001241677
  0.69055674880732554  0.70230807619765201  0.71423700929578859  0.72688331037003595
  0.73956889364619061  0.75215692784633492  0.76405699274815542  0.77511290641305064
  0.78547102815459580  0.79524735743114827  0.80419841886604126  0.81318004217041662
  0.82295516849109440  0.83461784558831520  0.84628662079056916  0.85899862043713582
  0.87191064000417173  0.88436874757347417  0.89647974015397347  0.90783673544106025
  0.91865413081612823  0.93027620853717352  0.94188670515166284  0.95674987340999829
  0.96897514237036408  0.97877749271485615  0.98952220763005894  1.00000000000000000
 -0.00185716296611456  0.00910290993419326  0.02078948088914521  0.03099316722895224
  0.04120926652648213  0.05173253091583785  0.06138797317136387  0.07236206473611022
  0.08508795694260449  0.09745101336097521  0.10841549720795675  0.11834354331968233
  0.12963064530930254  0.14129389483033244  0.15415263935305276  0.16717932044167166
  0.17869187116140373  0.18924846538939921  0.19915111711824682  0.20894421510014816
  0.21864850734371863  0.22776001588646361  0.23542560875606197  0.24382671729959496
  0.25321143390973455  0.26160170052717879  0.27041271024363905  0.28072189102786027
  0.29130740526765309  0.30084029102674942  0.30986454454663087  0.31937394425452048
  0.33039489032709407  0.34275410432518599  0.35545069872879836  0.36815915479643446
  0.38097650754519247  0.39038587684458925  0.39985016872470019  0.40904477561239316
  0.41857924767524302  0.42752616102364643  0.43564690994854155  0.44259384591804829
  0.45302137139942567  0.46449494374398553  0.47369813088694845  0.48180093771828841
  0.49023908053324916  0.49995025941055554  0.51640882182720249  0.53020306972898801
  0.54304028461629028  0.55306887996094567  0.56252221947122638  0.57445097923363164
  0.58614907783916781  0.59583486267279684  0.60496879010457161  0.61373877968956470
  0.62224483715371059  0.63391800890062100  0.64556598050055325  0.65499560961921155
  0.66428519147039244  0.67410779522044972  0.68470267756031000  0.69689853116346279
  0.71012906562244238  0.72541149485963130  0.73811024631983735  0.74937228523583987
  0.75888987328302904  0.76773193200054946  0.77655969766435184  0.78635027809609503
  0.79800855489892575  0.80980840981132418  0.81970198001991312  0.82884022675979574
  0.83756278083664792  0.84777249364432516  0.86029768010773433  0.87211727967294961
  0.88261404908769170  0.89322170295449965  0.90386842823685876  0.91639796445070731
  0.92910259127387995  0.94098093700933971  0.95098486228604273  0.96102905901921720
  0.96995776345028450  0.97843161727282835  0.98818340339134292  1.00000000000000000
 -0.00311600940431554  0.01039421472339999  0.02073458458618115  0.03033049843233449
  0.04039923395219549  0.05058615037197726  0.06147101568913167  0.07339937552084271
  0.08691099823899025  0.09969939592343605  0.11138729377142484  0.12266985239647360
  0.13358974314388994  0.14490833707851947  0.15830335198627854  0.17064906291488258
  0.18380410342409623  0.19614779762134663  0.20752034605892961  0.21928440931509049
  0.23011967772236996  0.23980725495664804  0.24914014445175633  0.25694052450571975
  0.26527269631402250  0.27318724227078239  0.28066931857206723  0.28943333093452328
  0.29776479135703066  0.30656015672174874  0.31585142836145225  0.32626836790391950
  0.33712868385864514  0.34847234484108652  0.35963228815814313  0.37019480592894366
  0.38062874284991205  0.39126548709433795  0.40295858612818586  0.41599219298047047
  0.42914220665853003  0.44070996156534181  0.44983554086538535  0.45769485896988366
  0.46349604253940679  0.46963045055945007  0.47758630953684522  0.48977846167113903
  0.50238587822132996  0.51323949943349190  0.52380331247300260  0.53361458246005344
  0.54429658481083010  0.55594905220764179  0.56781157321243547  0.57965053539564837
  0.58853985793897867  0.59706628240278525  0.60579124606495427  0.61447437436257968
  0.62338874985354686  0.63330387419086209  0.64294196179877217  0.65473934805176559
  0.66775991933312107  0.67954283810328497  0.69183228611703618  0.70513561907515199
  0.71900008914071933  0.73251138042348973  0.74397189574553790  0.75456764613738592
  0.76410683869777729  0.77284300972975084  0.78108545692036069  0.78878317930476405
  0.79739347510736569  0.80724627188963349  0.81846682036460239  0.83136670742867347
  0.84421015608563199  0.85685485515248416  0.86862329994488530  0.87807322663526322
  0.88652942714380367  0.89550991855170892  0.90463825502812001  0.91309755686765082
  0.92208349668954070  0.93430475167645166  0.94638022293476032  0.95709378323286853
  0.96654760895215130  0.97569970351591617  0.98715299367847176  1.00000000000000000
  0.00646622143030907  0.00725557302880650  0.00767118850920228  0.00800262592116201
  0.00831015610835453  0.00861020215326823  0.00891720388210955  0.00924243112716445
  0.00956255239816636  0.00986393607231500  0.01015223285708661  0.01042857223242812
  0.01069217531552189  0.01095300775527507  0.01121268184812528  0.01147127428846923
  0.01173223328452320  0.01200560492867318  0.01228515615509436  0.01257021281486408
  0.01286600992556598  0.01317085391158116  0.01348196572917746  0.01380561695636146
  0.01413068672410479  0.01446311283787768  0.01480114523307334  0.01514196180700199
  0.01548650133077752  0.01584331640178888  0.01620468081535528  0.01658975671454258
  0.01698028686356575  0.01736666220804957  0.01776139589516822  0.01816392722436246
  0.01861601903048653  0.01909480120374044  0.01960211940676231  0.02014598675042965
  0.02074060552947432  0.02136741854111976  0.02198542224457571  0.02256915959115983
  0.02318958565928558  0.02381788490870541  0.02437435101923996  0.02487490297778908
  0.02537298241795915  0.02585620170995272  0.02638268617880615  0.02696618287961842
  0.02758865490658879  0.02825760312530090  0.02893989245228301  0.02960409147721582
  0.03022699180492049  0.03085447966054954  0.03138355266552500  0.03197792405542947
  0.03250628200306770  0.03297452512927561  0.03355666747039351  0.03419832107250591
  0.03495398252891115  0.03562991612819254  0.03613205750603334  0.03685111554686010
  0.03758457100494646  0.03845300955167024  0.03936413807320378  0.04022107139137547
  0.04112010888674568  0.04220768714039133  0.04343590153939920  0.04489101274646486
  0.04630445412990762  0.04770986588117852  0.04930532538662761  0.05140327262932996
  0.05345582293624508  0.05536783337004132  0.05721073858513167  0.05916626472463992
  0.06143136861210453  0.06370405354740351  0.06623540869500093  0.07000769449658879
  0.07499111676319450  0.07742267222977060  0.08059022370849059  0.09133877719862397
  0.10821470120686121  0.12999302086583628  0.55920321368467651  1.00000000000000000
 -0.00263250255583084  0.01059174214034279  0.02260209447681214  0.03322260596965185
  0.04309074659895858  0.05226663838257126  0.06042496272158640  0.07022531071408984
  0.08149941171405418  0.09146318901970496  0.10132854678368268  0.11163523328274630
  0.12153609089414723  0.13188723640308800  0.14407604198463242  0.15796535989023455
  0.17185976364489974  0.18466617768022717  0.19645111274834617  0.20739973693087782
  0.21820260161183463  0.22979291378433789  0.24161568119892859  0.25379654858443990
  0.26622602904026499  0.27746428230191417  0.28796607069384250  0.29893654037281542
  0.31067748862132288  0.32204719246989449  0.33335520414727549  0.34507680254774853
  0.35637535580535429  0.36718932623747752  0.37660809071757129  0.38732701581397555
  0.39971196338269793  0.41343306587121870  0.42656012160398760  0.43877828764073640
  0.44980972539980252  0.46123641052740860  0.47384175999113626  0.48780734584780483
  0.50218897822868536  0.51665303399913076  0.53135329911742135  0.54467361637210376
  0.55675941069691970  0.56802754307191949  0.57850040770896127  0.58745995409993346
  0.59739705938148835  0.60655553836085163  0.61372974412023562  0.62112893638264777
  0.62850576230815991  0.63703558886029144  0.64675643576800024  0.65584726555183348
  0.66447376876054676  0.67263399201958252  0.68056295460386484  0.68852270048706243
  0.69535542889814894  0.70336169890768807  0.71321092434574873  0.72458051866415019
  0.73566912839688969  0.74583543119421425  0.75547905380243585  0.76485040965135587
  0.77412210011023952  0.78407773948424309  0.79487357419363125  0.80532230639450864
  0.81502691454111587  0.82467258036557345  0.83403674437986808  0.84300630682108946
  0.85241928315852022  0.86280344318978985  0.87465294241839153  0.88637712745017538
  0.89791940397933367  0.90987311827165973  0.92081395477327943  0.93023032800872063
  0.93701884925377910  0.94267693430463662  0.95071752743941618  0.95993250507583727
  0.96873741459759477  0.97770706750309666  0.98673996111451168  1.00000000000000000
 -0.05046890983916956  0.49424810615470283  0.55139413984674956  0.59189441593188352
  0.62120837990864697  0.64275558372173192  0.65864192905291585  0.67202780898772108
  0.68529119938539185  0.69611235120142656  0.70547639781481519  0.71369595625902194
  0.72143733458134418  0.72916227707680170  0.73642066277782492  0.74245011890851831
  0.74780708187415068  0.75313104062078073  0.75840317376835120  0.76246905481156679
  0.76685151037449917  0.77263163786847433  0.77892348120854193  0.78451009109847702
  0.78965899524794103  0.79464545986753887  0.79909301607956251  0.80285964404514287
  0.80623406466785053  0.81000938129937305  0.81436048535801997  0.81945947704396471
  0.82420440780006377  0.82851561533079665  0.83240602887134985  0.83580416738088725
  0.83879123829398394  0.84160959481441411  0.84445697250090634  0.84749626852184379
  0.85056212804364606  0.85354711775691072  0.85682483480690363  0.86045659948274289
  0.86405741133575209  0.86712865898975289  0.86999759778830865  0.87267177747756675
  0.87525115792206265  0.87790301392504544  0.88081880860913742  0.88394047670311449
  0.88690805276890361  0.88952888106728056  0.89198541019401612  0.89450372074466789
  0.89718376948677148  0.90010783374688930  0.90303580987388876  0.90587224373051900
  0.90877389183652801  0.91166041218025673  0.91457295209078160  0.91702542950112509
  0.91910995550563968  0.92107504775530546  0.92304442219055260  0.92505355679757562
  0.92699750857136476  0.92900880577012124  0.93115318193459318  0.93328807161406169
  0.93527489584061929  0.93731894517178438  0.93965137282090250  0.94164831814996741
  0.94349756254327444  0.94528810417322562  0.94701574799792376  0.94868047648771370
  0.95029903335416122  0.95200012738525730  0.95388075580485920  0.95599654648149113
  0.95839153684633083  0.96104380399162004  0.96357487822330545  0.96615990666380702
  0.96852693317213268  0.97073287129438379  0.97283297252530798  0.97500793079916193
  0.97779110078263320  0.98149935620605588  0.98863203811509015  1.00000000000000000
   1.1679072201222799E-011  -1.0000000000000000     
 F F F F F F F F F F F F F F F F F F F F F F F F F F F F F F F F F F F F F F F F F F F F F F F F F F F F F F F F F F F F F F F F F F F F F F F F F F F F F F F F F F F F F F F F F F F F F F F F F F F F F F F F F F F F F F F F F F F F F F F F F F F F F F F F F F F F F F F F F F F F F F F F F F F F F F F F F F F F F F F F F F F F F F F F F F F F F F F F F F F F F F F F F F F F F F F F F F F F F F F F F F F F F F F F F F F F F F F F F F F F F F F F F F F F F F F F F F F F F F F F F F F F F F F F F F F F F F F F F F F F F F F F F F F F F F F F F F F F F F F F F F F F F F F F F F F F F F F F F F F F F F F F F F F F F F F F F F F F F F F F F F F F F F F F F F F F F F F F F F F F F F F F F F F F F F F F F F F F F F F F F F F F F F F F F F F F F F F F F F F F F F F F F F F F F F F F F F F F F F F F F F F F F F F F F F F F F F F F F F F F F F F F F F F F F F F F F F F F F F F F F F F F F F F F F F F F F F F F F F F F F F F F F F F F F F F F F F F F F F F F F F F F F F F F F F F F F F F F F F F F F F F F F F F F F F F F
  <DiscreteSampler_grid>
  grouped_processes
  1 # 1 for a reference and 2 for a running grid.
  10 # Attribute 'min_bin_probing_points' of the grid.
  1 # Attribute 'grid_mode' of the grid. 1=='default',2=='initialization'
  0.0000000000000000 # Attribute 'small_contrib_threshold' of the grid.
  0.5000000000000000 # Attribute 'damping_power' of the grid.
 # binID   n_entries weight   weight_sqr   abs_weight
    10   10   4.836963843260810E-005   1.185241744902131E-008   4.836963843260810E-005
  </DiscreteSampler_grid>
