  0.08354706031617454  0.10839573135380715  0.11262479604094755  0.11685386072808797
  0.12108292541522837  0.12536318803936250  0.13028624713770595  0.13520930623604940
  0.14013236533439286  0.14505542443273631  0.20918905076848274  0.21194793184307265
  0.21470681291766258  0.21746569399225249  0.22022457506684243  0.22298345614143233
  0.22574233721602227  0.22850121829061218  0.23126009936520209  0.23401898043979200
  0.23677786151438188  0.23953674258897178  0.24229562366356167  0.24505450473815155
  0.24781338581274145  0.25057226688733136  0.25333114796192124  0.25609002903651112
  0.25884891011110100  0.26160779118569089  0.26436667226028082  0.26712555333487070
  0.26988443440946058  0.34793397268009818  0.46545529445019457  0.56402391227477056
  0.57277009293596959  0.58151627359716862  0.59026245425836776  0.59900863491956691
  0.60775481558076594  0.61650099624196497  0.62832128474086391  0.70895286746259256
  0.71089394665672823  0.71283502585086389  0.71477610504499955  0.71671718423913522
  0.71865826343327088  0.72059934262740644  0.72254042182154210  0.72448150101567776
  0.72642258020981343  0.72836365940394909  0.73030473859808476  0.73224581779222031
  0.73418689698635597  0.73612797618049164  0.73806905537462719  0.74001013456876286
  0.74195121376289852  0.74389229295703407  0.74583337215116974  0.74777445134530540
  0.74971553053944096  0.75165660973357662  0.75359768892771228  0.75553876812184784
  0.75747984731598350  0.75942092651011917  0.76136200570425472  0.76330308489839038
  0.76524416409252605  0.76718524328666160  0.76912632248079726  0.78500484213752308
  0.79538594748554481  0.79932872919344566  0.80327151090134652  0.80721429260924737
  0.81115707431714834  0.81509985602504920  0.81904263773295005  0.82298541944085091
  0.82692820114875176  0.83087098285665273  0.83479838891286440  0.83870022117512477
  0.84260205343738526  0.84650388569964574  0.85040571796190623  0.85454803094905940
  0.86511008295228553  0.87977661252519612  0.88830619634679919  1.00000000000000000
  0.05074393241842647  0.19708570383357665  0.20667140766715331  0.21701748355478623
  0.22752303915093516  0.23214193233159225  0.23566902243800575  0.23919611254441922
  0.24272320265083272  0.24625029275724619  0.24977738286365969  0.25330447297007319
  0.25683156307648664  0.26035865318290013  0.26388574328931363  0.26741283339572713
  0.27093992350214058  0.27446701360855413  0.27799410371496763  0.28152119382138119
  0.28504828392779469  0.28857537403420824  0.30509789448174135  0.41380240420183806
  0.46300811980020673  0.47092680481461108  0.47884548982901537  0.48676417484341961
  0.49468285985782384  0.50137770752458066  0.50557122809214472  0.50976474865970867
  0.51395826922727272  0.51815178979483678  0.52242690540950409  0.52684673266140314
  0.53126655991330218  0.53568638716520134  0.54010621441710038  0.54452604166899943
  0.54894586892089847  0.55336569617279752  0.55778552342469656  0.56220535067659561
  0.66395768571215164  0.77266219543224823  0.83441743024985116  0.83687085417859775
  0.83932427810734445  0.84177770203609104  0.84423112596483763  0.84668454989358422
  0.84913797382233092  0.85159139775107751  0.85404482167982410  0.85649824560857069
  0.85895166953731727  0.86140509346606386  0.86385851739481045  0.86631194132355704
  0.86876536525230363  0.87121878918105022  0.87367221310979692  0.87562266088513552
  0.87697980449606605  0.87833694810699658  0.87969409171792712  0.88105123532885765
  0.88240837893978818  0.88376552255071872  0.88512266616164925  0.88647980977257979
  0.88783695338351032  0.88919409699444085  0.89055124060537139  0.89190838421630192
  0.89326552782723245  0.89462267143816299  0.89593932962270961  0.89692137837987240
  0.89790342713703519  0.89888547589419809  0.89986752465136088  0.90084957340852378
  0.90183162216568657  0.90281367092284937  0.90379571968001227  0.90477776843717506
  0.90575981719433785  0.90674186595150075  0.90772391470866354  0.90870596346582644
  0.90968801222298923  0.91067006098015202  0.91089926703887525  1.00000000000000000
  0.06790029593814219  0.07361889476812482  0.07933749359810746  0.08592464031146435
  0.09452633343174241  0.10312802655202048  0.20541214851303963  0.29234965326217288
  0.29507141829872946  0.29779318333528604  0.30051494837184262  0.30323671340839919
  0.30595847844495572  0.30868024348151230  0.31140200851806887  0.31412377355462545
  0.31684553859118197  0.31956730362773855  0.32228906866429513  0.32501083370085171
  0.32773259873740823  0.33045436377396481  0.33317612881052139  0.33589789384707797
  0.33861965888363460  0.34134142392019118  0.34406318895674776  0.34678495399330433
  0.34950671902986097  0.35222848406641755  0.38731765753280395  0.42513520956051365
  0.43650050790018363  0.44100731095359008  0.44485280395579258  0.44869829695799501
  0.45254378996019751  0.45638928296240000  0.45991587868206935  0.46311643123314505
  0.46631698378422071  0.46951753633529641  0.47271808888637212  0.47591864143744778
  0.47911919398852348  0.48234292243295540  0.48556699981295831  0.48879107719296128
  0.49201515457296419  0.49523923195296715  0.49846330933297006  0.50253772626549575
  0.50738654117337700  0.51223535608125814  0.51708417098913928  0.54694787070550055
  0.66209747550248987  0.77724708029947909  0.83431657062286946  0.83623348495183969
  0.83815039928080981  0.84006731360977993  0.84198422793875016  0.84390114226772028
  0.84581805659669040  0.84773497092566064  0.84965188525463076  0.85156879958360088
  0.85348571391257111  0.85540262824154123  0.85731954257051135  0.85923645689948147
  0.86115337122845159  0.86307028555742171  0.86498719988639194  0.86690411421536206
  0.86882102854433219  0.87073794287330231  0.87265485720227243  0.87457177153124255
  0.87648868586021267  0.87840560018918290  0.88032251451815302  0.88223942884712314
  0.88415634317609326  0.88607325750506338  0.88799017183403350  0.88990708616300374
  0.89182400049197386  0.89374091482094398  0.89565782914991410  0.96200308948849345
  0.97203873199556368  0.98180286778208536  0.99090143389104257  1.00000000000000000
  0.05265941216594975  0.35596906056599886  0.35777145446533098  0.35957384836466311
  0.36137624226399523  0.36317863616332735  0.36498103006265942  0.36678342396199154
  0.36858581786132366  0.37038821176065578  0.37219060565998791  0.37399299955932003
  0.37598204633674032  0.37820740324274460  0.38043276014874894  0.38265811705475322
  0.38488347396075756  0.38710883086676184  0.38933418777276618  0.39155954467877047
  0.39378490158477480  0.39618598205838923  0.40062158232590389  0.40505718259341861
  0.40949278286093327  0.41392838312844799  0.41802458507525303  0.42157323521958229
  0.42512188536391154  0.42867053550824080  0.43221918565257006  0.43576783579689932
  0.43931648594122857  0.44286513608555789  0.44641378622988714  0.44996243637421640
  0.45351108651854566  0.45705973666287492  0.46060838680720417  0.46415703695153349
  0.46770568709586280  0.47125433724019211  0.47480298738452137  0.47835163752885068
  0.56145164055621311  0.56422392089446061  0.56596492877760118  0.56770593666074187
  0.56944694454388256  0.57118795242702325  0.57292896031016394  0.57466996819330451
  0.57641097607644520  0.57815198395958589  0.57989299184272658  0.58163399972586727
  0.58337500760900785  0.58511601549214853  0.58685702337528922  0.58859803125842991
  0.59033903914157060  0.59208004702471129  0.59382105490785198  0.59556206279099266
  0.59730307067413335  0.59904407855727404  0.60078508644041473  0.60252609432355542
  0.60426710220669611  0.60600811008983679  0.60774911797297737  0.60949012585611806
  0.61123113373925875  0.61297214162239944  0.61471314950554001  0.61645415738868070
  0.61819516527182139  0.61993617315496208  0.62167718103810277  0.62341818892124334
  0.63476740117415498  0.74158564107410374  0.83480834429808448  0.84526304566952970
  0.85571774704097492  0.86617244841242003  0.87662714978386513  0.88708185115531024
  0.91323554023922093  0.94360523629088044  0.95150494232088578  0.95881315943824685
  0.96235132058806472  0.96588948173788258  0.96873757637199831  1.00000000000000000
  0.00000018935693743  0.00000029582348104  0.00000030047277594  0.00000030512207084
  0.00000030977136574  0.00000031442066065  0.00000031906995555  0.00000032371925045
  0.00000032836854535  0.00000033301784026  0.00000033766713516  0.00000034231643006
  0.00000034696572496  0.00000035161501987  0.00000035626431477  0.00000036091360967
  0.00000036718701705  0.00000037404167935  0.00000038089634166  0.00000038775100397
  0.00000039460566628  0.00000040146032859  0.00000040831499089  0.00000041516965320
  0.00000042202431551  0.00000042887897782  0.00000043573364012  0.00000044258830243
  0.00000044944296474  0.00000047077749297  0.00000049445976164  0.00000051814203030
  0.00000054182429897  0.00000056680710162  0.00000059626119951  0.00000062571529740
  0.00000065516939529  0.00000068462349318  0.00000089973385803  0.00000098178670100
  0.00000106383954398  0.00000115658839734  0.00000125150636420  0.00000134791107682
  0.00000146596239729  0.00000158401371775  0.00000172934873558  0.00000193922071829
  0.00000317715279510  0.00001037273848614  0.00002314646893976  0.00002410252078511
  0.00002505857263046  0.00002601462447581  0.00002697067632117  0.00002792672816652
  0.00002900035688889  0.00003018941715333  0.00003137847741776  0.00003256753768220
  0.00003375659794664  0.00003494565821108  0.00003633277648526  0.00003781163384989
  0.00003929049121452  0.00004076934857914  0.00004224820594377  0.00004372706330839
  0.00012201346902089  0.00031458918444675  0.00032366586913230  0.00033274255381785
  0.00034181923850340  0.00035089592318895  0.00035997260787449  0.00036904929256004
  0.00037812597724559  0.00038720266193114  0.00039636712948423  0.00040555385642282
  0.00041474058336142  0.00042392731030002  0.00043311403723862  0.00044230076417722
  0.00045148749111581  0.00046067421805441  0.00046986094499301  0.00047904767193161
  0.00085353810327395  0.00275929818558212  0.00901507060175552  0.02924283893702868
  0.05792864024641169  0.05792864024642169  0.05792864024643168  1.00000000000000000
  0.00748371485014596  0.01450443797547211  0.01468150389011829  0.01485856980476447
  0.01503563571941066  0.01521938820471660  0.01541593918769535  0.01561249017067411
  0.01580904115365286  0.01761326570670300  0.02057638410439473  0.02116530119197101
  0.02177791944007882  0.02237667133627055  0.02283307150283624  0.02328947166940193
  0.02378676557938999  0.02430097984382404  0.02482689237809255  0.02536646030714450
  0.02745592626621376  0.03667157672668504  0.04898046280473740  0.05334962506068322
  0.05371567655381304  0.05408172804694285  0.05444777954007267  0.05481383103320249
  0.05517988252633230  0.05554593401946212  0.05592228383327112  0.05630638373040605
  0.05669048362754098  0.05707458352467591  0.05745868342181084  0.05784278331894577
  0.05822688321608070  0.05861894038030394  0.05902197856959700  0.05942501675889007
  0.05982805494818313  0.06023109313747619  0.06063413132676925  0.06103716951606231
  0.06632929526033879  0.07818342691752625  0.07856140322904467  0.07893937954056308
  0.07931735585208149  0.07969533216359992  0.08007330847511833  0.08045128478663675
  0.08082926109815516  0.08120723740967359  0.08158521372119200  0.08196805636611199
  0.08236466904246617  0.08276128171882036  0.08315789439517456  0.08355450707152874
  0.08395111974788293  0.08434773242423711  0.08474434510059130  0.08514095777694548
  0.08553757045329967  0.08593582545072484  0.08635199336985426  0.08676816128898368
  0.08718432920811309  0.08760049712724251  0.08801666504637193  0.08843283296550135
  0.08884900088463075  0.08926516880376018  0.08968133672288960  0.09009750464201900
  0.11722137100579676  0.15656624776481359  0.20911698606737431  0.23736806646713637
  0.23969715426773527  0.24202624206833417  0.24435532986893305  0.24668441766953195
  0.24885604336968425  0.25091577397435288  0.25297550457902152  0.25503523518369015
  0.25709496578835878  0.25915469639302741  0.31424009727389568  0.34147555831218962
  0.34147555831219961  0.34147555831220960  0.34147555831221960  1.00000000000000000
  0.02224641640981036  0.03212328286535949  0.04205832340099845  0.05365815089489021
  0.09053049816707574  0.20842443984133460  0.29223900300292710  0.29418623669509253
  0.29613347038725790  0.29808070407942333  0.30002793777158870  0.30197517146375413
  0.30392240515591951  0.30586963884808493  0.30781687254025031  0.30976410623241574
  0.31171133992458111  0.31365857361674654  0.31560580730891191  0.31755304100107734
  0.31950027469324271  0.32144750838540814  0.32339474207757352  0.32534197576973894
  0.32728920946190432  0.32923644315406975  0.33118367684623512  0.33313091053840055
  0.33507814423056592  0.33702537792273135  0.33897261161489678  0.34091984530706221
  0.34286707899922764  0.34481431269139307  0.34676154638355849  0.34870878007572392
  0.35065601376788935  0.35260324746005473  0.35494628283969021  0.35890156575945631
  0.36285684867922241  0.36681213159898851  0.37076741451875467  0.37472269743852077
  0.37867798035828693  0.38263326327805303  0.38658854619781913  0.39054382911758528
  0.39449911203735138  0.39845439495711754  0.40240967787688370  0.40636496079664985
  0.41032024371641601  0.41427552663618217  0.46328860858582344  0.52225006614349723
  0.52501769468608805  0.52778532322867888  0.53055295177126971  0.53332058031386054
  0.53608820885645136  0.53885583739904219  0.54162346594163302  0.54439109448422385
  0.54715872302681468  0.54992635156940550  0.55269398011199633  0.55546160865458716
  0.55822923719717787  0.56099686573976870  0.56376449428235953  0.56653212282495036
  0.56929975136754118  0.57206737991013190  0.57483500845272273  0.57760263699531356
  0.58037026553790438  0.58313789408049521  0.69290205956759576  0.79309031144535991
  0.80186422325313456  0.81063813506090920  0.81941204686868385  0.82818595867645839
  0.83527171814771595  0.83996137572000995  0.84465103329230395  0.84934069086459796
  0.85403034843689207  0.85828582071462622  0.86252829431901401  0.86677076792340180
  0.87101324152778958  0.87599794898809613  0.87792575756708779  1.00000000000000000
  0.03326558669408168  0.17082546686843517  0.17498426707020356  0.17914306727197199
  0.18330186747374042  0.18746066767550884  0.19229825563305439  0.19714232459762956
  0.20198639356220471  0.20683046252677989  0.28866127158502253  0.37795100375693447
  0.38936083476804451  0.40077066577915460  0.41218049679026475  0.42359032780137484
  0.43500015881248488  0.46352456954899085  0.47214766417630266  0.48077075880361442
  0.48939385343092612  0.49801694805823787  0.50664004268554952  0.51526313731286133
  0.56206433951110046  0.66694242674457271  0.66965091574269164  0.67235940474081057
  0.67506789373892939  0.67777638273704832  0.68048487173516725  0.68319336073328607
  0.68590184973140500  0.68861033872952393  0.69131882772764275  0.69402731672576168
  0.69673580572388050  0.69944429472199943  0.70215278372011836  0.70486127271823718
  0.70756976171635610  0.71027825071447503  0.71298673971259396  0.71569522871071289
  0.71840371770883182  0.72111220670695064  0.72382069570506957  0.72652918470318850
  0.73221982273601760  0.77210535533874880  0.77400833177403183  0.77591130820931498
  0.77781428464459812  0.77971726107988126  0.78162023751516441  0.78352321395044755
  0.78542619038573058  0.78732916682101373  0.78923214325629687  0.79113511969158001
  0.79303809612686305  0.79494107256214619  0.79684404899742933  0.79874702543271237
  0.80065000186799551  0.80255297830327865  0.80445595473856168  0.80635893117384483
  0.80826190760912786  0.81016488404441100  0.81206786047969415  0.81397083691497718
  0.81587381335026032  0.81777678978554347  0.81967976622082650  0.82158274265610964
  0.82348571909139268  0.82538869552667582  0.82729167196195896  0.82919464839724200
  0.83109762483252514  0.83300060126780817  0.87681164254325583  0.88068786327904169
  0.88456408401482756  0.88844030475061342  0.89231652548639928  0.89613624513944456
  0.89940310912897470  0.90266997311850483  0.90593683710803496  0.90920370109756510
  0.91247056508709523  0.91573742907662536  0.91752440134684243  1.00000000000000000
  0.01871454318364457  0.15111352978071257  0.15639372622809189  0.16167392267547120
  0.16699107886660317  0.17295018656855893  0.17890929427051472  0.18486840197247048
  0.24083799267560807  0.33635892997081868  0.43187986726602939  0.48020754450758790
  0.48226885691648635  0.48433016932538481  0.48639148173428326  0.48845279414318171
  0.49051410655208016  0.49257541896097862  0.49463673136987707  0.49669804377877558
  0.49875935618767403  0.50082066859657248  0.50288198100547088  0.50494329341436939
  0.50700460582326790  0.50906591823216629  0.51112723064106480  0.51318854304996320
  0.51524985545886171  0.51731116786776010  0.51937248027665861  0.52143379268555701
  0.52349510509445552  0.52555641750335402  0.52761772991225253  0.52967904232115093
  0.53174035473004944  0.53380166713894794  0.53586297954784645  0.53792429195674485
  0.53998560436564336  0.55928740506325214  0.65480834235846275  0.75032927965367346
  0.77273865826777854  0.77516475776456473  0.77759085726135091  0.78001695675813709
  0.78244305625492327  0.78486915575170946  0.78729525524849553  0.78972135474528171
  0.79214745424206789  0.79457355373885408  0.79699965323564015  0.79942575273242633
  0.80185185222921240  0.80427795172599859  0.80670405122278477  0.80913015071957084
  0.81155625021635702  0.81330281565795093  0.81461675031621528  0.81593068497447951
  0.81724461963274375  0.81855855429100799  0.81987248894927234  0.82118642360753658
  0.82250035826580081  0.82381429292406516  0.82512822758232940  0.82644216224059364
  0.82775609689885787  0.82907003155712222  0.83038396621538646  0.83169790087365070
  0.83301183553191493  0.83430296502137136  0.83558670682506997  0.83687044862876858
  0.83815419043246719  0.83943793223616592  0.84072167403986453  0.84200541584356314
  0.84328915764726176  0.84457289945096048  0.84585664125465909  0.84714038305835770
  0.84842412486205632  0.84970786666575504  0.85099160846945365  0.85227535027315227
  0.85355909207685088  0.90447906270478717  0.95558417240778604  1.00000000000000000
  0.23933523495992029  0.24096724416647100  0.24259925337302168  0.24423126257957239
  0.24586327178612308  0.24749528099267379  0.24912729019922447  0.25170144575292785
  0.25535846841369236  0.25901549107445687  0.26267251373522138  0.26632953639598589
  0.26998655905675040  0.27727948823780274  0.28566797613557543  0.29405646403334812
  0.30244495193112075  0.31083343982889339  0.40286711219277543  0.47976843308943418
  0.48162909092010381  0.48348974875077344  0.48535040658144307  0.48721106441211270
  0.48907172224278234  0.49093238007345197  0.49279303790412160  0.49465369573479123
  0.49651435356546086  0.49837501139613050  0.50023566922680018  0.50209632705746976
  0.50395698488813945  0.50581764271880902  0.50767830054947871  0.50953895838014829
  0.51139961621081798  0.51326027404148755  0.51512093187215724  0.51698158970282682
  0.51884224753349650  0.52070290536416608  0.52256356319483577  0.52442422102550545
  0.52628487885617514  0.52814553668684472  0.53000619451751441  0.53186685234818409
  0.53372751017885367  0.53558816800952336  0.53744882584019305  0.53930948367086262
  0.54117014150153231  0.62434473879447649  0.73711647003142344  0.77860842613722048
  0.78969959229719433  0.80079075845716807  0.81188192461714181  0.82297309077711556
  0.84076515060201495  0.85832644880026931  0.86304723794177918  0.86776802708328915
  0.87248881622479912  0.87611195972751477  0.87848764521755152  0.88086333070758827
  0.88323901619762502  0.88561470168766177  0.88799038717769863  0.89036607266773538
  0.89274175815777213  0.89511744364780887  0.89749312913784562  0.89986881462788249
  0.90224450011791923  0.90462018560795610  0.90699587109799285  0.90937155658802959
  0.91174724207806646  0.91412292756810321  0.91649861305814007  0.91912450616470698
  0.92176944605764766  0.92441438595058834  0.92705932584352890  0.92970426573646958
  0.93234920562941026  0.93499414552235083  0.94343015482661607  0.96616693619636174
  0.97519342051683089  0.98372283618769796  0.99186141809384920  1.00000000000000000
  0.04487782319386806  0.04822445544962792  0.05157108770538778  0.05491771996114763
  0.05826435221690748  0.06161098447266734  0.06588487941395370  0.07049420132227442
  0.07510352323059515  0.07971284513891586  0.10716530928758153  0.12651812290566661
  0.12832658142191805  0.13013503993816952  0.13194349845442097  0.13375195697067244
  0.13556041548692388  0.13736887400317535  0.13917733251942679  0.14098579103567827
  0.14279424955192971  0.14460270806818118  0.14641116658443262  0.14821962510068409
  0.15002808361693559  0.15183654213318706  0.15364500064943853  0.15545345916569001
  0.15726191768194148  0.15907037619819295  0.16087883471444442  0.16268729323069592
  0.16449575174694739  0.16630421026319886  0.16811266877945030  0.16992112729570177
  0.17172958581195322  0.17353804432820469  0.17534650284445613  0.17715496136070760
  0.17896341987695905  0.18077187839321052  0.18258033690946196  0.18438879542571343
  0.18619725394196487  0.21856482619729978  0.32965453454762456  0.33582326166753845
  0.33839846947074276  0.34097367727394701  0.34354888507715126  0.34612409288035556
  0.34869930068355981  0.35127450848676406  0.35384971628996831  0.35642492409317256
  0.35900013189637681  0.36157533969958106  0.36415054750278530  0.36672575530598950
  0.36930096310919375  0.37187617091239800  0.37445137871560225  0.37702658651880649
  0.37960179432201069  0.38217700212521494  0.38475220992841919  0.38732741773162344
  0.38990262553482768  0.39247783333803193  0.39505304114123613  0.47326267767720864
  0.52605749499080579  0.53519413305903307  0.54433077112726047  0.55346740919548776
  0.56260404726371505  0.57174068533194233  0.58087732340016962  0.66456113568024011
  0.69042589831198953  0.69411318223667806  0.69780046616136659  0.70148775008605524
  0.70517503401074377  0.70877905582400769  0.71188596171165430  0.71499286759930103
  0.71809977348694765  0.72120667937459437  0.72431358526224099  0.72742049114988772
  0.77782058329933601  0.88891029164966073  0.97656757036844888  1.00000000000000000
  0.04483371575673428  0.23225645698712322  0.23534624730757972  0.23843603762803620
  0.24152582794849270  0.24461561826894918  0.24770540858940568  0.25094317792774762
  0.25460794908812057  0.25827272024849351  0.26193749140886641  0.26560226256923936
  0.26926703372961225  0.33360613606815742  0.44323257174184277  0.55285900741552807
  0.56667510103198848  0.57125278184804529  0.57583046266410198  0.58040814348015879
  0.58416414646899939  0.58646564005552626  0.58876713364205302  0.59106862722857978
  0.59337012081510654  0.59567161440163330  0.59797310798816006  0.60027460157468682
  0.60257609516121358  0.60487758874774034  0.60717908233426710  0.60948057592079385
  0.61178206950732061  0.61408356309384737  0.61638505668037413  0.61868655026690089
  0.62098804385342765  0.62328953743995441  0.62565811567378704  0.62822083900733450
  0.63078356234088195  0.63334628567442941  0.63590900900797687  0.63847173234152432
  0.64103445567507178  0.64359717900861924  0.64606295521657031  0.64786489398646985
  0.64966683275636938  0.65146877152626881  0.65327071029616834  0.65507264906606788
  0.65687458783596742  0.65867652660586695  0.66047846537576649  0.66228040414566602
  0.66408234291556556  0.66588428168546498  0.66768622045536452  0.66948815922526406
  0.67129009799516359  0.67309203676506302  0.67489397553496255  0.67669591430486209
  0.67849785307476151  0.68029979184466105  0.68210173061456059  0.68390366938446001
  0.68570560815435955  0.68750754692425908  0.68930948569415862  0.69111142446405804
  0.69291336323395758  0.69471530200385712  0.69651724077375654  0.69831917954365608
  0.70012111831355561  0.70192305708345504  0.70372499585335457  0.70552693462325411
  0.70732887339315365  0.73122222315403385  0.73936214513655230  0.74750206711907086
  0.75564198910158942  0.76378191108410798  0.77192183306662654  0.78006175504914521
  0.78820167703166388  0.85462748759030782  0.92133987275539142  0.93210550547531235
  0.93932025764070881  0.94296868829045288  0.94523042837778726  1.00000000000000000
  0.00873034795125322  0.04525539387462449  0.04884412108258224  0.05243284829053998
  0.05602157549849773  0.05961030270645547  0.06332766070715416  0.06757676140725082
  0.07182586210734747  0.07607496280744412  0.08032406350754077  0.11965514591881764
  0.24413586541402910  0.31344879013412003  0.31555344562476040  0.31765810111540077
  0.31976275660604114  0.32186741209668152  0.32397206758732189  0.32607672307796226
  0.32818137856860263  0.33028603405924306  0.33239068954988343  0.33449534504052381
  0.33660000053116418  0.33870465602180461  0.34080931151244498  0.34291396700308541
  0.34501862249372578  0.34712327798436621  0.34922793347500658  0.35133258896564695
  0.35343724445628738  0.35554189994692775  0.35764655543756813  0.35975121092820850
  0.36185586641884887  0.36396052190948924  0.36606517740012962  0.36816983289076999
  0.37027448838141036  0.37237914387205073  0.37448379936269116  0.45878498722857808
  0.46408073217041962  0.46937647711226121  0.47467222205410281  0.47996796699594441
  0.48526371193778589  0.49055945687962743  0.49585520182146897  0.50115094676331051
  0.50644669170515200  0.51174243664699359  0.51703818158883508  0.55610597635642522
  0.64666596180510172  0.64964829743329733  0.65263063306149283  0.65561296868968844
  0.65859530431788404  0.66157763994607954  0.66455997557427515  0.66754231120247076
  0.67052464683066626  0.67350698245886187  0.67648931808705737  0.67947165371525298
  0.68245398934344847  0.68543632497164397  0.68841866059983958  0.69140099622803508
  0.69438333185623069  0.69736566748442619  0.70034800311262180  0.70333033874081730
  0.70631267436901291  0.74847308216279818  0.77851816583406797  0.78788566575436048
  0.79687327801423435  0.80560377833538543  0.81433427865653640  0.82306477897768748
  0.83179527929883856  0.84351790689681883  0.87142245780830974  0.95996963139810609
  0.96539120196872596  0.97081277253934573  0.97623434310996560  0.98131178258757013
  0.98598383694067748  0.99065589129378495  0.99532794564689231  1.00000000000000000
 -0.00340539614359537  0.00129335372915238  0.00258670745830477  0.00388006118745715
  0.00517341491660954  0.00646676864576192  0.00776012237491430  0.00905347610406669
  0.01034682983321907  0.01164018356237146  0.01293353729152384  0.01422689102067623
  0.01552024474982861  0.01681359847898100  0.01810695220813338  0.01940030593728577
  0.02069365966643815  0.02229833511959388  0.02394070165210360  0.02558306818461331
  0.02722543471712303  0.02886780124963275  0.03051016778214247  0.03215253431465219
  0.03379490084716191  0.03543726737967162  0.03707963391218135  0.03872200044469106
  0.04036436697720078  0.04259961235437779  0.04710531117650239  0.05161100999862700
  0.05611670882075161  0.06062240764287621  0.12685338392273035  0.14881197509523453
  0.15240949933507658  0.15600702357491861  0.15960454781476066  0.16320207205460271
  0.16679959629444474  0.17039712053428674  0.17399464477412876  0.17759216901397076
  0.18118969325381276  0.18478721749365476  0.18838474173349679  0.19198226597333878
  0.19557979021318078  0.19917731445302278  0.20277483869286481  0.20637236293270680
  0.25852332930703098  0.36885256063833782  0.47918179196964467  0.54275279322013348
  0.54525740434257941  0.54776201546502545  0.55026662658747150  0.55277123770991754
  0.55527584883236347  0.55778045995480952  0.56028507107725556  0.56278968219970160
  0.56529429332214753  0.56779890444459358  0.57030351556703962  0.57280812668948555
  0.57531273781193160  0.57781734893437764  0.58032196005682368  0.58282657117926961
  0.58533118230171566  0.58783579342416170  0.59034040454660774  0.59284501566905379
  0.59534962679149983  0.59785423791394587  0.60035884903639192  0.60286346015883796
  0.65708907304772479  0.73196195612056536  0.74002441188039958  0.74808686764023369
  0.75614932340006780  0.76421177915990202  0.77227423491973612  0.78033669067957034
  0.78839914643940456  0.85728210287499207  0.94041775960850638  0.95110855705409769
  0.96067932512342935  0.96791543876300856  0.97378516594568887  1.00000000000000000
  0.06132000287373861  0.23942056504850506  0.24967446343034339  0.25453064208188625
  0.25920983733997416  0.26388903259806207  0.26856822785614998  0.27328798545617200
  0.27804580211414998  0.28280361877212801  0.28756143543010598  0.29231925208808401
  0.29707706874606193  0.30183488540403991  0.30659270206201783  0.31135051871999581
  0.31538551497960349  0.31919024757752290  0.32299498017544226  0.32679971277336162
  0.33060444537128103  0.33440917796920044  0.33821391056711986  0.34201864316503927
  0.34582337576295868  0.34962810836087810  0.35343284095879751  0.35723757355671693
  0.36104230615463628  0.36484703875255564  0.36865177135047505  0.37245650394839441
  0.41312348803421645  0.46348128560361213  0.47196378218368368  0.48044627876375523
  0.48892877534382667  0.49741127192389811  0.50589376850396961  0.51437626508404100
  0.54829414746318716  0.66330007406284552  0.77095444287674342  0.77281834429860585
  0.77468224572046829  0.77654614714233061  0.77841004856419305  0.78027394998605548
  0.78213785140791792  0.78400175282978024  0.78586565425164268  0.78772955567350511
  0.78959345709536755  0.79145735851722998  0.79332125993909230  0.79518516136095474
  0.79704906278281717  0.79891296420467950  0.80077686562654193  0.80264076704840426
  0.80450466847026669  0.80636856989212913  0.80823247131399145  0.81009637273585389
  0.81196027415771632  0.81382417557957865  0.81568807700144108  0.81755197842330340
  0.81941587984516584  0.82127978126702827  0.82314368268889060  0.82500758411075303
  0.82687148553261547  0.82873538695447779  0.83059928837634023  0.83246318979820255
  0.87545375015906135  0.87810943502872041  0.88076511989837936  0.88342080476803830
  0.88607648963769736  0.88873217450735631  0.89138785937701537  0.89404354424667432
  0.89654080796686242  0.89871061837224553  0.90088042877762875  0.90305023918301197
  0.90522004958839508  0.90738985999377830  0.90955967039916141  0.91172948080454463
  0.91389929120992774  0.91606910161531097  0.97954875628153482  1.00000000000000000
  0.07759574452743682  0.08605928008153804  0.08878522682974281  0.09151117357794759
  0.09423712032615236  0.09696306707435715  0.09968901382256191  0.10241496057076670
  0.10457412414021774  0.10571419910263131  0.10685427406504489  0.10799434902745844
  0.10913442398987201  0.11027449895228558  0.11141457391469915  0.11255464887711272
  0.11369472383952629  0.11483479880193986  0.11597487376435342  0.11711494872676699
  0.11825502368918056  0.11939509865159413  0.12053517361400770  0.12167524857642127
  0.12281532353883484  0.12395539850124841  0.12510235720028162  0.12632463276029463
  0.12754690832030763  0.12876918388032066  0.12999145944033366  0.13121373500034669
  0.13243601056035970  0.13365828612037270  0.13488056168038573  0.13610283724039873
  0.13732511280041174  0.13854738836042477  0.13976966392043777  0.14099193948045077
  0.14221421504046380  0.14343649060047681  0.14465876616048981  0.14588104172050284
  0.14710331728051587  0.14832559284052887  0.14954786840054191  0.15077014396055494
  0.15199241952056797  0.15321469508058100  0.15443697064059403  0.15565924620060703
  0.15688152176062006  0.15810379732063309  0.15932607288064612  0.16054834844065916
  0.16177062400067219  0.16299289956068519  0.16421517512069822  0.16543745068071125
  0.16665972624072428  0.25028259283833448  0.33335673601266880  0.33524416944423618
  0.33713160287580363  0.33901903630737107  0.34090646973893851  0.34279390317050590
  0.34468133660207334  0.34656877003364078  0.34845620346520823  0.35034363689677561
  0.35223107032834305  0.35411850375991050  0.35566580313337198  0.35720419579914464
  0.35874258846491724  0.36028098113068990  0.36181937379646256  0.36335776646223517
  0.36489615912800782  0.36643455179378048  0.36797294445955309  0.36951133712532575
  0.37104972979109840  0.37258812245687106  0.37412651512264367  0.41134597292827629
  0.47451812340961413  0.47451812340962413  0.47451812340963412  0.47451812340964411
  0.47451812340965410  0.47451812340966409  0.47451812340967409  1.00000000000000000
  0.02897750933965050  0.23686362279963735  0.24456057893260796  0.25251772766256259
  0.26110179781455584  0.26968586796654903  0.37169102216911110  0.41902908434924097
  0.42287869115473459  0.42672829796022821  0.43057790476572183  0.43442751157121545
  0.43827711837670907  0.44212672518220275  0.44597633198769637  0.44982593879318999
  0.45367554559868362  0.45752515240417724  0.46137475920967091  0.46522436601516459
  0.46907397282065827  0.47292357962615195  0.47677318643164562  0.52320291596928115
  0.54571734297879337  0.55053153038421099  0.55534571778962871  0.56015990519504633
  0.56497409260046394  0.56978828000588166  0.57460246741129928  0.57941665481671689
  0.58423084222213462  0.58904502962755223  0.59385921703296995  0.59867340443838768
  0.60348759184380540  0.70416480487425603  0.71929228399212364  0.73065820214953969
  0.74202412030695575  0.75339003846437169  0.76475595662178775  0.81270250613410000
  0.81458806206507350  0.81647361799604712  0.81835917392702073  0.82024472985799424
  0.82213028578896785  0.82401584171994136  0.82590139765091497  0.82778695358188847
  0.82967250951286209  0.83155806544383559  0.83344362137480921  0.83532917730578282
  0.83721473323675633  0.83910028916772994  0.84098584509870355  0.84287140102967706
  0.84475695696065067  0.84664251289162429  0.84852806882259790  0.85041362475357141
  0.85229918068454502  0.85418473661551864  0.85607029254649214  0.85795584847746575
  0.85984140440843926  0.86172696033941287  0.86361251627038649  0.86549807220135999
  0.86738362813233361  0.86926918406330711  0.87115473999428072  0.87304029592525423
  0.87492585185622784  0.87758111553819984  0.88026788642765252  0.88295465731710532
  0.88564142820655811  0.88832819909601080  0.89101496998546359  0.89370174087491638
  0.89628691583736819  0.89848201600639399  0.90067711617541979  0.90287221634444559
  0.90506731651347139  0.90726241668249719  0.90945751685152298  0.91165261702054878
  0.91384771718957458  0.91604281735860038  0.97517562309900918  1.00000000000000000
  0.38421523173650102  0.42592220099251105  0.43517773531835530  0.44509644181418739
  0.45523727457760238  0.46130647726746660  0.46558626756091276  0.46986605785435887
  0.47414584814780497  0.47842563844125108  0.48270542873469718  0.48698521902814323
  0.49126500932158934  0.49554479961503539  0.49982458990848150  0.50410438020192760
  0.50838417049537366  0.51266396078881971  0.51694375108226576  0.52153088848063056
  0.52918165275075735  0.53683241702088413  0.54448318129101081  0.55213394556113748
  0.55978470983126416  0.56743547410139084  0.57508623837151751  0.58273700264164419
  0.66696230916962596  0.66934395334221564  0.67172559751480532  0.67410724168739500
  0.67648888585998468  0.67887053003257436  0.68125217420516404  0.68363381837775372
  0.68601546255034340  0.68839710672293308  0.69077875089552276  0.69316039506811244
  0.69554203924070213  0.69792368341329181  0.70030532758588149  0.70268697175847106
  0.70506861593106074  0.70745026010365042  0.70983190427624010  0.71221354844882989
  0.71459519262141957  0.71697683679400925  0.71935848096659893  0.72174012513918862
  0.72412176931177830  0.72650341348436809  0.72888505765695777  0.82125568698984386
  0.87665935195332678  0.88007791493186682  0.88349647791040697  0.88691504088894701
  0.89033360386748706  0.89375216684602721  0.89641635774562645  0.89790664554323496
  0.89939693334084359  0.90088722113845221  0.90237750893606072  0.90386779673366935
  0.90535808453127786  0.90684837232888649  0.90833866012649500  0.90982894792410363
  0.91131923572171214  0.91280952351932076  0.91429981131692928  0.91579009911453790
  0.91714829601300429  0.91831782943332696  0.91948736285364951  0.92065689627397218
  0.92182642969429474  0.92299596311461729  0.92416549653493996  0.92533502995526251
  0.92650456337558518  0.92767409679590773  0.92884363021623040  0.93001316363655295
  0.93118269705687551  0.93235223047719817  0.93352176389752073  0.93469129731784339
  0.93586083073816595  0.93703036415848862  0.94525546232859292  1.00000000000000000
   5.7907617338779493E-014  -1.0000000000000000     
 F F F F F F F F F F F F F F F F F F F F F F F F F F F F F F F F F F F F F F F F F F F F F F F F F F F F F F F F F F F F F F F F F F F F F F F F F F F F F F F F F F F F F F F F F F F F F F F F F F F F F F F F F F F F F F F F F F F F F F F F F F F F F F F F F F F F F F F F F F F F F F F F F F F F F F F F F F F F F F F F F F F F F F F F F F F F F F F F F F F F F F F F F F F F F F F F F F F F F F F F F F F F F F F F F F F F F F F F F F F F F F F F F F F F F F F F F F F F F F F F F F F F F F F F F F F F F F F F F F F F F F F F F F F F F F F F F F F F F F F F F F F F F F F F F F F F F F F F F F F F F F F F F F F F F F F F F F F F F F F F F F F F F F F F F F F F F F F F F F F F F F F F F F F F F F F F F F F F F F F F F F F F F F F F F F F F F F F F F F F F F F F F F F F F F F F F F F F F F F F F F F F F F F F F F F F F F F F F F F F F F F F F F F F F F F F F F F F F F F F F F F F F F F F F F F F F F F F F F F F F F F F F F F F F F F F F F F F F F F F F F F F F F F F F F F F F F F F F F F F F F F F F F F F F F F F F
  <DiscreteSampler_grid>
  grouped_processes
  1 # 1 for a reference and 2 for a running grid.
  10 # Attribute 'min_bin_probing_points' of the grid.
  1 # Attribute 'grid_mode' of the grid. 1=='default',2=='initialization'
  0.0000000000000000 # Attribute 'small_contrib_threshold' of the grid.
  0.5000000000000000 # Attribute 'damping_power' of the grid.
 # binID   n_entries weight   weight_sqr   abs_weight
    10   10   3.119326792772100E-001   5.446997429160095E-001   3.119326792772100E-001
  </DiscreteSampler_grid>
