  0.10273307729582318  0.18816652795083974  0.18883305590167948  0.18949958385251919
  0.19016611180335893  0.19083263975419867  0.19149916770503841  0.19216569565587813
  0.19283222360671787  0.19349875155755761  0.19416527950839735  0.19483180745923706
  0.19549833541007680  0.19616486336091654  0.19683139131175628  0.19749791926259602
  0.19816444721343576  0.19883097516427550  0.19949750311511522  0.20016403106595496
  0.20083055901679470  0.20149708696763444  0.20216361491847418  0.20283014286931389
  0.20349667082015363  0.20416319877099337  0.20482972672183311  0.20549625467267285
  0.20616278262351259  0.20682931057435230  0.20749583852519204  0.20816236647603178
  0.20898021617167598  0.20985027134407758  0.21072032651647918  0.21159038168888078
  0.21246043686128235  0.21333049203368395  0.21420054720608556  0.21507060237848716
  0.21594065755088876  0.21681071272329036  0.21768076789569196  0.21855082306809356
  0.21942087824049517  0.22029093341289677  0.22116098858529837  0.22203104375769997
  0.22290109893010157  0.22377115410250314  0.22464120927490475  0.22551126444730635
  0.22638131961970795  0.22725137479210955  0.22812142996451115  0.22899148513691275
  0.25280200814292458  0.25793375593569529  0.26306550372846599  0.26819725152123669
  0.27298393268573917  0.27740613243735091  0.28182833218896264  0.28625053194057437
  0.29067273169218610  0.29509493144379778  0.29951713119540946  0.30393933094702119
  0.30836153069863287  0.31287285387083413  0.31868412401673868  0.32449539416264317
  0.33030666430854766  0.37284706684526281  0.45530949859880315  0.48615087964700282
  0.49597824241312094  0.50580560517923900  0.51563296794535707  0.52546033071147524
  0.53528769347759342  0.57060246530606185  0.59076337228237719  0.59954991093174448
  0.60833644958111177  0.61712298823047906  0.62590952687984625  0.63469606552921343
  0.64348260417858072  0.70623396689415741  0.77558905840636561  0.79727736760259726
  0.83507513649291365  0.91753756824645427  0.97287798239445045  1.00000000000000000
  0.11427762191571542  0.17606850282366063  0.18547033898065451  0.19551723180336300
  0.20574171758136958  0.27743742260580767  0.29679254739189692  0.30284948843970527
  0.30890642948751357  0.31496337053532186  0.32102031158313021  0.32707725263093851
  0.33313419367874686  0.33919113472655521  0.34524807577436362  0.35130501682217197
  0.40299978443025841  0.49556703312672395  0.58813428182318939  0.68070153051965498
  0.73460135226050349  0.74600837709151713  0.75741540192253087  0.76882242675354451
  0.77173067968845765  0.77282007127349739  0.77390946285853712  0.77499885444357697
  0.77608824602861670  0.77717763761365644  0.77826702919869628  0.77935642078373601
  0.78044581236877575  0.78153520395381559  0.78262459553885533  0.78371398712389506
  0.78480337870893491  0.78589277029397464  0.78698216187901437  0.78807155346405422
  0.78916094504909395  0.79025033663413369  0.79133972821917353  0.79242961346344554
  0.79351971038785252  0.79460980731225950  0.79569990423666648  0.79679000116107346
  0.79788009808548044  0.79897019500988742  0.80006029193429440  0.80115038885870138
  0.80224048578310836  0.80333058270751534  0.80442067963192232  0.80551077655632930
  0.80660087348073628  0.80769097040514326  0.80878106732955024  0.80987116425395722
  0.81096126117836420  0.81205135810277118  0.81314145502717816  0.81423155195158514
  0.81532164887599212  0.81641174580039910  0.81750184272480608  0.81859193964921306
  0.81968203657362004  0.82077213349802702  0.82186223042243400  0.82295232734684098
  0.82404242427124796  0.82513252119565494  0.82622261812006192  0.82731271504446890
  0.82840281196887589  0.82949290889328287  0.83058300581768985  0.83167310274209683
  0.83276319966650381  0.86049891582173488  0.88563422033586947  0.89989415717671162
  0.90672789680623156  0.91356163643575150  0.92039574870132945  0.92723017127433616
  0.93406459384734275  0.94089901642034945  0.94773343899335605  0.95456786156636275
  0.96396392783836693  0.97650302169055980  0.98834546280566726  1.00000000000000000
  0.04875953150429580  0.04932100870729159  0.04988248591028737  0.05044396311328316
  0.05100544031627894  0.05156691751927472  0.05212839472227051  0.05268987192526629
  0.05325134912826208  0.05381282633125786  0.05437430353425365  0.05493578073724943
  0.05549725794024522  0.05605873514324100  0.05662021234623679  0.05718168954923258
  0.05774316675222836  0.05830464395522415  0.05886612115821993  0.05942759836121572
  0.05998907556421150  0.06055055276720728  0.06111202997020307  0.06167350717319885
  0.06223498437619464  0.06307786653502882  0.06417230476435648  0.06526674299368412
  0.06636118122301177  0.06745561945233942  0.06855005768166708  0.06964449591099472
  0.07073893414032238  0.07183337236965004  0.07292781059897768  0.07402224882830534
  0.07511668705763298  0.07621112528696064  0.07730556351628828  0.07840000174561594
  0.07949443997494360  0.08058887820427124  0.08168331643359890  0.08277775466292656
  0.08387566222881175  0.08497714677381873  0.08607863131882572  0.08718011586383270
  0.08828160040883970  0.08938308495384668  0.09048456949885367  0.09158605404386065
  0.09268753858886764  0.09378902313387462  0.09489050767888162  0.09599199222388860
  0.09709347676889558  0.09819496131390257  0.09929644585890955  0.10039793040391654
  0.10149941494892353  0.10260089949393052  0.10370238403893750  0.10754003749968349
  0.11337133796566383  0.11920263843164416  0.12503393889762449  0.13086523936360483
  0.13669653982958516  0.14252784029556548  0.14835914076154585  0.15419044122752623
  0.16002174169350664  0.16585304215948704  0.17504080066033798  0.18477281441738999
  0.19450482817444198  0.20423684193149400  0.21396885568854604  0.22370086944559814
  0.23951715383654018  0.26312849252030851  0.28673983120407698  0.35936224317053611
  0.43843835669707309  0.44927403848939890  0.45997883475902673  0.47001613538982617
  0.48672442655662163  0.57227035546384897  0.65781628437107642  0.74336221327830387
  0.76603301848128880  0.76603301848129879  0.76603301848130878  1.00000000000000000
  0.00549890412682580  0.02229230698669553  0.05633469050140363  0.12616839958104220
  0.13160993352116435  0.13705146746128649  0.14249300140140864  0.14793453534153081
  0.15337606928165301  0.15881760322177524  0.16425913716189744  0.16970067110201961
  0.17514220504214176  0.18058373898226390  0.18602527292238605  0.25124291048361236
  0.33868331856524664  0.37860277741139553  0.38476485415622419  0.39092693090105279
  0.39708900764588145  0.40325108439071011  0.40941316113553883  0.41557523788036754
  0.42152433462749034  0.42742758861402252  0.43333084260055471  0.44023687949772689
  0.44955383157866929  0.45887078365961176  0.46818773574055428  0.47750468782149680
  0.48772842254744003  0.49814902975441500  0.50856963696139001  0.51899024416836492
  0.52941085137534005  0.53983145858231507  0.61370765121921811  0.70114805930085233
  0.72979362180207596  0.73071619924383402  0.73163877668559218  0.73256135412735024
  0.73348393156910829  0.73440650901086635  0.73532908645262451  0.73625166389438257
  0.73717424133614062  0.73809681877789868  0.73901939621965684  0.73994197366141490
  0.74086455110317295  0.74178712854493101  0.74270970598668917  0.74363228342844723
  0.74455486087020528  0.74547743831196334  0.74640001575372150  0.74732259319547956
  0.74824517063723761  0.74916774807899567  0.75006919616843426  0.75077596014300907
  0.75148272411758399  0.75218948809215880  0.75289625206673372  0.75360301604130864
  0.75430978001588345  0.75501654399045837  0.75572330796503329  0.75643007193960810
  0.75713683591418302  0.75784359988875794  0.75855036386333274  0.75925712783790766
  0.75996389181248247  0.76067065578705739  0.76137741976163231  0.76208418373620712
  0.76279094771078204  0.76349771168535696  0.76420447565993177  0.76491123963450669
  0.76561800360908161  0.76632476758365642  0.76703153155823134  0.76773829553280615
  0.76844505950738107  0.76915182348195599  0.76985858745653080  0.77056535143110572
  0.82511918383672667  0.91255959191836100  0.96118400831407191  1.00000000000000000
  0.00000001361502291  0.00000003968778011  0.00000004007475883  0.00000004046173755
  0.00000004084871626  0.00000004123569498  0.00000004162267370  0.00000004200965242
  0.00000004239663114  0.00000004278360986  0.00000004317058858  0.00000004355756730
  0.00000004394454602  0.00000004433152474  0.00000004471850346  0.00000004510548218
  0.00000004549246090  0.00000004587943962  0.00000004626641834  0.00000004665339706
  0.00000004704037578  0.00000004742735450  0.00000004781433322  0.00000004820131194
  0.00000004858829066  0.00000004897526938  0.00000004936224810  0.00000004974922682
  0.00000005013620554  0.00000005077735535  0.00000005142190228  0.00000005206644921
  0.00000005271099615  0.00000005335554308  0.00000005400009001  0.00000005464463695
  0.00000005528918388  0.00000005593373081  0.00000005657827774  0.00000005722282468
  0.00000005786737161  0.00000005851191854  0.00000005915646547  0.00000005980101241
  0.00000006044555934  0.00000006109010627  0.00000006173465320  0.00000006237920014
  0.00000006302374707  0.00000006366829400  0.00000008520813565  0.00000009706948833
  0.00000011025490553  0.00000012538802583  0.00000014263616821  0.00000016194352180
  0.00000028151174359  0.00000031736042670  0.00000035354102896  0.00000039927800764
  0.00000044501498632  0.00000050224071727  0.00000056059352236  0.00000071954423165
  0.00000095956782117  0.00000154270103421  0.00000323293738968  0.00000347215246997
  0.00000371136755025  0.00000395058263053  0.00000423595335031  0.00000454115214914
  0.00000484635094796  0.00000515694200560  0.00000554632509422  0.00000593570818284
  0.00000632509127146  0.00001041735047826  0.00003071895189612  0.00009011769245479
  0.00026436566746423  0.00077860858717978  0.00181044042174594  0.00196300865905320
  0.00211557689636045  0.00226853155577012  0.00244251371395901  0.00261649587214790
  0.00279047803033679  0.00458879818276166  0.01352738958518638  0.03969349565056386
  0.05657454634204290  0.05657454634205290  0.05657454634206290  1.00000000000000000
  0.00087562385762632  0.00203757539708514  0.00207980906954837  0.00212204274201160
  0.00216706419717221  0.00221786810931188  0.00226867202145154  0.00232436786208161
  0.00252602633958615  0.00274499299403442  0.00313758924356589  0.00325805159006850
  0.00337911773508334  0.00350894958070363  0.00363656163557231  0.00371717212118869
  0.00379778260680507  0.00387839309242145  0.00396358307698689  0.00405267791050083
  0.00414177274401476  0.00423170986252654  0.00432773444619257  0.00442375902985861
  0.00451978361352465  0.00566538870297006  0.00662576469692118  0.00664819355390800
  0.00667062241089482  0.00669305126788163  0.00671548012486845  0.00673790898185527
  0.00676033783884209  0.00678276669582890  0.00680519555281572  0.00682762440980253
  0.00685005326678935  0.00687248212377617  0.00689491098076298  0.00691733983774980
  0.00693976869473662  0.00696219755172343  0.00698462640871025  0.00700705526569707
  0.00702948412268388  0.00705191297967070  0.00707434183665752  0.00709677069364433
  0.00711919955063115  0.00713941210621345  0.00715791905927257  0.00717642601233169
  0.00719493296539081  0.00721343991844994  0.00723194687150906  0.00725045382456818
  0.00726896077762731  0.00728746773068643  0.00730597468374555  0.00732448163680468
  0.00734298858986380  0.00736149554292292  0.00738000249598205  0.00739850944904117
  0.00741701640210029  0.00743552335515941  0.00745403030821854  0.00747253726127766
  0.00749104421433678  0.00750955116739591  0.00752805812045503  0.00754656507351415
  0.00756507202657327  0.00758357897963240  0.00760208593269152  0.00762059288575064
  0.00763909983880977  0.00765760679186889  0.00767611374492801  0.00928374347474114
  0.01268195844285709  0.01732146303255103  0.02054412232106168  0.02054412232107168
  0.02054412232108168  0.02054412232109168  0.02054412232110167  0.02054412232111167
  0.02054412232112167  0.02054412232113167  0.02054412232114167  0.02054412232115167
  0.02054412232116167  0.02054412232117167  0.02054412232118167  1.00000000000000000
  0.09296542008717859  0.09577863546827467  0.09859185084937074  0.10140506623046681
  0.10427464100470757  0.11015966266173620  0.11604468431876482  0.12192970597579343
  0.16805468745466201  0.25089116831422448  0.26082788348173130  0.27076459864923808
  0.28070131381674496  0.29063802898425189  0.30057474415175872  0.31051145931926549
  0.38450400960248154  0.42093481122568566  0.42757565812326243  0.43421650502083919
  0.44085735191841591  0.44749819881599268  0.45413904571356944  0.46077989261114621
  0.46742073950872304  0.47406158640629986  0.49998442154493861  0.59000299568784687
  0.67029174062905794  0.68781291643246090  0.68887097077339643  0.68992902511433207
  0.69098707945526761  0.69204513379620314  0.69310318813713878  0.69416124247807431
  0.69521929681900985  0.69627735115994549  0.69733540550088102  0.69839345984181656
  0.69945151418275220  0.70050956852368773  0.70156762286462326  0.70262567720555891
  0.70368373154649444  0.70474178588743008  0.70579984022836562  0.70685789456930115
  0.70791594891023679  0.70897400325117232  0.71003205759210786  0.71109011193304350
  0.71214816627397903  0.71320622061491468  0.71426427495585021  0.71532232929678585
  0.71638038363772139  0.71743843797865703  0.71849649231959256  0.71955454666052809
  0.72061260100146374  0.72167065534239927  0.72272870968333491  0.72378676402427045
  0.72484481836520609  0.72590287270614162  0.72696092704707727  0.72801898138801280
  0.72907703572894833  0.73013509254003950  0.73119314957975212  0.73225120661946475
  0.73330926365917737  0.73436732069888999  0.73542537773860261  0.73648343477831513
  0.73754149181802775  0.73859954885774037  0.73965760589745300  0.74071566293716562
  0.74177371997687824  0.74283177701659076  0.74388983405630338  0.74494789109601600
  0.74600594813572862  0.74706400517544125  0.74812206221515387  0.74918011925486638
  0.77026383231519402  0.86028240645810239  0.90254142680244498  0.91362787976302895
  0.91961806184346795  0.92368389951170193  0.92492682139078786  1.00000000000000000
  0.12575631936391193  0.12641366555449726  0.12707101174508262  0.12772835793566795
  0.12838570412625327  0.12904305031683860  0.12970039650742396  0.13035774269800929
  0.13101508888859462  0.13167243507917994  0.13232978126976530  0.13298712746035063
  0.13364447365093596  0.13430181984152129  0.13495916603210664  0.13561651222269197
  0.13627385841327730  0.13693120460386266  0.13758855079444798  0.13824589698503331
  0.13890324317561864  0.13956058936620400  0.14021793555678932  0.14087528174737465
  0.14153262793795998  0.14218997412854534  0.14284732031913067  0.14350466650971599
  0.14416201270030135  0.14481935889088668  0.14547670508147201  0.14624066427783428
  0.14713105826567330  0.14802145225351229  0.14891184624135131  0.14980224022919034
  0.15069263421702936  0.15158302820486835  0.15247342219270738  0.15336381618054640
  0.15425421016838542  0.15514460415622441  0.15603499814406344  0.15692539213190246
  0.15781578611974148  0.15870618010758047  0.15959657409541950  0.16048696808325852
  0.16137736207109754  0.16226775605893654  0.16315815004677556  0.16404854403461458
  0.16493893802245360  0.16582933201029260  0.17169554487876185  0.25608565689116003
  0.34047576890355830  0.42486588091595667  0.50925599292835488  0.52536456982534774
  0.53061627974757797  0.53586798966980820  0.54111969959203843  0.54637140951426866
  0.55162311943649889  0.55687482935872901  0.56212653928095924  0.56737824920318936
  0.57262995912541959  0.57788166904764970  0.58313337896987993  0.66451036401049501
  0.67646678362900381  0.68652387540987492  0.69658096719074614  0.70663805897161724
  0.71669515075248846  0.72675224253335968  0.75461339265442673  0.76360532952863291
  0.77195096760193016  0.77764829079712838  0.78334561399232661  0.78904293718752472
  0.79474026038272294  0.80043758357792116  0.80613490677311928  0.81183222996831739
  0.81775006931033045  0.82369718641709866  0.82964430352386698  0.86537578962466999
  0.94076557927948934  0.96254005883921301  0.97706801096598306  1.00000000000000000
  0.15485763152440393  0.36252685492402037  0.37088704318137400  0.37961918668254391
  0.38871152620277899  0.41369617656485641  0.42185623795416177  0.42723983435702351
  0.43262343075988519  0.43800702716274692  0.44339062356560860  0.44877421996847033
  0.45415781637133201  0.45944139079024210  0.46437925657738738  0.46931712236453260
  0.47425498815167788  0.47920406606951393  0.48625608854348951  0.49330811101746508
  0.50036013349144071  0.50741215596541622  0.51446417843939185  0.52881448309886925
  0.61123638913211631  0.69365829516536315  0.77608020119860999  0.81303964803988493
  0.81400653461771588  0.81497342119554672  0.81594030777337767  0.81690719435120851
  0.81787408092903946  0.81884096750687041  0.81980785408470125  0.82077474066253220
  0.82174162724036304  0.82270851381819399  0.82367540039602494  0.82464228697385578
  0.82560917355168673  0.82657606012951768  0.82754294670734851  0.82850983328517946
  0.82947671986301041  0.83044360644084125  0.83141049301867220  0.83237737959650315
  0.83334426617433399  0.83431115275216494  0.83527803932999589  0.83624492590782673
  0.83721181248565768  0.83817869906348863  0.83914558564131947  0.84011247221915042
  0.84107935879698137  0.84204624537481232  0.84301313195264316  0.84398001853047411
  0.84494690510830506  0.84591379168613601  0.84688067826396685  0.84784756484179780
  0.84881445141962875  0.84978133799745958  0.85074822457529053  0.85171511115312148
  0.85268199773095243  0.85364888430878327  0.85461577088661422  0.85558265746444517
  0.85654954404227601  0.85751643062010696  0.85848331719793791  0.85945020377576875
  0.86041709035359970  0.86138397693143054  0.86235086350926149  0.86331775008709244
  0.86428463666492328  0.86525152324275423  0.86621840982058518  0.86718529639841602
  0.86815218297624697  0.86911906955407781  0.87008595613190876  0.87105284270973971
  0.87201972928757054  0.87298661586540149  0.87395350244323244  0.87492038902106328
  0.92588396607051715  0.94646392297215021  0.95568633476893106  1.00000000000000000
  0.00384312470753986  0.02907381745253952  0.03731430157174578  0.04590360179372446
  0.05488336717913318  0.07529406179983916  0.15957616045807554  0.21083659652458428
  0.21677553293620205  0.22271446934781983  0.22865340575943760  0.23459234217105532
  0.24053127858267304  0.24647021499429075  0.25183326012811658  0.25635253413477993
  0.26087180814144328  0.26539108214810664  0.26991035615476999  0.27500669995116006
  0.28025114671897183  0.28549559348678355  0.29074004025459532  0.29598448702240698
  0.30122893379021870  0.30647338055803042  0.31171782732584208  0.38421201120959203
  0.46849410986782836  0.55277620852606468  0.62821018174391408  0.64798679729449460
  0.65802276735433918  0.66805873741418387  0.67809470747402834  0.68813115265149227
  0.69817468325685561  0.70821821386221895  0.79164938618525127  0.79255553737517548
  0.79344459036751380  0.79433364335985224  0.79522269635219056  0.79611174934452889
  0.79700080233686732  0.79788985532920564  0.79877890832154397  0.79966796131388229
  0.80055701430622073  0.80144606729855905  0.80233512029089737  0.80322417328323581
  0.80411322627557413  0.80500227926791246  0.80589133226025089  0.80678038525258922
  0.80766943824492754  0.80855849123726597  0.80944754422960430  0.81033659722194262
  0.81122565021428095  0.81211470320661938  0.81288590847791264  0.81356697818537604
  0.81424804789283933  0.81492911760030273  0.81561018730776602  0.81629125701522942
  0.81697232672269271  0.81765339643015611  0.81833446613761940  0.81901553584508280
  0.81969660555254620  0.82037767526000949  0.82105874496747289  0.82173981467493618
  0.82242088438239958  0.82310195408986286  0.82378302379732626  0.82446409350478955
  0.82514516321225295  0.82582623291971624  0.82650730262717964  0.82718837233464304
  0.82786944204210633  0.82855051174956973  0.82923158145703302  0.82991265116449642
  0.83059372087195971  0.83127479057942311  0.83195586028688640  0.83263692999434979
  0.83331799970181319  0.91571790134176190  0.94290119806925454  1.00000000000000000
  0.11155658562978113  0.11507100114788174  0.11858541666598235  0.12209983218408296
  0.12607004434118424  0.13219229831843995  0.13831455229569570  0.14443680627295141
  0.21755792358490675  0.31047826486971647  0.40339860615452611  0.43820321934166828
  0.43931414335630298  0.44042506737093767  0.44153599138557237  0.44264691540020706
  0.44375783941484176  0.44486876342947645  0.44597968744411115  0.44709061145874585
  0.44820153547338060  0.44931245948801529  0.45042338350264999  0.45153430751728468
  0.45264523153191938  0.45375615554655407  0.45486707956118877  0.45597800357582347
  0.45708892759045816  0.45819985160509286  0.45931077561972761  0.46042169963436230
  0.46153262364899700  0.46264354766363169  0.46375447167826644  0.46486539569290114
  0.46597631970753584  0.46708724372217059  0.46819816773680528  0.46930909175143998
  0.47042001576607473  0.47153093978070942  0.47264186379534412  0.47375278780997887
  0.47486371182461357  0.47597463583924826  0.47708555985388296  0.47819648386851771
  0.47930740788315240  0.48041833189778710  0.48152925591242179  0.48264017992705649
  0.48375110394169119  0.48486202795632588  0.48597295197096063  0.48708387598559533
  0.48819480000023002  0.48930572401486472  0.49041664802949941  0.49152757204413411
  0.49263849605876880  0.49374942007340350  0.49486034408803820  0.49597126810267289
  0.49708219211730759  0.49819311613194234  0.49930404014657703  0.53470859480289123
  0.62762893608770087  0.72054927737251062  0.76728165590791064  0.79258222331165873
  0.81417780252907224  0.82206392670170125  0.82995005087433027  0.83783617504695940
  0.84572229921958852  0.85360842339221765  0.86149454756484667  0.86938067173747569
  0.87830664982001272  0.88981039877234658  0.90131414772468044  0.91281789667701441
  0.92432164562934838  0.93582539458168224  0.96126148713784776  0.96590770413511817
  0.97055392113238848  0.97520013812965878  0.97975887570946840  0.98380710056757481
  0.98785532542568111  0.99190355028378741  0.99595177514189381  1.00000000000000000
  0.01012295087178544  0.08843749359609150  0.09354165385884973  0.09864581412160797
  0.10374997438436620  0.10941112687200394  0.11512179316162949  0.12083245945125505
  0.14691569761290627  0.22801941603071349  0.30912313444852052  0.34027570165146920
  0.35017229250836407  0.35924510479152155  0.36776041808486992  0.37627573137821824
  0.38479104467156661  0.39330635796491492  0.40262635700860311  0.41228591956656130
  0.46098871126283064  0.54209242968063787  0.62319614809844492  0.70429986651625198
  0.78540358493405915  0.83539590488152682  0.84043847958596574  0.84548105429040465
  0.85052362899484346  0.85556620369928238  0.86060877840372130  0.86565135310816010
  0.87069392781259891  0.87573650251703783  0.88077907722147664  0.88582165192591555
  0.89086422663035436  0.89701497732521729  0.91731374155072787  0.91816774393243794
  0.91902174631414801  0.91987574869585820  0.92072975107756827  0.92158375345927834
  0.92243775584098842  0.92329175822269849  0.92414576060440867  0.92499976298611875
  0.92585376536782882  0.92670776774953889  0.92756177013124896  0.92841577251295915
  0.92926977489466922  0.93012377727637929  0.93097777965808937  0.93183178203979955
  0.93268578442150962  0.93353978680321970  0.93439378918492977  0.93524779156663984
  0.93610179394835002  0.93695579633006010  0.93758907283877424  0.93783461426153936
  0.93808015568430458  0.93832569710706981  0.93857123852983493  0.93881677995260016
  0.93906232137536527  0.93930786279813050  0.93955340422089562  0.93979894564366084
  0.94004448706642596  0.94029002848919119  0.94053556991195630  0.94078111133472153
  0.94102665275748665  0.94127219418025188  0.94151773560301710  0.94176327702578222
  0.94200881844854745  0.94225435987131256  0.94249990129407779  0.94274544271684291
  0.94299098413960813  0.94323652556237325  0.94348206698513848  0.94372760840790360
  0.94397314983066882  0.94421869125343394  0.94446423267619917  0.94470977409896439
  0.94495531552172951  0.94520085694449474  0.94532025257746377  1.00000000000000000
  0.09368478854497278  0.09882897970988329  0.10397317087479380  0.11480414541000034
  0.12576851696490213  0.13567608277849305  0.14558364859208398  0.15549121440567498
  0.16539878021926602  0.17530634603285694  0.18521391184644787  0.25648188772427338
  0.34615512735829224  0.35951207867329954  0.36538191006184351  0.37125174145038753
  0.37712157283893155  0.38299140422747557  0.38886123561601960  0.39473106700456356
  0.40060089839310764  0.40647072978165172  0.41234056117019580  0.44025012123050367
  0.52992336086452241  0.61959660049854126  0.70926984013256000  0.72998906259895580
  0.73104596570179381  0.73210286880463171  0.73315977190746962  0.73421667501030763
  0.73527357811314553  0.73633048121598355  0.73738738431882145  0.73844428742165946
  0.73950119052449736  0.74055809362733538  0.74161499673017328  0.74267189983301130
  0.74372880293584920  0.74478570603868721  0.74584260914152511  0.74689951224436302
  0.74795641534720103  0.74901331845003893  0.75007022155287695  0.75112712465571485
  0.75218402775855286  0.75324093086139077  0.75429783396422878  0.75535473706706668
  0.75641164016990470  0.75746854327274260  0.75852544637558061  0.75958234947841852
  0.76063925258125642  0.76169615568409443  0.76275305878693234  0.76380996188977035
  0.76486686499260825  0.76592376809544627  0.76698067119828417  0.76803757430112218
  0.76909447740396009  0.77015138050679810  0.77120581638542296  0.77225576492097314
  0.77330571345652321  0.77435566199207329  0.77540561052762347  0.77645555906317354
  0.77750550759872361  0.77855545613427379  0.77960540466982386  0.78065535320537394
  0.78170530174092412  0.78275525027647419  0.78380519881202426  0.78485514734757444
  0.78590509588312452  0.78695504441867459  0.78800499295422477  0.78905494148977484
  0.79010489002532491  0.79115483856087510  0.79506081153081154  0.80168326485627572
  0.80830571818173980  0.81467747161207416  0.82061618066771636  0.82655488972335844
  0.83249359877900064  0.91032676036597659  0.98140156666437794  1.00000000000000000
  0.13555067380269364  0.14719219769930297  0.18026504069312124  0.26559879955303484
  0.35093255841294863  0.43626631727286225  0.47966577412342759  0.48066948124704273
  0.48167318837065792  0.48267689549427306  0.48368060261788826  0.48468430974150339
  0.48568801686511859  0.48669172398873378  0.48769543111234892  0.48869913823596411
  0.48970284535957925  0.49070655248319445  0.49171025960680964  0.49271396673042478
  0.49371767385403997  0.49472138097765511  0.49572508810127031  0.49672879522488550
  0.49773250234850064  0.49873620947211583  0.49973991659573097  0.50074277863725480
  0.50174534511017099  0.50274791158308729  0.50375047805600359  0.50475304452891989
  0.50575561100183619  0.50675817747475249  0.50776074394766879  0.50876331042058498
  0.50976587689350128  0.51076844336641758  0.51177100983933388  0.51277357631225018
  0.51377614278516648  0.51477870925808278  0.51578127573099908  0.51678384220391527
  0.51778640867683157  0.51878897514974787  0.51979154162266417  0.52079410809558047
  0.52179667456849677  0.52279924104141307  0.52380180751432937  0.52480437398724566
  0.52580694046016196  0.52680950693307826  0.52781207340599456  0.52881463987891086
  0.52981720635182705  0.53081977282474335  0.53182233929765965  0.53282490577057595
  0.53382747224349225  0.53483003871640855  0.53583260518932485  0.53683517166224115
  0.53783773813515745  0.53884030460807375  0.53984287108099005  0.54084543755390635
  0.54337081518142039  0.55279260319186174  0.56221439120230299  0.64524698103770695
  0.70978824544311647  0.71536881137469366  0.72094937730627096  0.72652994323784814
  0.73206079508444977  0.73754711931366890  0.74303344354288792  0.74851976777210705
  0.75400609200132607  0.75949241623054520  0.76497874045976422  0.77046506468898335
  0.78063950774464574  0.79115128343301144  0.87281658543286000  0.93902387746612281
  0.94532102149348374  0.95161816552084455  0.95791530954820547  0.96055381416626739
  0.96293217811169840  0.96531054205712941  0.96710825363794961  1.00000000000000000
  0.03448062737782803  0.03604239801757882  0.03760416865732961  0.03916593929708040
  0.04072770993683119  0.04370496392411093  0.04881620624076716  0.05392744855742338
  0.05903869087407961  0.08903796833667588  0.17124856178501296  0.25345915523334989
  0.27539846233603504  0.28118690641431887  0.28697535049260270  0.29273656682056820
  0.29838135735628091  0.30402614789199367  0.30967093842770638  0.31531572896341908
  0.32096051949913179  0.32660531003484450  0.33225010057055721  0.33976092827171556
  0.34771488367064440  0.35581989463433145  0.36457368447471461  0.37332747431509777
  0.38208126415548094  0.39083505399586410  0.40521978369475603  0.42709883682144206
  0.44897788994812798  0.47944278269609791  0.48030838384191998  0.48117398498774211
  0.48203958613356418  0.48290518727938631  0.48377078842520838  0.48463638957103050
  0.48550199071685257  0.48636759186267464  0.48723319300849677  0.48809879415431884
  0.48896439530014096  0.48982999644596303  0.49069559759178516  0.49156119873760723
  0.49242679988342936  0.49329240102925143  0.49415800217507355  0.49502360332089562
  0.49588920446671775  0.49675480561253982  0.49762040675836194  0.49848600790418401
  0.49935160905000614  0.50016637255077290  0.50082938134754340  0.50149239014431390
  0.50215539894108452  0.50281840773785502  0.50348141653462553  0.50414442533139603
  0.50480743412816664  0.50547044292493715  0.50613345172170765  0.50679646051847815
  0.50745946931524877  0.50812247811201927  0.50878548690878977  0.50944849570556028
  0.51011150450233089  0.51077451329910140  0.51143752209587190  0.51210053089264240
  0.51276353968941302  0.51342654848618352  0.51408955728295402  0.51475256607972453
  0.51541557487649514  0.51607858367326565  0.51674159247003615  0.51740460126680665
  0.51806761006357727  0.51873061886034777  0.51939362765711827  0.52005663645388878
  0.52071964525065939  0.58894703275831506  0.67115762620665209  0.75336821965498901
  0.81141621271769204  0.81141621271770203  0.81141621271771203  1.00000000000000000
  0.00385463549661570  0.00411096797808751  0.00436730045955933  0.00462363294103115
  0.00487996542250297  0.00513629790397479  0.00539263038544661  0.00564896286691843
  0.00590529534839025  0.00616162782986206  0.00641796031133388  0.00667429279280570
  0.00693062527427752  0.00718695775574934  0.00744329023722116  0.00769962271869298
  0.00795595520016480  0.00821228768163662  0.00846862016310844  0.00872495264458026
  0.00898128512605208  0.00923761760752390  0.00949395008899572  0.00975028257046754
  0.01000661505193936  0.01026294753341118  0.01051928001488300  0.01077561249635482
  0.01103194497782664  0.01128827745929846  0.01154460994077028  0.01180094242224210
  0.01205727490371392  0.01231360738518574  0.01256993986665757  0.01282627234812938
  0.01308260482960120  0.01333893731107303  0.01359526979254485  0.01385160227401666
  0.01410793475548849  0.01436426723696031  0.01462059971843213  0.01487693219990395
  0.01513326468137577  0.01538959716284759  0.01564592964431941  0.01590226212579123
  0.01615859460726305  0.01641492708873487  0.01667125957020669  0.01692759205167851
  0.01718392453315033  0.01744025701462215  0.01769658949609397  0.01795292197756579
  0.01820925445903761  0.01846558694050943  0.01872191942198125  0.01897825190345307
  0.01923458438492489  0.01949091686639671  0.01974724934786853  0.02000358182934035
  0.02025991431081217  0.02051624679228399  0.02077257927375581  0.04774296307584751
  0.08249815813141691  0.08281169707145511  0.08281169707146512  0.08281169707147512
  0.08281169707148513  0.08281169707149513  0.08281169707150514  0.08281169707151514
  0.08281169707152515  0.08281169707153516  0.08281169707154516  0.08281169707155517
  0.08281169707156517  0.08281169707157518  0.08281169707158519  0.08281169707159519
  0.08281169707160520  0.08281169707161520  0.08281169707162521  0.08281169707163522
  0.08281169707164522  0.08281169707165523  0.08281169707166523  0.08281169707167524
  0.08281169707168524  0.08281169707169525  0.08281169707170526  1.00000000000000000
  0.17052930196126309  0.23470249909940130  0.24023833153213589  0.24577416396487045
  0.25146100673765004  0.25763498438943078  0.26380896204121151  0.26998293969299225
  0.27168061808375438  0.27266324878941317  0.27364587949507191  0.27462851020073065
  0.27561114090638938  0.27659377161204818  0.27757640231770692  0.27855903302336565
  0.27954166372902445  0.28052429443468319  0.28150692514034192  0.28248955584600072
  0.28347218655165946  0.28445481725731819  0.28543744796297699  0.28642007866863572
  0.28740270937429446  0.28838534007995320  0.28936797078561199  0.29035060149127073
  0.29133323219692947  0.29231586290258826  0.29329849360824700  0.29428112431390574
  0.29526375501956448  0.29624638572522322  0.29722901643088195  0.29821164713654069
  0.29919427784219943  0.30017690854785817  0.30115953925351696  0.30214216995917570
  0.30312480066483444  0.30410743137049318  0.30509006207615191  0.30607269278181065
  0.30705532348746939  0.30803795419312813  0.30902058489878692  0.31000321560444566
  0.31098584631010440  0.31196847701576313  0.31295110772142187  0.31393373842708061
  0.31491636913273935  0.31589899983839809  0.31688163054405682  0.31786426124971562
  0.31884689195537436  0.31982952266103309  0.32081215336669183  0.32179478407235057
  0.32277741477800931  0.32376004548366805  0.32474267618932678  0.32572530689498552
  0.32670793760064432  0.32769056830630305  0.32867319901196179  0.32965582971762053
  0.33063846042327927  0.33162109112893801  0.33260372183459674  0.35489970734199150
  0.43865533035736454  0.52241095337273757  0.60616657638811078  0.64261668617051981
  0.66534383557758436  0.68960423235510582  0.73428228604969092  0.74397748798242125
  0.75367268991515146  0.76336789184788167  0.77306309378061200  0.78275829571334232
  0.79846399996051609  0.88221962297588918  0.93936001828237670  0.94483098032808643
  0.95030194237379628  0.95577290441950602  0.95976188928296080  0.96244716205823744
  0.96513243483351419  0.96781770760879093  0.96983504692713418  1.00000000000000000
  0.20949744780858370  0.23049364148497514  0.26367641739164899  0.31656187191240470
  0.32582599515873800  0.33509011840507130  0.34435424165140466  0.35361836489773807
  0.36288248814407131  0.37214661139040461  0.43516530383214413  0.50155812349429463
  0.50768526012884108  0.51381239676338764  0.51993953339793408  0.52606667003248064
  0.53219380666702720  0.53832094330157376  0.54444807993612021  0.55057521657066677
  0.55670235320521322  0.56279096199548029  0.56820164143575680  0.57361232087603342
  0.57902300031630993  0.58443367975658655  0.58984435919686318  0.59525503863713980
  0.60066571807741631  0.60607639751769293  0.61148707695796956  0.61689775639824607
  0.62230843583852258  0.66869366289275955  0.71397084293961599  0.72433236338410889
  0.73469388382860179  0.74505540427309458  0.75541692471758748  0.76577844516208027
  0.81536184134586764  0.89590163068058104  0.89681897693829293  0.89773632319600483
  0.89865366945371683  0.89957101571142872  0.90048836196914062  0.90140570822685251
  0.90232305448456440  0.90324040074227641  0.90415774699998830  0.90507509325770019
  0.90599243951541208  0.90690978577312409  0.90782713203083598  0.90874447828854787
  0.90966182454625977  0.91057917080397177  0.91149651706168366  0.91241386331939556
  0.91333120957710745  0.91424855583481945  0.91516590209253135  0.91608324835024324
  0.91692248068110527  0.91762523717374878  0.91832799366639217  0.91903075015903557
  0.91973350665167908  0.92043626314432248  0.92113901963696587  0.92184177612960938
  0.92254453262225278  0.92324728911489617  0.92395004560753968  0.92465280210018308
  0.92535555859282648  0.92605831508546999  0.92676107157811338  0.92746382807075678
  0.92816658456340029  0.92886934105604368  0.92957209754868708  0.93027485404133048
  0.93097761053397399  0.93168036702661738  0.93238312351926078  0.93308588001190429
  0.93378863650454769  0.93449139299719108  0.93519414948983459  0.93589690598247799
  0.93659966247512139  0.93730241896776489  0.98273104826609303  1.00000000000000000
   3.7469693682792172E-014  -1.0000000000000000     
 F F F F F F F F F F F F F F F F F F F F F F F F F F F F F F F F F F F F F F F F F F F F F F F F F F F F F F F F F F F F F F F F F F F F F F F F F F F F F F F F F F F F F F F F F F F F F F F F F F F F F F F F F F F F F F F F F F F F F F F F F F F F F F F F F F F F F F F F F F F F F F F F F F F F F F F F F F F F F F F F F F F F F F F F F F F F F F F F F F F F F F F F F F F F F F F F F F F F F F F F F F F F F F F F F F F F F F F F F F F F F F F F F F F F F F F F F F F F F F F F F F F F F F F F F F F F F F F F F F F F F F F F F F F F F F F F F F F F F F F F F F F F F F F F F F F F F F F F F F F F F F F F F F F F F F F F F F F F F F F F F F F F F F F F F F F F F F F F F F F F F F F F F F F F F F F F F F F F F F F F F F F F F F F F F F F F F F F F F F F F F F F F F F F F F F F F F F F F F F F F F F F F F F F F F F F F F F F F F F F F F F F F F F F F F F F F F F F F F F F F F F F F F F F F F F F F F F F F F F F F F F F F F F F F F F F F F F F F F F F F F F F F F F F F F F F F F F F F F F F F F F F F F F F F F F F F
  <DiscreteSampler_grid>
  grouped_processes
  1 # 1 for a reference and 2 for a running grid.
  10 # Attribute 'min_bin_probing_points' of the grid.
  1 # Attribute 'grid_mode' of the grid. 1=='default',2=='initialization'
  0.0000000000000000 # Attribute 'small_contrib_threshold' of the grid.
  0.5000000000000000 # Attribute 'damping_power' of the grid.
 # binID   n_entries weight   weight_sqr   abs_weight
    10   10   6.330136672442839E+000   4.001571302851822E+002   6.330136672442839E+000
  </DiscreteSampler_grid>
