  0.00326280138496146  0.01252114857353930  0.02214181053243616  0.03020498512636431
  0.03998055636561610  0.04857377178599943  0.05749315883173146  0.06804123769274015
  0.08401229120116131  0.09658334168159077  0.10702112749993643  0.11419657670007283
  0.12057211975241366  0.12775870006580436  0.13612727445823272  0.14675218554941311
  0.16199322448941680  0.18274571503601492  0.19923414453570845  0.20974899264156371
  0.21859551035171007  0.22907597028620799  0.24103476583212860  0.25439373346715882
  0.26740901664670785  0.27963719723549607  0.29189563966445742  0.29717793429313238
  0.30386173421209134  0.31409117617220583  0.32247887801809344  0.33074372470421742
  0.33948113072720199  0.34721692729082004  0.35688385034438691  0.37149958636477071
  0.38787395292619675  0.40187107519372128  0.41370484672382452  0.42485808159778232
  0.43756882053575452  0.45202110942587925  0.46925474527582223  0.49301959805462203
  0.51535573140731850  0.52492288094227180  0.53450313928596815  0.54391828537667430
  0.55420431594976327  0.56517380901733238  0.58114896679505279  0.60000543753343671
  0.61628728491581219  0.62845739480397789  0.63733108856704157  0.64622947088712646
  0.65645664943078441  0.66868692960931431  0.68463039642288914  0.70246838019916269
  0.71573660467088540  0.72452456346278227  0.73293664920397628  0.74174088479158540
  0.75320473552082412  0.76687041721651839  0.78551603434822315  0.80475180141203573
  0.82244181813565653  0.83401590307415929  0.84007487029880257  0.84458697916348857
  0.84802712276563397  0.85097750332842537  0.85414732982093899  0.85873085903459467
  0.86469991706494653  0.87043002294767435  0.87572968145426611  0.88366453162308622
  0.89073109035434772  0.89650480369952701  0.90075500743729231  0.90527743458435617
  0.91124876725463022  0.91632499350866758  0.92028870677456209  0.92525467353297741
  0.93131802955182086  0.93759587398820932  0.94449742002699888  0.95250982171692566
  0.96201860974795039  0.97162932864003038  0.98319043510048942  1.00000000000000000
  0.00853709314888871  0.00871213995480018  0.00908830379757936  0.00966770233830383
  0.01049492678507316  0.01146659071731457  0.01262404040819534  0.01439520005099240
  0.01657666514848553  0.01880856958373448  0.02057984358419135  0.02270034370322803
  0.02516132760366509  0.02866147357217837  0.03336558980686855  0.03895810077338032
  0.04634742682723982  0.05444392551543812  0.06220642918666885  0.07138233886040497
  0.08924844913723334  0.11431659110204001  0.13921317777188474  0.16265996467638030
  0.17677745386551452  0.18815029440634631  0.19953088198205135  0.20914948852194851
  0.22402870976546163  0.23921704764041574  0.25511269713750079  0.26982378557162223
  0.29455102767374447  0.31999044844331820  0.33977487366962827  0.35447562776868535
  0.36772719307208562  0.37594504819761382  0.38639050421646909  0.40659203028039553
  0.42380001617356405  0.43501067831359619  0.44443920069219567  0.45305158673577978
  0.46780440162048342  0.48719532724989811  0.50771543779722905  0.52723061346465716
  0.54606473463172855  0.56649222963112855  0.58836635175873409  0.61256563967742406
  0.63598086919673724  0.65798060667769387  0.67727055824782156  0.69991311407876344
  0.71959012261049815  0.73888850816890317  0.75245989689844361  0.76535483537576943
  0.77895403737653957  0.79150612600981485  0.80249642287655076  0.81369046255263622
  0.82390761490035047  0.83338832684532294  0.84485089955315096  0.85590669119778950
  0.86382208101338365  0.87702222046288369  0.89289804115391358  0.90957052918549575
  0.92448411854279844  0.93625906038798079  0.94250699674371607  0.94765615946003123
  0.95294465105508930  0.95879541878417329  0.96129120115176570  0.96390843205750742
  0.96653421760235070  0.96847237599736280  0.97084331558269577  0.97477237323308308
  0.97827327490640736  0.98003550790048277  0.98144665453353419  0.98266947283952455
  0.98384753488645371  0.98496190349662982  0.98600835783548846  0.98714108126632494
  0.98844266300900452  0.98933147651563358  0.99018066317503162  1.00000000000000000
  0.00181355465945931  0.01577172437428702  0.03116788416019915  0.04511086189196278
  0.05876774904248504  0.07414612103719145  0.09140220107574447  0.10552609654605739
  0.11879172654986030  0.13097177703362078  0.14137939461829507  0.14899305647390063
  0.15633077325589226  0.16385055770531060  0.17302931570084490  0.18416134607383972
  0.19114904277304712  0.19957236096337502  0.21062602820965795  0.22605528814307196
  0.24276922907078255  0.25386084188901487  0.26254001534177640  0.27203193198931647
  0.28100782371249333  0.28994937476064181  0.30068841846301897  0.31329152064434573
  0.32450528845284160  0.33519430045129683  0.34521062307828393  0.35665994193582468
  0.36688749916711677  0.37590388180700651  0.38667219001109371  0.40245129988553369
  0.41779769190640598  0.42588490259311806  0.43354154274028067  0.44075864419698763
  0.44796449772823760  0.45613875344871552  0.46260816830582457  0.46770669893382127
  0.47203206989141533  0.47793225463762012  0.48973374010615794  0.50266551248064117
  0.51176320657630225  0.51989788496153178  0.52866938886230541  0.53600035034844240
  0.54329431152967178  0.55058670276005250  0.55692157136487042  0.56440778816525750
  0.57310726238388565  0.58272201319740180  0.58918670028657971  0.59614831349911568
  0.60388118558939419  0.61256430396201167  0.62340422947551377  0.63541186686971762
  0.64902399674551481  0.66412286991289304  0.68017330445085922  0.70039989614632314
  0.71788926956873267  0.73579492898960674  0.75548262842123448  0.77427061569478217
  0.78885954135727876  0.80043799049378606  0.81408430298384371  0.82703060857037147
  0.83631424266126020  0.84388266156988834  0.85045310159675880  0.85627180530478819
  0.86203130406137152  0.87013680725738929  0.87624063923269235  0.88072162006897847
  0.88865687413192240  0.89878076015057284  0.90799486781081351  0.91630016360549127
  0.92180133056395763  0.92791637943672400  0.93545094051232058  0.94695121759584922
  0.95986300471058517  0.97291470346666920  0.98628874610441497  1.00000000000000000
  0.00775510924458673  0.01087072816343474  0.01474789412903372  0.01920917391056134
  0.02423598031694221  0.02985181817892499  0.03608785736812738  0.04335781049761003
  0.05134693543849633  0.05783075627433239  0.06418376412051061  0.07089396734272459
  0.07765066774934813  0.08571848678928413  0.09183907788889527  0.10014009776508101
  0.10563409930910941  0.11183774484676977  0.11927102806353883  0.12847977467113514
  0.13592953468031907  0.14330345729468913  0.16138568590861574  0.18432212305657494
  0.20654523518832757  0.21849324361051223  0.22962617394186952  0.24000190931056808
  0.25001897516204408  0.26075390007147564  0.27241494283328260  0.29558945112476898
  0.31990544616249955  0.33959717674427597  0.35284413277326448  0.36694968343959111
  0.38511685021521563  0.41645161106033318  0.43945095575863841  0.46145001209100112
  0.48208299935082771  0.50467840419317134  0.52270167198143958  0.54168670062996471
  0.55805932250492463  0.56984304208200820  0.58375779636216107  0.60169688233655261
  0.62701914864483654  0.64660505242447508  0.66159843080650382  0.67786067838419184
  0.69415083889501794  0.71018914579982784  0.72234501639677329  0.73135816598392811
  0.74162086341951428  0.75320472110302161  0.77264385835881644  0.79569331306881486
  0.80722413904993828  0.81582544272487045  0.82443756286165104  0.83357830186756909
  0.84330865002603828  0.85610147771579925  0.86695808967155430  0.87480227674339794
  0.88202170579684935  0.88978222307429111  0.89837124037443583  0.90774949007541306
  0.91579234023165590  0.92236223571057951  0.92793976409392753  0.93358328187536554
  0.94028792146436413  0.94882326938665396  0.95764693666082512  0.96316882970339845
  0.96712881891700786  0.97053683729594720  0.97255877060107854  0.97445718413280624
  0.97638058287362239  0.97805629763845270  0.97977486024559179  0.98164573892570905
  0.98325831172892542  0.98477901168706805  0.98621847399552987  0.98755362061763630
  0.98868368835133547  0.98952619870644121  0.99015005049272975  1.00000000000000000
  0.00000000077281666  0.00000000082783186  0.00000000086689082  0.00000000090302990
  0.00000000093583723  0.00000000096776862  0.00000000099484292  0.00000000102191721
  0.00000000104820271  0.00000000107442057  0.00000000109844523  0.00000000112231662
  0.00000000115101203  0.00000000118047373  0.00000000121058582  0.00000000124148124
  0.00000000127402470  0.00000000130098657  0.00000000132134627  0.00000000134055760
  0.00000000135770976  0.00000000137940859  0.00000000140960860  0.00000000143711300
  0.00000000145691785  0.00000000147117554  0.00000000149569388  0.00000000152181475
  0.00000000153732027  0.00000000155360439  0.00000000157222772  0.00000000158909407
  0.00000000160872486  0.00000000162640782  0.00000000164600181  0.00000000167087911
  0.00000000170643702  0.00000000174277130  0.00000000177433581  0.00000000181083407
  0.00000000185486330  0.00000000190450020  0.00000000195327968  0.00000000199601535
  0.00000000204010559  0.00000000209117298  0.00000000215741203  0.00000000222699981
  0.00000000227358526  0.00000000232377415  0.00000000236705512  0.00000000241550877
  0.00000000247536170  0.00000000253970413  0.00000000259891853  0.00000000267352453
  0.00000000279427152  0.00000000294875342  0.00000000309400070  0.00000000322073594
  0.00000000338537662  0.00000000360655836  0.00000000384572360  0.00000000406089195
  0.00000000426738098  0.00000000447929562  0.00000000471499396  0.00000000501220386
  0.00000000536089292  0.00000000570904248  0.00000000611052046  0.00000000650666314
  0.00000000693773088  0.00000000751800594  0.00000000841338969  0.00000000955050761
  0.00000001097699054  0.00000001260499376  0.00000001433389386  0.00000001869806028
  0.00000002355697714  0.00000002827001552  0.00000003378784220  0.00000004362664592
  0.00000005716301695  0.00000007673056115  0.00000014396468885  0.00000050020403235
  0.00000299446874693  0.00002378738953634  0.00014273463967759  0.00060159216354496
  0.00148403251432632  0.01478486710945614  0.54964019053361435  1.00000000000000000
  0.00019142528611577  0.00053723270740897  0.00071420132027687  0.00082037421749064
  0.00092248928637512  0.00101264989097243  0.00112878566535561  0.00122616860053147
  0.00133795466725978  0.00142349263247083  0.00150466897132718  0.00157346074612708
  0.00164403793953122  0.00169369387802521  0.00177173261743093  0.00187080482045179
  0.00199727715311639  0.00213860225048015  0.00228070359045973  0.00242350801146890
  0.00256918090560399  0.00269513764339076  0.00280719312042309  0.00292926282073072
  0.00306763093625236  0.00318228316808229  0.00325313845737589  0.00333004559847080
  0.00344921678476820  0.00366424487445464  0.00387998678649330  0.00410010031039914
  0.00430864413974553  0.00450739767104775  0.00466729939213922  0.00481232697156017
  0.00496965432660873  0.00517881858454836  0.00543160782273129  0.00568757107140589
  0.00591198684489038  0.00614667272992052  0.00637472948522831  0.00654813962241816
  0.00668444992244909  0.00682781434634917  0.00697877395346724  0.00715104660333545
  0.00731913721596507  0.00750770048108442  0.00769402857175055  0.00786941228214180
  0.00803999933585041  0.00822033359724406  0.00839268773862644  0.00860637130214333
  0.00889461462576110  0.00931848301742126  0.00986118097072516  0.01044913905828443
  0.01102001220236987  0.01170652608407720  0.01249677657862568  0.01334096431200858
  0.01408174830791283  0.01467437295236436  0.01526886954988987  0.01599401774333183
  0.01665041206463719  0.01742627060929912  0.01842954884745383  0.01960756693237719
  0.02083507521860630  0.02168016309468243  0.02225209466245879  0.02267161173388739
  0.02318348133191811  0.02380859578999792  0.02462993938342156  0.02530674204542326
  0.02583065032231678  0.02611873948499193  0.02636223934981587  0.02676633699435659
  0.02718503636476122  0.02762110119254625  0.02817802788875614  0.02932842874093980
  0.03071342504556848  0.03145429574475934  0.03331124194267613  0.03624754673003566
  0.03971813513391877  0.04704185931625409  0.25139573809207322  1.00000000000000000
 -0.00383541382919781  0.01541225331733951  0.02987077230883101  0.04271163078091311
  0.05204743223547417  0.06088742958117400  0.06925494348781389  0.07989300778536491
  0.09246152143512436  0.10460637325690965  0.11490754968160763  0.12387595153372807
  0.13175189610589316  0.13846623844828235  0.14554734360231539  0.15291797505947061
  0.16079222971674639  0.16994672038285230  0.18100004679464837  0.19373852540571052
  0.20491309920668016  0.21674948646919423  0.23029822166297212  0.23562301057471510
  0.24054687393975568  0.24527618516454155  0.25096784043043913  0.25861803199544703
  0.26926288104374513  0.28115045603238342  0.29263320313894803  0.30249889821193504
  0.31035082926079732  0.31921802631809226  0.32969898960962979  0.34212679290829617
  0.35527894344228417  0.36766756680745710  0.37887718293559436  0.38923835306154630
  0.39906354082474765  0.40788320015348800  0.41549480294815783  0.42254051296891981
  0.42978455766907009  0.43444473417505242  0.43800137249824794  0.44363034774927501
  0.45100578614960579  0.45693978091702903  0.46219923073193592  0.46711357099416112
  0.47260632496153715  0.47770965283840017  0.48356154914505167  0.49321153260418482
  0.50291668623036434  0.51183106432641567  0.52576944538632131  0.54234990476655287
  0.55663373695430374  0.56834461812128223  0.57822574470904287  0.58652861519222821
  0.59312210024891665  0.59951903800278750  0.60923859502991962  0.61928489453464175
  0.63039340700974333  0.63910513939345603  0.64699380615944124  0.66068554562677029
  0.67403959878648623  0.68761699098713114  0.70053328696624406  0.71425800021852459
  0.72829300554208731  0.74156038909132138  0.76240852280861737  0.78425422523748978
  0.80490373795669301  0.82294694354796405  0.83762568582947150  0.84850424772492228
  0.85489164771104575  0.86190958228641423  0.87097375608948435  0.87808634226393401
  0.88558977140447259  0.89505079465223270  0.90642924681702086  0.91826717685047488
  0.93292362548710450  0.95263639090469898  0.97487523402221465  1.00000000000000000
 -0.00558015634879691  0.02986901454870821  0.05010412311394195  0.06109679143782756
  0.07039404843511890  0.08026649891648940  0.08872554051557277  0.09651718828066390
  0.10325494259092600  0.10876398415100601  0.11381716469670980  0.11803718671677842
  0.12229526408549653  0.12761257292029041  0.13122235290879125  0.13881272818346110
  0.15008957141996340  0.15879300184091705  0.16713251865928608  0.17757168853760200
  0.19073335263267308  0.20369915409012693  0.21758440821717989  0.23238105497393244
  0.24855746130435577  0.26217390668347590  0.27097519447963053  0.28014157975127346
  0.29010124528919340  0.30152900252196607  0.31348339666960195  0.32522404376562347
  0.33642650465205182  0.34768765912416244  0.36018455135772687  0.37602061047111646
  0.39508312140370172  0.41048220766487714  0.42084201013445638  0.42945162899406808
  0.43687912338970347  0.44390366095196127  0.45261996993060843  0.46413720853202634
  0.47785177162661630  0.48938445421228138  0.49762715646351591  0.50763774250063776
  0.51890530871046869  0.53221471655449715  0.54691185652010210  0.55923220230078419
  0.56928096011358609  0.57742922072565472  0.58697589230215175  0.59765208318321017
  0.60538675180818635  0.61410360381625284  0.62372719817239997  0.62969762715871058
  0.63647736338483007  0.64318938778908996  0.64747186678603763  0.65071555039072115
  0.65460848883702105  0.65834119960459070  0.66263380858132426  0.66809272161992539
  0.67517898369686402  0.67979442890731245  0.68474574863394100  0.69924084725022650
  0.72539599099458063  0.74308934207045463  0.76120878978871920  0.77787250027633470
  0.78937469299204532  0.79909740975363597  0.80790962727727034  0.81633439002661812
  0.82636454782908941  0.83723258730530203  0.84831560988587251  0.86097630116314605
  0.87638079423279769  0.89275432054341808  0.90971219132979819  0.92624485345267182
  0.93982972705930401  0.95285210433600098  0.96073276752308856  0.96864100029738065
  0.97442163531997794  0.98029410714826315  0.98828540697102329  1.00000000000000000
 -0.00508716843476221  0.01073673387800007  0.02452019446325499  0.03746567229189773
  0.04981666538092928  0.06118606170478337  0.06979614919961936  0.07629250111298461
  0.08420031151189225  0.09479225434538731  0.10206704137894688  0.10776050391345497
  0.11419817288259097  0.12261879352806705  0.13050273388986389  0.14438842735234869
  0.16019412582132794  0.17754951268665961  0.19245051918432907  0.20453858698105071
  0.21595476471264419  0.22985160578666666  0.24334328624179838  0.25549845936189047
  0.26652776788511384  0.27676973284109196  0.28621490665061394  0.29596893037778388
  0.30740767132054503  0.31995647631593555  0.33380711739144336  0.34695915788292075
  0.35824250050661322  0.36574417226856859  0.37316189602841532  0.38015067559177546
  0.38578500976145036  0.39365450075972502  0.40140413275844672  0.41110282425098055
  0.42476465233749261  0.43900672288488080  0.44831691259141665  0.45874648512248428
  0.46906593170532584  0.47986161900068841  0.49039504103863085  0.50202438873019006
  0.51451091486138223  0.52713632281947531  0.53466418555750095  0.54237400785565792
  0.54836056344623829  0.55500892819132186  0.56056048000366565  0.56496458981254949
  0.56927164470448732  0.57258570646155393  0.57577965427541400  0.57964683254554528
  0.58361269250126191  0.58758270784908129  0.59276317172057968  0.59980874958471597
  0.60645892144825131  0.61195589469790301  0.61541614691030677  0.61791542075227235
  0.62079465871098971  0.62587290227115433  0.63313756612107064  0.64090411166417705
  0.64929406183528460  0.65654174179431235  0.66670721073771366  0.68006171733770682
  0.69370114426969554  0.71096367977483332  0.73081049457894953  0.74851310920550607
  0.76390492255774001  0.77745853949731880  0.79109017271991733  0.80789215000453207
  0.82509919278147181  0.83999708077496626  0.85336865964375319  0.86723309125757309
  0.88018589568943961  0.89159175578244643  0.90719941898415724  0.92217313555167990
  0.93887680707910326  0.95826417209077364  0.97918343748511516  1.00000000000000000
 -0.00751809143655212  0.01730761909314620  0.03822072814940954  0.05519546550881613
  0.06727931792389906  0.07645316081478419  0.08371111699060443  0.09139727437121807
  0.09990692155349391  0.10882220399604051  0.11876134957346419  0.13388082703429180
  0.14575176035197906  0.15733903494281673  0.16851212627061463  0.17883668753049009
  0.19039366071509115  0.20306067863401187  0.21594255284550953  0.22915813588802342
  0.24287677604613414  0.25831384630664306  0.27040611386354962  0.27648168490472996
  0.28160293593410318  0.28837939771790405  0.29950666943868920  0.31030311300119001
  0.31850960563673680  0.32684943687245904  0.33611424139663632  0.34850893154661849
  0.36125000982787869  0.37414254933991331  0.38820104683888856  0.40048332178620449
  0.40872672227392665  0.41698053782490657  0.42372047059618811  0.43130760543221969
  0.43654224156229532  0.44093551809587622  0.44699134569963744  0.46090657852921646
  0.48078277347612952  0.49434027075153619  0.50340138472889484  0.51186075973726131
  0.52013513784684062  0.52815572836593339  0.53614211046534466  0.54539249979147153
  0.55656440267165253  0.56855639566752059  0.58152437873941931  0.59396569820875922
  0.60600592485584781  0.61621221065912857  0.62765470110388455  0.63685512734450855
  0.64550642576532691  0.65318641247524178  0.66151866831573813  0.67050373710065769
  0.68094419562075381  0.69193523158100922  0.69944264456420335  0.70683702296636541
  0.71529302098281300  0.72840613649510455  0.73866601403617904  0.74624503524039676
  0.75308286960071658  0.75897055591881046  0.76845019600931319  0.78266610186689833
  0.79996723596509844  0.82006981926570233  0.84076030601229634  0.85544515670204901
  0.86842025579800075  0.87910418651217737  0.88961609917267626  0.90127211668205442
  0.91006396701626413  0.91566251805072862  0.92023134441112919  0.92421868935375928
  0.92856133189783985  0.93193556663902366  0.93462242646403493  0.94024539108712535
  0.95170010964967522  0.96915083117730993  0.98492910372556608  1.00000000000000000
 -0.00278420529188988  0.00728419180954736  0.01711748983652947  0.02525872605994212
  0.03312175692752614  0.04392197961126807  0.05474957876702470  0.06289313024443502
  0.06987193415604585  0.07858969677332869  0.08791527317094623  0.09463306794454560
  0.10020077650442154  0.10625213114746615  0.11321665545319791  0.12321858553758849
  0.13464440934374552  0.14575350940715617  0.15428036518053909  0.16229131119257859
  0.16915873249103139  0.17575859487895198  0.18306259860307639  0.19225051035511234
  0.20167642739882380  0.21079865543661830  0.22082348722851899  0.23170485820816075
  0.24264505671680534  0.25368146387862683  0.26557936371983515  0.27966943489813373
  0.29754215391902605  0.31204600354309237  0.32617026106313618  0.33625478114150631
  0.34225622841342801  0.34797340957694950  0.35573392767605250  0.36531450293000267
  0.37448087797759838  0.38372092590298185  0.39600280288198059  0.41702687043822650
  0.43651040519544448  0.45090695798712599  0.46346548898119699  0.47625082997627416
  0.49012792344210476  0.50196692301397217  0.51191752140572155  0.52180994473412690
  0.53033680995318033  0.53692658740881150  0.54651020594228794  0.55680236810569406
  0.56670587043585618  0.57899270973142802  0.59499208078111254  0.60617588810978806
  0.61525357457762786  0.62451637747002842  0.63525609408040873  0.64616032141618607
  0.65739399051421976  0.66896077805903431  0.68051168294392617  0.69706023545331930
  0.71231302188404655  0.72295831681544631  0.73089242415484401  0.73959887284513282
  0.74724626849800890  0.75522079093333205  0.76581769659005783  0.77846027543257257
  0.79327397450686687  0.81454214211820619  0.83349252663394047  0.85153900316475895
  0.87000687453709658  0.88534679694763929  0.89955078787635423  0.91119201193933852
  0.92034243860442300  0.92819265738265722  0.93588278955852411  0.94577036613644927
  0.95561001662525247  0.96176635735859672  0.96917867916295641  0.97660090139719891
  0.98340943494148203  0.99013677349347617  0.99503489034862835  1.00000000000000000
 -0.00572860495083169  0.02177200411850003  0.03874260708413519  0.05526649752541830
  0.06388536751110478  0.07228513046230271  0.08115800799529525  0.09390906886313505
  0.11176934104028638  0.13132843741270989  0.14575927547578932  0.15665545378110676
  0.16751653249610385  0.17856011622781909  0.19108693957163359  0.20524373546206928
  0.22127330238344961  0.23332185152316071  0.24206132872715633  0.24989617266858294
  0.25887863396278171  0.27021712120787744  0.28166666330076079  0.29336271477808895
  0.30550009311756487  0.31740794874692818  0.32926257455954244  0.34276989944062480
  0.35827456978095512  0.37165965901270098  0.38221336324550781  0.39323320368497622
  0.39975025553526639  0.40781617177190027  0.41450629514131598  0.42040130625476119
  0.42772742250317985  0.43466883877658791  0.43973509080906509  0.44637608568990250
  0.45130494447703462  0.45636189965541202  0.46305410499148014  0.47211788594765469
  0.48102732384332259  0.49105492819431862  0.49952982758587322  0.50836996371108123
  0.51882269849143703  0.52753419454673189  0.53618256975221201  0.54397522849512037
  0.55207692543049935  0.55757968094767185  0.56664457813458469  0.57564003473869729
  0.58396898043499723  0.59116591679659813  0.59797465086760448  0.60328729458864105
  0.60936835628389585  0.61856026413037490  0.62814027845551568  0.64046699946427299
  0.65617745430365015  0.67218269121617769  0.68540635530853544  0.69477257755373723
  0.70192145614302659  0.70916793930683630  0.71887251935029373  0.73406478918864604
  0.75347624519739231  0.77231035083835342  0.78833454696255334  0.79787810389328595
  0.80617766701914728  0.81399622781661818  0.82201509609028756  0.83059335977781013
  0.83959643879239232  0.85066192597959434  0.86087375695518686  0.87057277917307374
  0.88066999237579080  0.89035004298346765  0.89882439129975189  0.90584286020725235
  0.91224418477408420  0.92075188190639357  0.92794339003425508  0.93532465910641116
  0.94710947541496493  0.96290443700660211  0.98096697591525994  1.00000000000000000
 -0.00219007461889185  0.00651947546962085  0.01593787033333918  0.02653302748813994
  0.04508734172280065  0.06575656211621556  0.07995362136161588  0.09205589159292255
  0.10420337605087096  0.11549950859530959  0.12701835337167169  0.13812406793753851
  0.14849828913223037  0.15781307890991705  0.16565525358115726  0.17373510254057203
  0.18408514322440894  0.19634604311304160  0.20581615701479328  0.21214396037034844
  0.21827034941359130  0.22432117867491441  0.22897306235070325  0.23365588023491424
  0.23973908174923472  0.24567960647783088  0.25227455166736790  0.26170781302155266
  0.27143771890599916  0.28079588736526034  0.28995720433069011  0.29856022030592583
  0.30625146543519832  0.31364355424396068  0.32116774633054251  0.32812374675703271
  0.34152842641101994  0.35876589588154695  0.37252298171608794  0.38460912205326431
  0.39675495798243932  0.41147103097071203  0.43110769365086760  0.45039517242923821
  0.46741342770369970  0.48158357198281287  0.49296072433311638  0.50173922413618532
  0.50855871895931737  0.51643839614763976  0.52640506495134243  0.53354858932996896
  0.54019542995865344  0.54680901468499388  0.55735496768640580  0.57007561335982815
  0.58064330477083870  0.59066374418528667  0.59820348195165696  0.60738877612212683
  0.61932769870356708  0.62993149350853350  0.64065584636705963  0.65263356333574363
  0.66399407313951708  0.67555527380744873  0.69650316962644243  0.70868705125598075
  0.71860792068790225  0.72852546556088127  0.73802017872379522  0.74652292545165966
  0.75552892137318362  0.76385426610360185  0.77243650340734982  0.78094482641689500
  0.79221464256431195  0.80639986264424668  0.82066265135910066  0.83326633590081822
  0.84598663046550271  0.85862099191344154  0.87168668967373053  0.88683782987058124
  0.90684579057513892  0.92609161715095711  0.93932948740923339  0.94709342237946992
  0.95413179105617285  0.96222508463008427  0.96954919003395723  0.97489154168906422
  0.98024420803318257  0.98695171416041083  0.99369235266017641  1.00000000000000000
 -0.00348081730506429  0.01334781363058711  0.02609031746809182  0.03497127987395252
  0.04357160537900649  0.05335401126752325  0.06484159270640881  0.07676815223710907
  0.08759024258192735  0.09627700403200018  0.10461229787007109  0.11330071633797371
  0.12294662526770693  0.13069727917928325  0.14020895289057089  0.14689043074279715
  0.14949394397468288  0.15358054028939513  0.15700117716795700  0.16195395518603956
  0.16829182856567007  0.17467532258753674  0.18183820102517745  0.18971724368462256
  0.19706405187840917  0.20534058141392075  0.21360490064170687  0.22422515429447420
  0.23650111128232218  0.24902666066514059  0.26123827982541259  0.26980123185517824
  0.27636679084198590  0.28274038070383323  0.28895350252605567  0.29534445055044234
  0.30421655886236249  0.31668881287083078  0.32626975810603387  0.33928573691347302
  0.35359533906677215  0.36801676309002784  0.38238841256836476  0.39689516451332479
  0.41307724435598520  0.43275773226317960  0.45389462268387681  0.47378970188887493
  0.49042560642612260  0.50278977555615356  0.51471880021010075  0.52621943282667594
  0.53680960804659561  0.54931689018036600  0.56154128464514819  0.57313456407579866
  0.58055238574298207  0.58346344177257115  0.58564699029573908  0.58876310732469939
  0.59367583751477249  0.60061767735275073  0.61348943488154251  0.63203839274143936
  0.65313810614823009  0.67336239512731821  0.69038616586959434  0.70233929858857891
  0.71231957626231968  0.72136903661771301  0.72892032022713937  0.73390769631334685
  0.73755643854715469  0.74260504451845444  0.74988342379019324  0.75990921867106065
  0.76747174515240391  0.77469008030421549  0.78225631287956410  0.79134381179371016
  0.80786563144469803  0.82488041562677905  0.83746815803332908  0.84619436464488806
  0.85401611208860251  0.86217188744512385  0.87316037026358817  0.88728326223577259
  0.90521148464291323  0.91873618079959074  0.93266336119215965  0.94730669125746025
  0.96251659772982512  0.97663315799226336  0.98881560679461211  1.00000000000000000
 -0.00371641153213964  0.01070174446660807  0.02553926875771549  0.04186273317640506
  0.05805112183849929  0.07457335027503072  0.09466638982629091  0.11511477812861164
  0.12498410358814482  0.13526924497628895  0.14615425986059974  0.15762857034304803
  0.17053910737306296  0.18326979483086123  0.19546392351176015  0.20898509057362272
  0.22630996080657301  0.24023841844951691  0.25684508801847872  0.27090931975124188
  0.28081291247680368  0.29201892262595036  0.30303490287883128  0.31284715285476833
  0.32079137606384334  0.33037899618180855  0.33844421819718895  0.34657874328337540
  0.35415188121613600  0.35943544947749773  0.36420023734364743  0.36982654258661368
  0.37674711146590123  0.38163097291528048  0.38471016836210553  0.38833171657476517
  0.39411513211858540  0.40020395675702580  0.40676302993233143  0.41369168584261728
  0.42294084111531383  0.43798700881631514  0.45478730451227456  0.47045238048872023
  0.48166733669141210  0.49093706115003755  0.49886593162119064  0.50780118002445707
  0.52375996455499285  0.54345434669859727  0.56108808139598387  0.57352060738409238
  0.58376237298994860  0.59358976538221475  0.60149531629162889  0.60942266887302066
  0.61712276295016266  0.62397225676041801  0.63053905336793492  0.63883054898724345
  0.64751263584618235  0.65656518452945223  0.66702481596445862  0.67732528055453967
  0.68812757139771474  0.69914645840501854  0.71004981289777125  0.72115252623570680
  0.73275961463798278  0.74412582021121942  0.75371808439535426  0.76256258554982648
  0.77133874472138353  0.78370746240450495  0.79121305502515282  0.79765330870754780
  0.80416917880717520  0.81154090919533239  0.81819540999393325  0.82596286156527932
  0.83187714314216099  0.83761427987375137  0.85076963697196928  0.86502495612131991
  0.88004475526309389  0.89491163471399127  0.90614352231632245  0.91526663114555873
  0.92540755334012148  0.93418203695752189  0.94175021305181461  0.94765911721984319
  0.95477436113875080  0.96689083237366091  0.98220089663602883  1.00000000000000000
  0.00692856020227308  0.00746391627515289  0.00789722047960371  0.00829107778307932
  0.00874249246869791  0.00905178023554950  0.00934023224174942  0.00960861485738361
  0.00984058122925870  0.01005680046492587  0.01028861923732704  0.01051461177899371
  0.01071119379986238  0.01090704884850963  0.01109450611598041  0.01126584723947296
  0.01141472333544660  0.01154880430600727  0.01168567453190021  0.01183118816787838
  0.01198898066302148  0.01213053748861686  0.01227914947408929  0.01249729294639965
  0.01272134848936742  0.01295460543501377  0.01320754020348953  0.01346893815854766
  0.01374894677766057  0.01402970283672542  0.01431751517921538  0.01466079421785903
  0.01502989576529057  0.01540742408930994  0.01575950516162138  0.01611670836864447
  0.01641279761859227  0.01667267775166427  0.01693581161685298  0.01721596695117169
  0.01752604905286196  0.01789960001793687  0.01825227569013818  0.01858798269341082
  0.01884797885050934  0.01908128878476921  0.01929791242538042  0.01955176865609820
  0.01992152047884062  0.02046330784698810  0.02115851501032674  0.02198059653634849
  0.02285325457952129  0.02363565305648727  0.02426110831023151  0.02485992799685112
  0.02549822591255188  0.02639815340396758  0.02730857390806398  0.02782692211201719
  0.02828782845952056  0.02867710982053627  0.02911895246697132  0.02966943365067785
  0.03016676244099525  0.03054923720524409  0.03097655502894929  0.03144937954742708
  0.03186083629655734  0.03223396362705348  0.03257674249398232  0.03287939586949801
  0.03320527190008421  0.03351947090272536  0.03395149312790877  0.03455848848531425
  0.03521552898934804  0.03585509850133052  0.03678909268380558  0.03811152555524536
  0.03978833273975239  0.04173334421446457  0.04434003047902763  0.04721533760502501
  0.05003466694184644  0.05309389208066177  0.05520102192006490  0.05626192348307568
  0.05712822919211791  0.05784505839972019  0.05929966974735180  0.06256246629572755
  0.06923125804573643  0.07883913863488537  0.11270348875267225  1.00000000000000000
 -0.00331779457458451  0.01354119619453583  0.02772117478277536  0.04035445604201772
  0.05675074461489475  0.07184946267941665  0.08324060684055101  0.09119650811802678
  0.09966188238647802  0.10806375792216075  0.11573178010790081  0.12320883302971085
  0.13018266443981311  0.13630868652171471  0.14214003673915554  0.14800365665539200
  0.15675294113688021  0.16687791838662219  0.17568170022535504  0.18442704113497146
  0.19442550700187478  0.20673079766373009  0.22568041806032468  0.24866590172832689
  0.26873789763663403  0.28610559276685804  0.30509696632425237  0.32642369158371370
  0.34698609961645976  0.35933351372696370  0.36514990407532893  0.37097400908073941
  0.37707768476088815  0.38309425716703105  0.38749056250010988  0.39354436393437814
  0.39990144310794762  0.40615468122113146  0.41423911649263562  0.42500122606457386
  0.43903667477637853  0.46034865033937533  0.47852237182012880  0.49392035988177879
  0.50694642691141900  0.52060816700745693  0.53439883467669225  0.54822892540301316
  0.56157496569309606  0.57270395085612247  0.58115099626265188  0.59074178766062857
  0.60114563318029701  0.60695331558951415  0.61301005354799820  0.62375482155048012
  0.63415815084688520  0.64385853468230536  0.65383893277853633  0.66423369451240866
  0.67467734654532208  0.68463171811998558  0.69294650083729314  0.70056077675026884
  0.70759664113541076  0.71429693706564790  0.72279915399883787  0.73195748748915379
  0.74424700184716375  0.75897208944824757  0.77587460355701710  0.79292796618174199
  0.80704205878848434  0.81615103122167099  0.82333880312817698  0.82945855859305284
  0.83437817895293520  0.83883078168393654  0.84294066794199551  0.85108368486594888
  0.86128248553880304  0.87030976138320848  0.87793490615909542  0.88668528112592704
  0.89613209408820649  0.90914131119682373  0.91806349824296896  0.92607846725891974
  0.93405114609758166  0.94136465524488411  0.94898380418819950  0.96114307730356940
  0.97119541090666606  0.97916521885327801  0.98816881056740258  1.00000000000000000
  0.06254982033945991  0.44292726413080852  0.50253794878411984  0.54975066354201951
  0.58647117674186089  0.61173804341603244  0.63387982228311712  0.65650591022192062
  0.67812744057423402  0.69625421321681402  0.71087412570247532  0.72424054962971551
  0.73289240477738737  0.73961494709967457  0.74497980808872566  0.75017383001413085
  0.75468621218359466  0.75993879613811643  0.76380345116908199  0.76662997450609160
  0.76914378925988069  0.77196544605682460  0.77581683365253129  0.77932574804826726
  0.78228324292544060  0.78534196674712309  0.78854912120554688  0.79085611031364389
  0.79296100235637201  0.79535175334414976  0.79913607419774002  0.80397460476670091
  0.80721523777448312  0.80978977046898348  0.81245910327919901  0.81647726151457345
  0.82101172853031368  0.82491505156429756  0.82834839138712413  0.83104059401484220
  0.83361747553077015  0.83631787322144591  0.83922325552343291  0.84255922591876176
  0.84664169782052046  0.84954381496297471  0.85174489378281071  0.85400536506734281
  0.85615809353162564  0.85872714838406217  0.86127924811466627  0.86346550167317437
  0.86566224674663572  0.86813701890208883  0.87091866479326363  0.87374473228258331
  0.87699777642071652  0.88065621687258600  0.88430285280805720  0.88779347816966692
  0.89194524908930595  0.89615406801081865  0.90043640650257584  0.90468286390616603
  0.90841300434113326  0.91137594495541918  0.91478461996192051  0.91847065488593393
  0.92215724622015538  0.92528082167404746  0.92806075232284124  0.93044160785476171
  0.93249839099023857  0.93437655144864862  0.93625531364856018  0.93824485520132328
  0.94005187979451732  0.94154594233481370  0.94290053514154881  0.94404176849221622
  0.94539406696277495  0.94681686743004978  0.94824445727232798  0.94966582644440611
  0.95136067914803746  0.95331310303264061  0.95501315789282204  0.95761010285174875
  0.96078119120937999  0.96427401132792934  0.96809386797984598  0.97164136074731355
  0.97631752372889824  0.98236033767205300  0.99002343274209270  1.00000000000000000
   3.8410480883278146E-011  -1.0000000000000000     
 F F F F F F F F F F F F F F F F F F F F F F F F F F F F F F F F F F F F F F F F F F F F F F F F F F F F F F F F F F F F F F F F F F F F F F F F F F F F F F F F F F F F F F F F F F F F F F F F F F F F F F F F F F F F F F F F F F F F F F F F F F F F F F F F F F F F F F F F F F F F F F F F F F F F F F F F F F F F F F F F F F F F F F F F F F F F F F F F F F F F F F F F F F F F F F F F F F F F F F F F F F F F F F F F F F F F F F F F F F F F F F F F F F F F F F F F F F F F F F F F F F F F F F F F F F F F F F F F F F F F F F F F F F F F F F F F F F F F F F F F F F F F F F F F F F F F F F F F F F F F F F F F F F F F F F F F F F F F F F F F F F F F F F F F F F F F F F F F F F F F F F F F F F F F F F F F F F F F F F F F F F F F F F F F F F F F F F F F F F F F F F F F F F F F F F F F F F F F F F F F F F F F F F F F F F F F F F F F F F F F F F F F F F F F F F F F F F F F F F F F F F F F F F F F F F F F F F F F F F F F F F F F F F F F F F F F F F F F F F F F F F F F F F F F F F F F F F F F F F F F F F F F F F F F F F F F
  <DiscreteSampler_grid>
  grouped_processes
  1 # 1 for a reference and 2 for a running grid.
  10 # Attribute 'min_bin_probing_points' of the grid.
  1 # Attribute 'grid_mode' of the grid. 1=='default',2=='initialization'
  0.0000000000000000 # Attribute 'small_contrib_threshold' of the grid.
  0.5000000000000000 # Attribute 'damping_power' of the grid.
 # binID   n_entries weight   weight_sqr   abs_weight
    10   10   1.462148988401635E-003   1.115712407996786E-005   1.462148988401635E-003
  </DiscreteSampler_grid>
