0.49040E+00 0.53563E-03 0.00000E+01 26165711 0 0 158740 0.32385E+06 0.00000E+01 0.49039E+00 0.00000E+01 0.00000E+01 0
1 0.46956 0.014077 5.996 193.56 0.46956
2 0.49135 0.0072936 4.1985 156.66 0.49134
3 0.49127 0.0045123 3.674 189.19 0.49126
4 0.48869 0.016819 6.8835 371.38 0.48868
5 0.49032 0.0088092 5.0816 434.8 0.49031
6 0.49428 0.0044612 3.6103 174.61 0.49427
7 0.48482 0.020667 8.5259 263.24 0.48481
8 0.49843 0.013317 7.557 689.3 0.49842
9 0.48765 0.0046784 3.8375 204.75 0.48764
10 0.49966 0.01875 7.5049 309.41 0.49965
11 0.4806 0.0073496 4.3254 136.7 0.48059
12 0.48862 0.0045261 3.7052 281.77 0.48861
13 0.5054 0.021613 8.5529 501.21 0.50539
14 0.49294 0.0089839 5.1548 295.9 0.49293
15 0.4942 0.0045325 3.6686 140.62 0.49419
16 0.48449 0.015817 6.5294 373.28 0.48448
17 0.47526 0.0061604 3.6663 114.51 0.47525
18 0.48853 0.0040574 3.3222 83.557 0.48852
19 0.48336 0.01128 4.6673 108.06 0.48334
20 0.48535 0.0064423 3.7543 134.51 0.48533
21 0.48488 0.0038787 3.1997 115.05 0.48487
22 0.53068 0.037799 10.073 355.04 0.53067
23 0.50963 0.014915 5.8532 265.84 0.50963
24 0.48517 0.006087 3.5486 91.036 0.48516
25 0.49046 0.01272 5.187 212.64 0.49046
26 0.49216 0.0065517 3.7652 245.69 0.49215
27 0.49039 0.0037901 3.0915 96.266 0.49038
28 0.50334 0.016321 6.4852 266.04 0.50333
29 0.49229 0.0073276 4.21 152.11 0.49229
30 0.48773 0.0038385 3.148 94.139 0.48772
31 0.50415 0.013024 5.1669 183.34 0.50414
32 0.50704 0.0093135 5.1954 508.6 0.50703
33 0.49401 0.0042341 3.4284 204.16 0.49399
34 0.48203 0.02032 8.4309 444.98 0.482
35 0.49122 0.0088781 5.1119 242.38 0.49121
36 0.49137 0.0048512 3.9491 238.61 0.49136
37 0.51961 0.027366 10.533 930.52 0.51959
38 0.48835 0.0089265 5.1701 414.92 0.48833
39 0.50138 0.0045902 3.6621 170.06 0.50136
40 0.47512 0.013663 5.7513 121.65 0.4751
41 0.49366 0.010803 6.1895 661.12 0.49364
42 0.49968 0.0051448 4.1185 424.39 0.49967
43 0.47676 0.01799 7.5468 342.29 0.47675
44 0.4888 0.0076886 4.449 160.77 0.4888
45 0.49947 0.005227 4.1861 335.21 0.49946
46 0.48604 0.014423 5.9348 147.97 0.48603
47 0.52141 0.029187 15.833 2230.5 0.5214
48 0.48985 0.0039877 3.2563 97.641 0.48984
49 0.45439 0.013736 6.0459 239.01 0.45438
50 0.49362 0.0085742 4.913 361.03 0.49361
51 0.49416 0.0046172 3.7374 208.12 0.49415
52 0.57607 0.068845 23.902 2539.0 0.57606
53 0.48306 0.0087293 5.1112 317.29 0.48305
54 0.49341 0.0049093 3.9799 222.63 0.49339
55 0.50301 0.015084 5.9976 293.22 0.50301
56 0.49706 0.0073633 4.19 227.49 0.49704
57 0.49056 0.0039516 3.2221 145.9 0.49055
58 0.50051 0.012054 4.8164 190.01 0.5005
59 0.49035 0.0064746 3.7346 137.71 0.49034
60 0.49238 0.0044675 3.6293 299.29 0.49237
61 0.51651 0.02057 7.965 407.13 0.51649
62 0.47371 0.0073587 4.3938 190.85 0.4737
63 0.49358 0.004739 3.8405 270.6 0.49357
64 0.49357 0.015651 6.3419 222.39 0.49356
65 0.48933 0.007215 4.1704 147.11 0.48932
66 0.49434 0.0043824 3.5461 130.92 0.49433
67 0.51173 0.014549 5.686 171.26 0.51172
68 0.50039 0.0081335 4.5974 312.62 0.50038
69 0.48463 0.0037277 3.0768 114.25 0.48462
70 0.46403 0.013555 5.8422 210.64 0.46402
71 0.49294 0.0085046 4.8798 347.96 0.49292
72 0.4898 0.0040008 3.2672 93.016 0.48979
73 0.49711 0.015214 6.1212 238.85 0.4971
74 0.4965 0.0074907 4.2673 197.03 0.49649
75 0.49479 0.0043087 3.4833 189.15 0.49478
76 0.50234 0.014344 5.711 225.44 0.50233
77 0.48299 0.0070037 4.1014 177.98 0.48298
78 0.48962 0.0040547 3.3125 131.87 0.48961
79 0.48726 0.012254 7.1135 487.14 0.48725
80 0.48895 0.005999 4.9076 511.05 0.48894
81 0.48897 0.0032813 3.7961 385.15 0.48896
82 0.47758 0.015094 6.3211 390.8 0.47757
83 0.48419 0.0070369 4.1106 178.84 0.48418
84 0.48373 0.0038073 3.1483 102.44 0.48372
85 0.48719 0.023712 6.8829 204.43 0.48719
86 0.48224 0.010723 4.447 110.13 0.48222
87 0.4933 0.0059855 3.4319 108.1 0.4933
88 0.50491 0.01724 6.8288 381.47 0.5049
89 0.48899 0.0089838 5.1964 477.84 0.48898
90 0.4892 0.0044211 3.6149 170.64 0.48919
91 0.47158 0.016544 7.0163 197.46 0.47157
92 0.51639 0.016038 8.7845 926.93 0.51638
93 0.48395 0.0047733 3.9453 192.89 0.48393
94 0.48196 0.013128 5.4478 141.29 0.48195
95 0.49019 0.0080493 4.6445 212.88 0.49018
96 0.4872 0.004616 3.7898 309.58 0.48719
97 0.45254 0.018417 8.1393 301.93 0.4524
98 0.48133 0.0098725 5.8013 401.73 0.48133
99 0.48594 0.0054114 4.4544 316.2 0.48593
100 0.50327 0.013946 5.5421 262.83 0.50327
101 0.48521 0.0063637 3.7095 98.868 0.4852
102 0.49039 0.0043095 3.5151 220.84 0.49039
103 0.49102 0.013472 5.4873 138.37 0.49101
104 0.48714 0.0067186 3.9009 160.69 0.48713
105 0.48734 0.0043685 3.5856 219.34 0.48733
106 0.48627 0.013636 5.6085 207.94 0.48626
107 0.49096 0.0075827 4.3684 185.15 0.49095
108 0.4844 0.003918 3.2353 150.45 0.48439
109 0.4978 0.018779 7.5449 296.69 0.49779
110 0.47744 0.0074483 4.4125 211.02 0.47743
111 0.48714 0.004405 3.617 227.91 0.48713
112 0.44078 0.017065 7.7432 254.44 0.44076
113 0.48296 0.010408 6.0953 269.27 0.48295
114 0.49214 0.0053153 4.3202 162.42 0.49213
115 0.48787 0.01727 7.0799 350.61 0.48786
116 0.46662 0.0059506 3.607 107.75 0.4666
117 0.48997 0.0041662 3.4012 141.37 0.48996
118 0.49106 0.015741 9.0668 685.22 0.49105
119 0.48704 0.00629 5.1659 349.66 0.48703
120 0.48925 0.0034982 4.0448 289.75 0.48923
121 0.4927 0.012873 5.2256 141.49 0.49269
122 0.49396 0.0073118 4.1868 263.96 0.49395
123 0.49581 0.0045968 3.7086 260.59 0.4958
124 0.50302 0.013002 5.1696 233.24 0.50301
125 0.49497 0.0068098 3.8914 190.18 0.49495
126 0.49111 0.0039761 3.2384 117.65 0.4911
127 0.47752 0.01174 4.917 100.48 0.47751
128 0.48295 0.0075922 4.4465 198.2 0.48294
129 0.49319 0.004447 3.6067 187.68 0.49318
130 0.50644 0.020707 8.1777 523.98 0.50643
131 0.49268 0.0086569 4.9698 331.3 0.49267
132 0.49295 0.0047867 3.8841 199.7 0.49294
133 0.48334 0.0079122 4.63 240.28 0.48333
134 0.50177 0.0064733 5.1603 683.56 0.50176
135 0.49034 0.0027982 3.2281 158.22 0.49033
136 0.48898 0.012359 5.0552 191.74 0.48897
137 0.51633 0.017237 9.4425 1207.8 0.51631
138 0.49047 0.0044738 3.6486 229.63 0.49046
139 0.49964 0.019886 7.9603 246.28 0.49964
140 0.48981 0.0082295 4.7521 253.69 0.4898
141 0.48965 0.0041353 3.3782 122.99 0.48964
142 0.48058 0.011377 4.7347 143.25 0.48056
143 0.49324 0.0070987 4.0707 220.4 0.49323
144 0.50272 0.004874 3.878 311.48 0.50272
145 0.49803 0.024758 9.9423 591.94 0.49802
146 0.47824 0.00697 4.1222 138.66 0.47823
147 0.49586 0.0044808 3.6146 177.41 0.49585
148 0.4845 0.011515 4.7532 119.16 0.48449
149 0.49753 0.0070613 4.0143 134.53 0.49752
150 0.49553 0.0047199 3.81 329.88 0.49552
151 0.47875 0.016764 7.0031 329.5 0.47874
152 0.48955 0.0070436 4.0695 199.81 0.48954
153 0.48865 0.0044519 3.6443 243.99 0.48864
154 0.45236 0.013557 5.9938 219.34 0.45235
155 0.47993 0.0081308 4.7919 209.74 0.47991
156 0.49306 0.0050003 4.0565 297.78 0.49305
157 0.48172 0.013183 5.4733 293.54 0.48172
158 0.48731 0.0065636 3.8096 142.64 0.48729
159 0.48972 0.0043468 3.5504 177.39 0.48971
160 0.48212 0.01427 5.9199 263.38 0.48211
161 0.48782 0.0066934 3.881 223.63 0.48781
162 0.49897 0.0051041 4.0917 398.96 0.49896
163 0.49495 0.016105 6.5078 259.83 0.49494
164 0.48327 0.006685 3.9126 163.37 0.48326
165 0.48908 0.0044187 3.6139 234.22 0.48907
166 0.49275 0.018197 7.3857 483.01 0.49274
167 0.49573 0.0079086 4.5123 223.31 0.49572
168 0.49187 0.0051108 4.1562 414.36 0.49186
169 0.47713 0.027736 11.626 976.92 0.47712
170 0.49691 0.0078146 4.4481 163.46 0.4969
171 0.49341 0.0046163 3.7424 173.45 0.4934
172 0.49499 0.0082484 4.7132 169.46 0.49498
173 0.50613 0.0090205 7.129 1199.9 0.50612
174 0.49099 0.0037226 4.289 729.79 0.49098
175 0.50056 0.019721 7.8793 404.58 0.50055
176 0.49236 0.0073653 4.2311 146.4 0.49235
177 0.49047 0.0042024 3.4272 122.5 0.49046
178 0.46002 0.011659 5.0688 163.58 0.46002
179 0.49413 0.0074585 4.2693 213.84 0.49411
180 0.49242 0.0041914 3.4047 192.29 0.49241
181 0.49934 0.015695 6.2864 275.78 0.49933
182 0.48145 0.0061689 3.6241 96.477 0.48132
183 0.49021 0.0043113 3.5179 209.14 0.4902
184 0.48481 0.013449 5.5484 272.88 0.4848
185 0.49799 0.0064589 3.6684 74.05 0.49798
186 0.48926 0.0038809 3.1729 139.57 0.48925
187 0.48489 0.0063974 3.7317 93.408 0.48488
188 0.49778 0.0055776 4.482 555.91 0.49777
189 0.489 0.0027058 3.1301 146.23 0.48899
190 0.46132 0.012705 5.5081 171.95 0.46131
191 0.48788 0.00666 3.8611 121.87 0.48784
192 0.48474 0.0041675 3.4389 177.19 0.48473
193 0.44355 0.012863 5.8 322.86 0.44354
194 0.4948 0.00737 4.2129 151.87 0.49479
195 0.49921 0.0047749 3.8259 195.68 0.4992
196 0.48678 0.011497 4.7238 193.61 0.48677
197 0.48826 0.0065697 3.8058 220.35 0.48824
198 0.4883 0.0038239 3.1325 117.24 0.48829
199 0.49488 0.013086 5.2885 175.02 0.49487
200 0.49323 0.006888 3.95 168.56 0.49322
201 0.48753 0.0040952 3.36 127.56 0.48752
202 0.48477 0.015213 6.2764 239.73 0.48476
203 0.49024 0.0084654 4.8842 297.94 0.49023
204 0.49238 0.004519 3.6712 196.96 0.49237
205 0.48349 0.018275 7.5595 468.42 0.48348
206 0.48912 0.0071425 4.1303 126.84 0.4891
207 0.49692 0.0046016 3.7041 182.53 0.49691
208 0.46589 0.013907 5.9702 196.01 0.46587
209 0.48872 0.0072276 4.1829 141.76 0.48871
210 0.48551 0.0043632 3.5948 190.38 0.48549
211 0.46526 0.011273 4.8459 104.52 0.46525
212 0.48366 0.0070858 4.1437 185.44 0.48364
213 0.50246 0.004552 3.6238 170.03 0.50245
214 0.50663 0.012249 4.8356 143.34 0.50662
215 0.49889 0.0060969 3.4566 113.28 0.49887
216 0.48837 0.0049628 4.0648 497.83 0.48836
217 0.49478 0.012924 5.2242 191.82 0.49477
218 0.49809 0.0076545 4.3467 178.33 0.49808
219 0.4883 0.0042588 3.4887 164.5 0.48829
220 0.49673 0.018213 7.3332 360.74 0.49673
221 0.48441 0.0091471 5.3409 534.59 0.4844
222 0.49134 0.0047559 3.8718 211.97 0.49133
223 0.49541 0.014516 5.86 251.94 0.4954
224 0.50056 0.0075209 4.2497 240.48 0.50055
225 0.49078 0.0041527 3.3846 230.97 0.49076
226 0.48092 0.01327 5.5185 198.42 0.48091
227 0.48611 0.0067034 3.9004 136.79 0.4861
228 0.48426 0.003807 3.1446 109.34 0.48425
229 0.46331 0.014098 6.0859 267.67 0.4633
230 0.47601 0.0069799 4.1474 108.16 0.47601
231 0.48888 0.0048554 3.9727 362.33 0.48886
232 0.51429 0.01758 6.8366 311.55 0.51428
233 0.48325 0.0067451 3.9478 194.37 0.48324
234 0.49517 0.0043396 3.5055 191.74 0.49512
235 0.49537 0.018112 7.3126 312.72 0.49536
236 0.51413 0.009519 5.2368 334.42 0.51412
237 0.49148 0.0043655 3.553 124.39 0.49147
<lo_statistics>
<cumulated_time> 1977.950536 </cumulated_time>
</lo_statistics>