 -0.00000094527148416  0.00000256219220759  0.00000840147742530  0.00001530819033695
  0.00002270753004871  0.00003022383947150  0.00003736315026711  0.00004449398709700
  0.00005165545433007  0.00005875482638917  0.00006571592316333  0.00007257614127213
  0.00007951726411135  0.00008653743843340  0.00009362739866495  0.00010078815086779
  0.00010800590704106  0.00011536124698604  0.00012274454089426  0.00013031192770846
  0.00013823594745430  0.00014658696186028  0.00015535902642238  0.00016448763453556
  0.00017413225340057  0.00018398077604355  0.00019387697185756  0.00020381361772004
  0.00021408980174774  0.00022494070641860  0.00023642455266642  0.00024827750558925
  0.00026067094767606  0.00027390285276194  0.00028774979283478  0.00030186649806838
  0.00031687565444359  0.00033265523473407  0.00034897595396991  0.00036605272890522
  0.00038379412553680  0.00040194793337559  0.00042110283231437  0.00044084025968516
  0.00046130821368798  0.00048298074597561  0.00050575427656957  0.00052960020936938
  0.00055469689407288  0.00058083391588709  0.00060768801513999  0.00063687233915799
  0.00066688063243005  0.00069858439373806  0.00073231400034257  0.00076766433059799
  0.00080473761686088  0.00084383387629227  0.00088457675828234  0.00092688647967596
  0.00097207326401812  0.00102042833976380  0.00107338637420404  0.00113201143839294
  0.00119622936615286  0.00126752036084242  0.00134334786731320  0.00142315840421758
  0.00150872457449666  0.00159898445238988  0.00169398518927038  0.00179907737326702
  0.00191534830056679  0.00204718127050990  0.00220073576990662  0.00237944004778651
  0.00257420604306968  0.00277697044444971  0.00300156076804198  0.00325186616237751
  0.00353818692653456  0.00387614179283102  0.00427159298894416  0.00477207789678444
  0.00545074837443766  0.00632173375397139  0.00739960360587325  0.00871010019343128
  0.01036138460489133  0.01247393469874172  0.01554317179188046  0.02052510327589097
  0.02841572943839854  0.04271328102167747  0.40275298987037761  1.00000000000000000
 -0.00235178402410305  0.00931269185460756  0.01921948147447485  0.02978105544501600
  0.04032748625795839  0.05035656083322358  0.06076061575120766  0.07170991443146540
  0.08285144781490027  0.09348165739640976  0.10429129819886761  0.11495433146038718
  0.12560705277460363  0.13617814490054497  0.14672581597622583  0.15703907106631979
  0.16742171182446611  0.17794108593368832  0.18835672674613946  0.19869332033260140
  0.20927586230795778  0.22030197352990155  0.23127672898066923  0.24220291507153785
  0.25286459106300185  0.26350344436361228  0.27417025351409591  0.28515516956029135
  0.29641256428608576  0.30755347886506396  0.31833399003116453  0.32890633215873188
  0.33970244775231828  0.35066029206372851  0.36146438175947532  0.37223394017923067
  0.38310716266407102  0.39404157298239012  0.40481565239838019  0.41526188983922063
  0.42574277806292421  0.43624906046305983  0.44675834288405741  0.45737384327893338
  0.46791369938200894  0.47829167304272940  0.48835938852886696  0.49805241943897238
  0.50787746025734493  0.51774466095876326  0.52758293580006121  0.53749378006102544
  0.54743524543194710  0.55730730256340477  0.56721274236390873  0.57712718362021920
  0.58720288438708934  0.59699593055904010  0.60697369594567652  0.61760532636107712
  0.62833674299364728  0.63917429691571492  0.65011222947623948  0.66111820059061199
  0.67201370098342861  0.68253207854978393  0.69271655669665100  0.70264819091945052
  0.71288690190449844  0.72353974382915343  0.73415086594732126  0.74461590149308510
  0.75535852166877049  0.76681902604020447  0.77842010942580775  0.78969032433532460
  0.80064996854481696  0.81155093158316371  0.82236471034158232  0.83304146488769615
  0.84345959024852313  0.85384953969068444  0.86438633109355012  0.87508102726844650
  0.88535254409669062  0.89542539857541970  0.90536089034199541  0.91562409172758152
  0.92576405190476740  0.93603228745468248  0.94687825536979064  0.95770647034371670
  0.96822641261199804  0.97860219249119085  0.98931999033463114  1.00000000000000000
 -0.01487946793894048  0.11621214253015230  0.17354072337910323  0.21557602500550105
  0.25046168323186624  0.28032416307507629  0.30794719016815819  0.33325749818417477
  0.35644884038602420  0.37743754472451979  0.39695059546032141  0.41564262979531752
  0.43318821742298314  0.44965043089284895  0.46536711757308896  0.48054262695313971
  0.49523078026271578  0.50947673738955102  0.52294043084498443  0.53579134091592850
  0.54812723613912095  0.56042406931863153  0.57241742111721594  0.58410970131651707
  0.59553364287879984  0.60667999892852043  0.61753017528564647  0.62789363749145033
  0.63781394208234510  0.64754501241312123  0.65691072286863850  0.66600119300895755
  0.67482001592809471  0.68346663516381989  0.69206395448364000  0.70037143754016140
  0.70863867834721417  0.71653328733916632  0.72421809452871011  0.73162514325292938
  0.73892981138141167  0.74613276422857089  0.75323464756920366  0.75988766572142674
  0.76648142109367889  0.77302878199846725  0.77943742584586073  0.78586986334387787
  0.79217624966477052  0.79851706667744993  0.80485574491392420  0.81097462670571363
  0.81688537693655394  0.82267338498232412  0.82835031404910897  0.83392106728837756
  0.83937632875316326  0.84468358788366138  0.85001237550250519  0.85522666534471226
  0.86044062549506561  0.86559069508510844  0.87049923741295798  0.87526134079771412
  0.87991346077165200  0.88454724740797774  0.88920689885757898  0.89379193603347362
  0.89819680580414096  0.90231185093583188  0.90651949731552461  0.91062471550218038
  0.91467242717865216  0.91861513595488997  0.92247177845730988  0.92630980675320029
  0.93015101610273732  0.93393343462935863  0.93762987771333606  0.94124088449776011
  0.94474714039725183  0.94821488450345148  0.95163849267423128  0.95505448852141450
  0.95847811388521442  0.96189521307783687  0.96532025082662887  0.96867626981834409
  0.97200993320822160  0.97530890355159972  0.97865218899590389  0.98208587194137631
  0.98563181363898822  0.98939296179835146  0.99412217145862469  1.00000000000000000
   1.8079483252206249E-006  -1.0000000000000000     
 F F F F F F F F F F F F F F F F F F F F F F F F F F F F F F F F
  <DiscreteSampler_grid>
  grouped_processes
  1 # 1 for a reference and 2 for a running grid.
  10 # Attribute 'min_bin_probing_points' of the grid.
  1 # Attribute 'grid_mode' of the grid. 1=='default',2=='initialization'
  0.0000000000000000 # Attribute 'small_contrib_threshold' of the grid.
  0.5000000000000000 # Attribute 'damping_power' of the grid.
 # binID   n_entries weight   weight_sqr   abs_weight
    13   10   1.716694115147277E+005   2.495030221765858E+011   1.716694115147277E+005
    16   10   3.888647421743539E+006   1.280227376240942E+014   3.888647421743539E+006
  </DiscreteSampler_grid>
