  0.00205349110288623  0.01937882697823586  0.03323896937300610  0.04385802905199349
  0.05278887489435048  0.06073691576762792  0.07004428881105371  0.08001726453835555
  0.09003293805340752  0.10101739596526796  0.11347035681657813  0.12598278759433768
  0.13669746776129491  0.14651396008512885  0.15649871270255078  0.16759598452462243
  0.18217143678826045  0.19657424464466824  0.20866138894392117  0.21788809604098108
  0.22941982208159975  0.24004123587457504  0.25233072012483299  0.26371264077999118
  0.27752665343629124  0.29054734759765416  0.30132951235666461  0.31119462424488725
  0.32140616445518105  0.33266197227120470  0.34610032673952662  0.36040961853722175
  0.37349162895976046  0.38440796780992825  0.39534229676503002  0.40662843842406377
  0.41761721405688224  0.42766272388178694  0.43793258187734507  0.44682498392070480
  0.45528571388614703  0.46500810529872011  0.47792288294189811  0.49105501021102260
  0.50322227139645836  0.51570157838280661  0.52856286700961941  0.54177197408071676
  0.55411396891632136  0.56563220222859223  0.57632947008289559  0.58643219118465684
  0.59625738731510280  0.60627875245027929  0.61624670993267938  0.62789288300746737
  0.63608683285928069  0.64421513728052748  0.65310195818182515  0.66277445627216391
  0.67114282709044848  0.68032907101655338  0.69031338166289835  0.70145486496825460
  0.71483704648410473  0.72916134019624179  0.74222886086583473  0.75495386383524332
  0.76850240541870229  0.78009722914327062  0.78816960768224398  0.79477655450039320
  0.80051448472419018  0.80622018438781617  0.81162666007841933  0.82057025504682535
  0.82976247649419044  0.83774086614392995  0.84588694300758838  0.85473118033105078
  0.86492890769950570  0.87694800947103335  0.89256638518850606  0.90272800762381722
  0.91218155228527231  0.92021595980169935  0.92783204851195689  0.93569355004614541
  0.94389919932804722  0.95126950316407000  0.95846866544060272  0.96498544256991159
  0.97330303843082855  0.98380724840205191  0.99255445606702553  1.00000000000000000
  0.00840433534055114  0.00900227526305679  0.00976561623681192  0.01073494493127564
  0.01184091453402451  0.01306065953063086  0.01437145068502954  0.01589582591070276
  0.01760116055066525  0.01937054425155845  0.02117533565567661  0.02300803823911076
  0.02573368506505644  0.03011242053247830  0.03558647374366203  0.04147607906327621
  0.04888083853069169  0.05874399055066523  0.07158577513164938  0.08585642863988938
  0.09778451116138141  0.11001930773954352  0.12105183141856246  0.13583172591810766
  0.15557811487484383  0.17280641703496488  0.18684459910796011  0.20162956986491931
  0.21722786575509498  0.23491355691627547  0.25347122179279175  0.26874523868165101
  0.28347702062785063  0.29848300535565986  0.31438372412012111  0.33140750667836344
  0.35057937622876356  0.37201470894879601  0.39006689535337397  0.40726641081750392
  0.42773546796750628  0.45318764610567569  0.47989450881648033  0.50517480194869380
  0.52813353670518526  0.54864320589985616  0.56622129378954655  0.58358799272907691
  0.60503671832101114  0.62909290091043590  0.65281711681142818  0.67646274459280376
  0.70029524662006559  0.72062599383814541  0.73569382820624463  0.75039954419203114
  0.76529907256548080  0.78264677685814410  0.80231605572888087  0.82373515160429023
  0.84403847178956104  0.86078474176562170  0.87449350896187328  0.88551372957512198
  0.89517503522246711  0.90514203652094605  0.91410535360841660  0.92257609922890771
  0.93146685255071526  0.93924538948951253  0.94647914445366910  0.95266969362432619
  0.95753931031796602  0.96127922319432779  0.96375146465715067  0.96598626253239361
  0.96865993987769261  0.97159341156375789  0.97401842315339215  0.97582523012119082
  0.97750088646397848  0.97912476423584072  0.98058452352354941  0.98186212634072711
  0.98298341919712040  0.98382145556976430  0.98457911658402575  0.98539186923247424
  0.98608389848156552  0.98662275560141333  0.98734808772912264  0.98830174507527635
  0.98909101465671290  0.98977456024032473  0.99017511637760203  1.00000000000000000
  0.00328113949240808  0.01287804845386450  0.02318424243876633  0.03272926565665533
  0.04237916374746441  0.05360483249183959  0.06521868399620974  0.07702603029763901
  0.08885997411111858  0.09748095195447062  0.10631708528909978  0.11574195682904921
  0.12670659232265624  0.13865071125351472  0.14974909540677850  0.15990764735365912
  0.16979826158166730  0.17971123126154454  0.19143465769186518  0.20546477386718673
  0.21956180764743222  0.23139691251188504  0.24223947556051884  0.25238985742185294
  0.26235304829137518  0.27561765920331094  0.28911444197903813  0.30287895289736599
  0.31558698158993365  0.32610358094397390  0.33543777187962742  0.34544691160324331
  0.35574560634936775  0.36667385206712744  0.37986951701398824  0.39389501742621208
  0.40094679388918830  0.40509018330009799  0.40948339915383808  0.41541838597783387
  0.42074792303097308  0.42632567249939007  0.43349040819957713  0.44082794750017917
  0.44708637359646464  0.45422760358414976  0.46261091719469399  0.47264999073974501
  0.48392856846295962  0.49566745427928816  0.50879417846254360  0.52090928970275918
  0.53045824840519873  0.53969906265129564  0.55057789651500710  0.56256829651287399
  0.57374912813287260  0.58419395698916687  0.59526076997988586  0.60901892101065735
  0.62445720273135252  0.63683370596161426  0.64331270923841222  0.64884611154119465
  0.65491126212969630  0.66189170297917943  0.67331625130313566  0.68593413816170956
  0.70085482223728690  0.71487761309980047  0.72744933782494015  0.73826501497687558
  0.74614279831902142  0.75314758676057125  0.76100670599756237  0.76910656507970621
  0.77710189747158775  0.78634576969288517  0.79591979006799451  0.80411955905984622
  0.81303414685755038  0.82226135393822086  0.83131428574980659  0.84204663366629606
  0.85331983995730454  0.86293859605441925  0.87193484896182705  0.88223018491146377
  0.89415588873592500  0.90804367070822711  0.92184502756591680  0.93561714758587977
  0.94971632993604582  0.96406280176176018  0.98025793583933496  1.00000000000000000
  0.00832432075709941  0.00918949558160638  0.01028073333923023  0.01157548697918102
  0.01297012507975806  0.01437936218929064  0.01601324965894553  0.01817692828482700
  0.02073744789312617  0.02361136186529018  0.02664426028520941  0.02977377977205355
  0.03429568027762053  0.04124311791175760  0.04945367605185530  0.05906285844518581
  0.06988508026125055  0.08119334109511596  0.09226670068893769  0.10720924367926801
  0.12677699485081770  0.14953728936162905  0.17115595401147513  0.19005153302940567
  0.20445494878487522  0.21605691013957259  0.22491224972773996  0.23447433997352396
  0.24396036771089208  0.25536829915202247  0.26954098477205130  0.28249893640639295
  0.29515651548683236  0.30854764463903928  0.32952850412265228  0.34959988874027309
  0.36149061079690548  0.37541760924006307  0.38750034114009618  0.39995594390728373
  0.41065144948953131  0.41970611752874853  0.43848224658812496  0.46074494389876164
  0.48874896366568993  0.51725703623929997  0.54140858084669685  0.56121495286733536
  0.58009235183760133  0.59937194399115767  0.62163732258725179  0.64297608100192982
  0.66075189222400299  0.67921085127351621  0.69910373727765163  0.72227047263570798
  0.74790109349853595  0.77181002098026419  0.78922740387108570  0.80542232631139732
  0.82250994252178844  0.84008577966385578  0.85594151393605566  0.87238556103601872
  0.88914148944575266  0.90364306291855057  0.91090838535759266  0.91666914507132735
  0.92218755979719014  0.92814260966467987  0.93139404540376147  0.93661529201553484
  0.94231714380130349  0.94796556611785432  0.95377587992329027  0.95818249325905425
  0.96157989181441517  0.96456647768889636  0.96715610708519950  0.96939355330656130
  0.97179270830038134  0.97443295414734976  0.97688968135820420  0.97914585904347362
  0.98114239471721498  0.98277164727468791  0.98398528143564046  0.98514311563634838
  0.98618726362510745  0.98712398699682458  0.98800609751125257  0.98892575030545438
  0.98952201332170076  0.99000947355108049  0.99010887505287704  1.00000000000000000
  0.00000000921515924  0.00000000942818585  0.00000000965325116  0.00000000988135038
  0.00000001020780785  0.00000001052264632  0.00000001078697261  0.00000001109574411
  0.00000001144774506  0.00000001180371776  0.00000001207699336  0.00000001235259628
  0.00000001262996659  0.00000001291159753  0.00000001320841086  0.00000001343518747
  0.00000001357623925  0.00000001370055394  0.00000001383303410  0.00000001401552342
  0.00000001420233951  0.00000001437914907  0.00000001462908705  0.00000001493457928
  0.00000001524066224  0.00000001555818083  0.00000001589827781  0.00000001626076637
  0.00000001663054581  0.00000001695632430  0.00000001724573419  0.00000001755248154
  0.00000001784977804  0.00000001822031932  0.00000001873481338  0.00000001923814084
  0.00000001967275380  0.00000002008664276  0.00000002051143654  0.00000002082293546
  0.00000002116069207  0.00000002157142666  0.00000002200830842  0.00000002246713058
  0.00000002299267542  0.00000002364063357  0.00000002435564958  0.00000002502719492
  0.00000002562032102  0.00000002611872791  0.00000002667472847  0.00000002736666904
  0.00000002817565906  0.00000002906616658  0.00000002995435535  0.00000003077752123
  0.00000003167123965  0.00000003265808199  0.00000003362823634  0.00000003469752677
  0.00000003586647782  0.00000003755931716  0.00000003934753417  0.00000004142394055
  0.00000004376368055  0.00000004628944046  0.00000004907143990  0.00000005241574585
  0.00000005663042636  0.00000006047889457  0.00000006491970996  0.00000006995381687
  0.00000007560608984  0.00000008156699936  0.00000008834973991  0.00000009592850260
  0.00000010542196130  0.00000011716775596  0.00000013131079327  0.00000014807573537
  0.00000016900323924  0.00000020075106156  0.00000023618790975  0.00000028505765071
  0.00000035264008487  0.00000046162292326  0.00000063467288747  0.00000097783893140
  0.00000199790627999  0.00000643414825516  0.00003272316628774  0.00028301665452027
  0.00153187575698804  0.01951760955277851  0.48626883870637816  1.00000000000000000
  0.00270107903637699  0.00477683071610060  0.00626212881576954  0.00752267522652083
  0.00857187495704380  0.00941962008368231  0.01016889782201090  0.01101155713625053
  0.01184090844336682  0.01275500385511468  0.01362495603578487  0.01447700041689345
  0.01515222214473151  0.01557627147941001  0.01609326636160752  0.01664619355704669
  0.01728177195044028  0.01780677189973724  0.01884240804166252  0.01973022326731284
  0.02072902398815204  0.02184008713809068  0.02303456522825146  0.02409810032209758
  0.02519857133435325  0.02617728122947293  0.02706453803589351  0.02797932190714558
  0.02902566645773878  0.03036757238188539  0.03182324295083463  0.03337186638147976
  0.03503717123079873  0.03683822643594319  0.03871142810293653  0.04043386958594499
  0.04173942744772306  0.04290998694073347  0.04406259737442886  0.04544969735265428
  0.04700828535773226  0.04844213762728557  0.04976857268149086  0.05146041200795957
  0.05373721751511078  0.05627805959551650  0.05869525936106280  0.06067153372969085
  0.06259979228199036  0.06473402340715767  0.06710493500732372  0.06955511291247819
  0.07279611643990003  0.07526065415166897  0.07744221013203188  0.07899094333524331
  0.08046719230584991  0.08185547568128844  0.08245385339352150  0.08342257539642869
  0.08460122113489202  0.08579049823855808  0.08661170368861482  0.08763519082068848
  0.08910587441900407  0.09069277385037688  0.09228605730571941  0.09471304032710021
  0.09714187840296590  0.09917932714770424  0.10116613915719896  0.10287302425012333
  0.10475082387520633  0.10672956830949526  0.10890552871424292  0.11120840140049613
  0.11346379284984941  0.11577614562183586  0.11862440249443527  0.12130369515784406
  0.12415262125166120  0.12733685001289383  0.13062286759361130  0.13397745632798339
  0.13781750631844517  0.14281289246736970  0.14690783638515578  0.15067257575876616
  0.15494361019159242  0.16096453515513134  0.16815715712697429  0.17676194170044487
  0.18777143665716187  0.19651390140393876  0.59443926137413272  1.00000000000000000
 -0.00156032749003412  0.00839706263988749  0.01686759526560591  0.02354926227734812
  0.03017569667069629  0.03742492726670653  0.04314334011058697  0.05043893097593605
  0.05903424835989104  0.06643203145363320  0.07522538886169548  0.08366473594588110
  0.09129474474087164  0.10175033419674119  0.11376844936784535  0.12629594372864281
  0.13790000029151148  0.15028612265512556  0.16216414730632933  0.17269522804778947
  0.18321365358082145  0.19323676114900962  0.20369635731759392  0.21415789669419846
  0.22385755080048059  0.23266815885960884  0.23970103420660913  0.24871260017490629
  0.25983475259539401  0.27401588053597131  0.28990076713192331  0.30422767221616276
  0.31614078873795692  0.32585410239581403  0.33488037418954131  0.34207415799366248
  0.35092327950911589  0.35928364701351784  0.36729364741422355  0.37676108514490270
  0.38397893261959393  0.39037455246667130  0.39664921780647749  0.40466929527742707
  0.41716126941983134  0.43082273205103955  0.44004228556123565  0.44844200829984487
  0.45762273097847173  0.46869614272287091  0.47952210726122113  0.49015014638671767
  0.50094598449049554  0.51351563509140641  0.52521687844401643  0.53591491127151381
  0.54465045961291592  0.55281784109034726  0.56358619167646284  0.57896423006272535
  0.59672755573055392  0.61458435998005723  0.63103609556834594  0.64498067542188209
  0.65750264939706560  0.66980253585831417  0.68190370336782735  0.69393341862979019
  0.70682841183474421  0.72113087137881049  0.73449572671775820  0.74136412070539992
  0.74892275419737353  0.75673110377983188  0.76493342000132813  0.77231886529585803
  0.77919448837940086  0.78702071282146979  0.79606641374242593  0.80634228216766979
  0.81655383553649530  0.82553395361112858  0.83560663439826610  0.84602520951648474
  0.85837740465761603  0.87145078144840316  0.88494071794872542  0.89815856525477500
  0.91313176529605877  0.92809922335030959  0.93989024190333548  0.95147835310529527
  0.96230460334903800  0.97510984160452019  0.98823807269758968  1.00000000000000000
 -0.00302060758152643  0.01039068804471499  0.02486621958831746  0.03990550228207069
  0.05352898667560018  0.06519747024705634  0.07652911264952861  0.08743228424560959
  0.09730844860097665  0.10709100519705433  0.11913029234350246  0.12933873277064600
  0.13867884845435180  0.14960300641984303  0.16152053835478844  0.17224680000791792
  0.18431835460782292  0.19942320050716075  0.21517055458618131  0.22925633236156756
  0.24015392574082564  0.24837243565440198  0.25693177685187774  0.26524323738378963
  0.27372901021942675  0.28367332068044443  0.29581706800262814  0.30763276195207612
  0.31865261099803105  0.33095734579024927  0.34496094304159092  0.35852387083367648
  0.37155991417130302  0.38494192575199926  0.39832297132895461  0.41167676609646431
  0.42356902835050153  0.43603124142868360  0.44808300787633770  0.45960257103053193
  0.47088980567078553  0.48225432269215779  0.49412797585790219  0.50501673554147919
  0.51589286222551722  0.52764551660465753  0.53918081690948660  0.55256354475513514
  0.56666142051052337  0.57823474227775218  0.58808945518555555  0.59679929941241394
  0.60577524418348150  0.61646677877124201  0.62747221789895224  0.63884539567790211
  0.65070274591397115  0.65929732618685633  0.66601412181681729  0.67366487297934374
  0.68075578307354967  0.68855338275386191  0.69662720012795309  0.70292122681446523
  0.70935964015209774  0.71639417459308730  0.72401088378435108  0.73157035439291496
  0.73901158272893575  0.75046664816771369  0.76493023047476316  0.77981017657372242
  0.79164224949389317  0.80280929237267984  0.81252795483701556  0.82344599987987899
  0.83316193372303671  0.84221798221411193  0.85189699104657157  0.85794842363409496
  0.86300703130553857  0.87016880812216479  0.87830648740144124  0.88534318128318268
  0.89114803152326927  0.89822714587631869  0.90607310911222916  0.91534183909630495
  0.92812446159499129  0.94207292135303555  0.95364615234027084  0.96321983242500353
  0.97260727159298188  0.98209969497772520  0.99100434413961069  1.00000000000000000
 -0.00327980407128588  0.01142374229926119  0.02796737064745166  0.03791228488914857
  0.04921701845567937  0.05823522996868623  0.06641584276382956  0.07456335275419547
  0.08643403102928680  0.09587022600795322  0.10133391552755844  0.10811001933874217
  0.11540700909007306  0.12324469891734340  0.13327838807612222  0.14568993937876862
  0.15775549196219329  0.16877426332666007  0.17962312101769959  0.19071616185769494
  0.20337906948878029  0.21818975148871156  0.23465533092333160  0.24936198030336490
  0.25773202424904834  0.26412248013995110  0.27026559185502375  0.27355571429477993
  0.27801715983103714  0.28611720067834595  0.29346745644331529  0.29807591129045125
  0.30564430958838407  0.31841722840462733  0.33354986478165555  0.34642311188196295
  0.35732728983252837  0.36805827553715881  0.37954417078021507  0.39150584294976487
  0.40356291905262820  0.41310715954296495  0.42235012141598144  0.43144585714736028
  0.44081212897599636  0.45206700712335762  0.46437795291932948  0.47698239307577356
  0.48929344178318585  0.50046906465052388  0.51271918012901185  0.52550557109620533
  0.53869588140549862  0.55230581608284324  0.56615997205871993  0.57653837906758465
  0.58588064117296923  0.59445539362822386  0.60299367356849809  0.61251197745073105
  0.62469538637939914  0.63810371782916486  0.65294538154778636  0.66135914377583693
  0.66913409386954470  0.67681063025537447  0.68571481140724377  0.69642982699828815
  0.70756464130239438  0.71766205204801947  0.72621921707952375  0.73447242973304327
  0.74298779196410192  0.75252972464547885  0.76161532252756781  0.77020069867886687
  0.78103755228048299  0.79200530962429705  0.80334202007845257  0.81471021395517296
  0.82670191025242712  0.83901344510547105  0.85101456670579267  0.86337342572576914
  0.87724034879786195  0.89318863109596858  0.90917290570794418  0.92076020536967773
  0.93172406150468357  0.94196575393044690  0.94951817157350649  0.95602413755498161
  0.96391466728624686  0.97456555956715174  0.98715077125299677  1.00000000000000000
 -0.00190689359555595  0.00953600681114159  0.01849270998818252  0.02593631703710126
  0.03337222051309911  0.04120195148989163  0.04997877152977780  0.05815831870033458
  0.06729583950367574  0.07608982956079244  0.08458770731307232  0.09261448781696791
  0.09898902554132880  0.10511422123782095  0.11178614131441829  0.11996845771189060
  0.13015959204337160  0.14173673574734252  0.15416899153794386  0.16604802138390712
  0.17678139956053962  0.18678378268084483  0.19579546713327736  0.20551135899148523
  0.21516627289326881  0.22558208943176561  0.23630040814862094  0.24795354359809757
  0.26161663129753882  0.27583285921250711  0.28950104882791067  0.30319147048534473
  0.31394643140679551  0.32105189386659855  0.32851410065858333  0.33805717153926113
  0.34541826801695241  0.35313969828254377  0.35888571755828008  0.36430225718448184
  0.36992238389546184  0.37900701733306030  0.39233635642001702  0.40734950054575997
  0.42189609744807471  0.43558228706906410  0.44905551636807878  0.46138359007060298
  0.47169897276406958  0.48081769027118598  0.48930235368761316  0.50071706648454817
  0.51516966426244437  0.53038015849789488  0.54455008629426926  0.55867048670032915
  0.56990703250187880  0.58024590473978066  0.59059853068628332  0.60215469010903377
  0.61413733322432329  0.62711353641061485  0.64146663823564365  0.65721449934867293
  0.67211882896699415  0.68452097261438349  0.69817730720974613  0.71181396677523723
  0.72283846424679898  0.73551463682410256  0.74940172362426372  0.76269929976299278
  0.77723888957822973  0.79270786258191150  0.80410108368315480  0.81307285734430490
  0.82233515758118980  0.83274421751298222  0.84151793650315221  0.84971543850395559
  0.85745026929193380  0.86422051029077007  0.87093392077021436  0.87867753472018151
  0.88635473787930319  0.89356303987545882  0.90043317100324050  0.90913817352613158
  0.91938651425702023  0.93035329091677144  0.94394966366955058  0.95776714641199057
  0.96711784192911376  0.97638211463035252  0.98792976277242950  1.00000000000000000
 -0.00487997347514605  0.01424906034458932  0.02784665570827423  0.03911506381454544
  0.05144117855472622  0.06801717742315552  0.08657758774962275  0.10215991002010079
  0.11591787860596288  0.12967319175925354  0.14379176226662768  0.15828281411947706
  0.17218124844419691  0.18253166092212866  0.19221454193281559  0.20192708894106887
  0.21156864351990531  0.22239057249181801  0.23271748464859338  0.24299999449070972
  0.25200399426790743  0.26080761954733589  0.26958039294186631  0.27751644548589804
  0.28766696036338441  0.29526310030887287  0.30251932136855764  0.31094352861262370
  0.32175711540640828  0.33259907964990731  0.34140149329288944  0.35044780212433640
  0.35755231852726371  0.36424325682821629  0.37248390786050528  0.37918352942480249
  0.38676052000740374  0.39484436419977437  0.40602691197110935  0.41854645329743184
  0.43037420863046594  0.44174030584330271  0.45263263302246926  0.46440416141054830
  0.47396233002544386  0.48148832786324341  0.48811510172544287  0.49328198900224862
  0.49989629315154999  0.50610844878394079  0.51136664409649979  0.51687190566150121
  0.52345141654814564  0.53090859135607937  0.54347328596888278  0.56038300268964336
  0.57523041275401121  0.58857953879327429  0.60293920213197150  0.61479373823570305
  0.62597263240375656  0.63648550900557355  0.64662299239479759  0.65710641873009845
  0.66803496632627235  0.67972770559408913  0.69227803002441179  0.70500166945193998
  0.71623360193922658  0.72694180215512338  0.73603211618397424  0.74506872346491959
  0.75478408902210170  0.76617575077196276  0.77890865220887873  0.78987136254387058
  0.80012847705414192  0.81048049634732244  0.82081039609664452  0.82995072988286400
  0.83779933373391580  0.84620653898049469  0.85541202234654568  0.86257698750372302
  0.87079635635192254  0.88157294175238832  0.89257541200807244  0.90236615938485831
  0.91160902943673805  0.92114823938872070  0.93122979226748182  0.94124992264283436
  0.95166750386922483  0.96355534780737206  0.97826529264450446  1.00000000000000000
 -0.00129697215979329  0.00684880709333724  0.01439580201755182  0.02165922132174603
  0.02896239285430375  0.03671415637646749  0.04476836705517982  0.05382413062516191
  0.06308864239161319  0.07330904806813628  0.08489423292538750  0.09742097188397064
  0.10887414292388664  0.12484553990040873  0.14062073926392871  0.15418730208494796
  0.16642170513071070  0.17832218406026976  0.19139083848485372  0.20592048821558673
  0.22140730360748506  0.23748549374744354  0.25354479335130509  0.26867436677465939
  0.28231538060046918  0.29414468241189118  0.30533535642003012  0.31355404132173736
  0.32098545322251887  0.32851970484047988  0.33529153908753451  0.34267423370403433
  0.35087982236543730  0.35980742911582858  0.36989206388343737  0.38225591292039329
  0.39512111008087519  0.40698028658299557  0.41778326021470069  0.42717214270659487
  0.43640706424190223  0.44630374741875495  0.45660671435881739  0.46648834603959921
  0.47642597992828001  0.48787209912061608  0.49835557796523611  0.50796451263579667
  0.51861527370050187  0.53009473810819907  0.54205915709161712  0.55422141183444273
  0.56479634020857561  0.57505466618129819  0.58439146704182210  0.59420495895784264
  0.60570481185052993  0.61421902929601080  0.62599598826044645  0.64100926171053840
  0.65699421143483272  0.66829840206093249  0.67529795164208117  0.68106248584697371
  0.68597922805858380  0.69258392706358141  0.70107409768744311  0.70907433767971184
  0.71763513305068227  0.72419048877227032  0.73140603334259924  0.74240575565269762
  0.75677005427755406  0.77283637286842488  0.78909209799321656  0.80443536543125449
  0.82102187620695499  0.83582374331720788  0.84705174522393778  0.85615284863608321
  0.86531323321123987  0.87466234019951383  0.88261311445460533  0.89070806814888193
  0.89917703887994038  0.90877080921957565  0.91828426379165462  0.93031605640203585
  0.94059172594530016  0.94963064831153177  0.95886404973029338  0.96675474121001626
  0.97533293215388561  0.98384793028633499  0.99211991521348086  1.00000000000000000
 -0.00301639789852458  0.01107043328430557  0.02232232129605869  0.03371173768110366
  0.04399249120123985  0.05388516232538110  0.06375569394200491  0.07486481503627106
  0.08838950494666534  0.10218563594170274  0.11607595074865529  0.12961662737588120
  0.14086591990288463  0.15092062512486262  0.16129541304355241  0.17343491262815239
  0.18889273883147978  0.20223687876485361  0.21549125342923509  0.22841979196277007
  0.24057049275629577  0.25169183675449158  0.26177737232007164  0.27191978609881728
  0.28313942169847250  0.29533985483463676  0.30636893724936554  0.31663821435485090
  0.32672396961843392  0.33774206961510900  0.34857690706543443  0.36012800856302823
  0.37198653310333751  0.38312254533525053  0.39383348958451264  0.40395280462614391
  0.41120256955264933  0.41766666048104589  0.42408069773097112  0.43061320816703563
  0.43829786128112591  0.44920023066502629  0.46224158399199028  0.47524205372250788
  0.48708484703431909  0.49807805084346579  0.51001927326192376  0.52145207511190639
  0.53304497880654245  0.54327515016323780  0.55257303393424517  0.56194949465676680
  0.57152941542397118  0.58285005206668150  0.59523327205564092  0.60491319629256579
  0.61478992685888689  0.62487146727031284  0.63362374080232819  0.64124756879198086
  0.64842497685968736  0.65597822231248615  0.66410416366288494  0.67133610284169154
  0.68058279264254984  0.68956014996217740  0.69803383754167669  0.70540391485298826
  0.71464820270497875  0.72510133637811969  0.73588092583587061  0.74508629876038490
  0.75376422769870477  0.76288219413799541  0.77235115784277841  0.78347605718111568
  0.79385451081556280  0.80316113324966321  0.81229510700823537  0.82217694919530349
  0.83020994255751890  0.83922887491766573  0.84918742935767810  0.86081097051891831
  0.87375634642196232  0.88785362743850282  0.89916053466261214  0.91159038530632619
  0.92372429824097080  0.93553408042928143  0.94657066664043754  0.95711734870448950
  0.96642350720298320  0.97576780853478151  0.98816926148504247  1.00000000000000000
 -0.00235415678023532  0.00928051797959497  0.01855952073354650  0.02869719274401514
  0.03915721719780506  0.05072029909526827  0.06312989505528037  0.07654721115804058
  0.09136642085427932  0.10527032706191766  0.11992244025173852  0.13312897727689230
  0.14401707806492173  0.15595568471234345  0.16624016340054643  0.17580602701220274
  0.18479779062519872  0.19369512413613713  0.20362962409991797  0.21532329023653385
  0.22984718699042647  0.24112987208033576  0.25148573107451910  0.26136227827044622
  0.27142538044509146  0.28278201894202054  0.29300259680492291  0.29902579893952347
  0.30627359147366889  0.31393541270006953  0.32062062903564781  0.32810168859394018
  0.33923729668017660  0.35260979300056444  0.36622095221995532  0.37948122691486347
  0.39166514477374170  0.40325020467933997  0.41466784622055930  0.42682173739352530
  0.43922173482437032  0.44907099550076252  0.45804483144063612  0.46722056354406388
  0.47744900614022784  0.48803251099554440  0.49920083636506551  0.51131613853943980
  0.52438180261780776  0.53303019079608416  0.54246860063296376  0.54912214327922060
  0.55651346208283892  0.56475275742386533  0.57174966933989912  0.57809751135146947
  0.58551763661329370  0.59332304483487619  0.60212844937402243  0.61323276087074552
  0.62469281659793174  0.63429863628196936  0.64332802905353914  0.65221288808917155
  0.66253864523173722  0.67399348084497079  0.68655311508387662  0.69969943772370990
  0.71321336657741663  0.72715801922313639  0.74126300976000103  0.75162151278449341
  0.75785796554828622  0.76511928635639048  0.77304126435906995  0.78032370483792357
  0.78826354530423715  0.79429868167890005  0.80129137204226397  0.80829550483517554
  0.81438064978519176  0.82182057414070631  0.83202434253343260  0.84548872175909495
  0.86180945589357094  0.87773918079760938  0.89251455955670389  0.90587849778742413
  0.91754440848453400  0.92979891503704637  0.94248066476108983  0.95544862838017597
  0.97001938522211339  0.98140778055151801  0.99116468690236315  1.00000000000000000
 -0.00441738987508963  0.01063022722834903  0.02240815024592401  0.03135865597640987
  0.04110470712917257  0.05115654283295273  0.06053325209280253  0.06777009432501228
  0.07492779858993358  0.08348430317550663  0.09254181860884969  0.10207292117395621
  0.11463672005718208  0.12797428537381331  0.13973474093221333  0.14930930600727829
  0.15698506061972708  0.16504863812911061  0.17192298554814228  0.17734568476956070
  0.18266522094328247  0.18904522522208392  0.19658751817398065  0.20481348734337951
  0.21366437532239699  0.22425256080375572  0.23586546695447505  0.24870920035698205
  0.26001808566561768  0.27274777229206654  0.28666329172175092  0.30119014326123283
  0.31560424411133059  0.32989630020910488  0.34530096843273084  0.36084184779627232
  0.37474743121236215  0.38556970401827123  0.39454147287413199  0.40474597200781903
  0.41294847953840097  0.41868823595332993  0.42485718193620586  0.43239524618315239
  0.44008278158411052  0.44803577014226625  0.45868076281192866  0.47063941100942192
  0.48318724921312961  0.49592917585928198  0.50794721907982388  0.52044522959247619
  0.53361755931685484  0.54605789030150709  0.55846117132115636  0.57155386551263077
  0.58412289467820977  0.59508543329193742  0.60693879405077722  0.61975552012637902
  0.63303642270934757  0.64614648380128892  0.65813043808222715  0.66810864632856393
  0.67588117904351164  0.68273943930236747  0.68969989126121334  0.69668213751677499
  0.70387169625323642  0.71157163065098605  0.71904166965518079  0.72797097436209490
  0.73701876841769309  0.74554501763530134  0.75684722606673283  0.76896990201084703
  0.78112217469258793  0.79459497535480716  0.80776231951599331  0.82043904297044257
  0.83211882712591489  0.84245612755405308  0.85200415242831962  0.86232264753391041
  0.87253438446961396  0.88467098829134361  0.89990364102863174  0.91360713920981018
  0.92370720773748294  0.93357692746113796  0.94297381592907459  0.95282157168644133
  0.96294132486786110  0.97365584542103734  0.98561844154802036  1.00000000000000000
  0.06883847932223409  0.07255577738781729  0.07639291833952658  0.07767335749061181
  0.07821511741493026  0.07877470476096540  0.07940972113702267  0.08004779848570247
  0.08071416017982037  0.08147850834628809  0.08214815758209910  0.08286944699264237
  0.08365917624433764  0.08447174885483480  0.08535199856347044  0.08641121090026430
  0.08743909711052895  0.08842197573343874  0.08963066846180996  0.09112278976959381
  0.09253522469428070  0.09382555959127420  0.09489667347475682  0.09592347882242823
  0.09694964345797764  0.09804330448510207  0.09937794894551746  0.10075458944707763
  0.10193015339956929  0.10303392591523465  0.10399202182304577  0.10476819607723083
  0.10556556032738619  0.10640302840448539  0.10725005877298979  0.10833494768032123
  0.10952717531652716  0.11061228444384789  0.11182051470260305  0.11309800285248137
  0.11433505708688438  0.11555699704750197  0.11684152902906197  0.11802918647458090
  0.11913495511432881  0.12021841867506880  0.12133189118459449  0.12238620695577317
  0.12356935954545704  0.12485150443142395  0.12638125580755938  0.12808563398075085
  0.13009259864757219  0.13225052595892792  0.13440296312927272  0.13662946029853665
  0.13895729949395427  0.14125135740019079  0.14262294042019394  0.14380215235003005
  0.14512400112801502  0.14657321497962550  0.14796227985039392  0.14899724426842892
  0.15028030948859089  0.15200704342276725  0.15408745529944037  0.15672983289157158
  0.15934579136817997  0.16204357362035052  0.16483437006091228  0.16843351248077415
  0.17252935280421577  0.17590815295663059  0.17873080878865302  0.18147812218322262
  0.18466570998802539  0.18814506178522444  0.19197654220378482  0.19612209524692309
  0.20071614489194001  0.20546284561906430  0.20883319231641129  0.21236312550088041
  0.21709361268669872  0.22219105806954753  0.22694013070154098  0.23289424902354777
  0.24216001370432114  0.25416823774927072  0.26451682582431962  0.27762872272568351
  0.29095821954979356  0.30735366733281827  0.33649630169549155  1.00000000000000000
 -0.00419918867248506  0.01293786488381274  0.02691986741546295  0.03979823030463562
  0.05196762101061689  0.06360374151638512  0.07531803567931895  0.08715561556027114
  0.09940933740797950  0.11178220757246571  0.12469280694278058  0.13697572003359998
  0.14817092356757933  0.15893490442494648  0.17066316656406255  0.18310857924026133
  0.19590949773624461  0.20977627787079636  0.22073949808014937  0.23386118268875580
  0.24567093878542268  0.25809723310610644  0.27025285999353360  0.28331399222223225
  0.29620946290584027  0.30730120819936513  0.32022199139153162  0.33211738871163926
  0.34208013279724059  0.35196119124293473  0.35863242908431592  0.36386777744648163
  0.36953701866959549  0.37598757728277421  0.38273035759793689  0.39008295731443282
  0.39795696650280060  0.40585509209214904  0.41333438868656919  0.42053205643987696
  0.42725095858648121  0.43357783424554341  0.44026254031742018  0.44704652278076712
  0.45392790069610128  0.46402538776125185  0.48185787604332952  0.49671890429108262
  0.50693245405857923  0.51666243778924370  0.52643226994259806  0.53701113248924681
  0.54905888499800726  0.56088439312308080  0.57313840697751761  0.58505744854464670
  0.59429799933783012  0.60334365261627043  0.61251873628388709  0.62188384555147236
  0.63469467402001190  0.64664758537386235  0.65441411341509415  0.66353256438933172
  0.67173946085001290  0.67982390074430787  0.68763500933716304  0.69588728105118591
  0.70361461077038123  0.71336594336601622  0.72204886423165204  0.73144213359995192
  0.74230032230849707  0.75438392601725957  0.76658210078764066  0.77878608834533569
  0.79096192885296213  0.80099606658650269  0.80996051306488714  0.81963912621764234
  0.83078779109657330  0.84389495179866980  0.85863405241601376  0.86772764759898036
  0.87637665768627659  0.88452176146027162  0.89214814077908478  0.90286332383261991
  0.91573440238470327  0.92842540518136163  0.94122837257383163  0.95300714569197842
  0.96424277517313517  0.97502824884156825  0.98640337367087016  1.00000000000000000
  0.09799788145252801  0.24408476222033348  0.37710327814057593  0.40089831116213470
  0.42768586878250048  0.45208827164101140  0.47601593455718061  0.49671170431748635
  0.51836451761798930  0.53816978030114870  0.55406822283009294  0.56752349773852162
  0.57939097494200476  0.59033365060420440  0.60131272376500133  0.61199961165706052
  0.62229821657025552  0.63020332135240309  0.63448651776250187  0.63868857605110474
  0.64279712678341272  0.64629174440314463  0.64924928285593630  0.65324663043890829
  0.65828301146443990  0.66302097207136590  0.66763936367435250  0.67339259881606472
  0.68037027846529474  0.68655096167931251  0.69076848944655500  0.69424750093724152
  0.69796168375135170  0.70134951374994015  0.70405449112126461  0.70572790566491506
  0.70796409991372522  0.71030449629103032  0.71303846538303317  0.71614313087904924
  0.71967745493918178  0.72274325256169591  0.72605982129836510  0.72965011264543078
  0.73338398942032756  0.73683279270663771  0.74009694924055858  0.74340157726133815
  0.74675816548566576  0.74971079830203835  0.75307529287579267  0.75682250513999239
  0.76030445439937744  0.76386378183442738  0.76730395030322118  0.77040548642946027
  0.77374708773497547  0.77783980907656680  0.78187534069277076  0.78505970120355484
  0.78778978618739115  0.79064842454877449  0.79358672099708327  0.79698452138486919
  0.80069743167080953  0.80433696813021827  0.80811729056529180  0.81238853093621743
  0.81714510690185649  0.82210690218492188  0.82705537814728580  0.83133331203149230
  0.83555911014980266  0.83968844647126106  0.84339693240100200  0.84623705700855600
  0.84882037527401089  0.85144408143854899  0.85394763700247567  0.85649455093307070
  0.85899446485009323  0.86202841921928086  0.86528729059699450  0.86893621457783876
  0.87334614395134524  0.87796326906670763  0.88172667942485661  0.88734644264962159
  0.89382735313330586  0.90014285017372830  0.90690143813551938  0.91436666670671196
  0.92320143862291593  0.93321351008698061  0.94823169314354394  1.00000000000000000
   3.1979928953415310E-013  -1.0000000000000000     
 F F F F F F F F F F F F F F F F F F F F F F F F F F F F F F F F F F F F F F F F F F F F F F F F F F F F F F F F F F F F F F F F F F F F F F F F F F F F F F F F F F F F F F F F F F F F F F F F F F F F F F F F F F F F F F F F F F F F F F F F F F F F F F F F F F F F F F F F F F F F F F F F F F F F F F F F F F F F F F F F F F F F F F F F F F F F F F F F F F F F F F F F F F F F F F F F F F F F F F F F F F F F F F F F F F F F F F F F F F F F F F F F F F F F F F F F F F F F F F F F F F F F F F F F F F F F F F F F F F F F F F F F F F F F F F F F F F F F F F F F F F F F F F F F F F F F F F F F F F F F F F F F F F F F F F F F F F F F F F F F F F F F F F F F F F F F F F F F F F F F F F F F F F F F F F F F F F F F F F F F F F F F F F F F F F F F F F F F F F F F F F F F F F F F F F F F F F F F F F F F F F F F F F F F F F F F F F F F F F F F F F F F F F F F F F F F F F F F F F F F F F F F F F F F F F F F F F F F F F F F F F F F F F F F F F F F F F F F F F F F F F F F F F F F F F F F F F F F F F F F F F F F F F F F F F F F
  <DiscreteSampler_grid>
  grouped_processes
  1 # 1 for a reference and 2 for a running grid.
  10 # Attribute 'min_bin_probing_points' of the grid.
  1 # Attribute 'grid_mode' of the grid. 1=='default',2=='initialization'
  0.0000000000000000 # Attribute 'small_contrib_threshold' of the grid.
  0.5000000000000000 # Attribute 'damping_power' of the grid.
 # binID   n_entries weight   weight_sqr   abs_weight
    10   10   1.165795351228046E-002   1.241015621126414E-003   1.165795351228046E-002
  </DiscreteSampler_grid>
