  0.02326421561955579  0.02596030984477911  0.02865640407000244  0.03135249829522576
  0.03404859252044908  0.03674468674567240  0.03944078097089573  0.04230385669151349
  0.04595739387502697  0.04961093105854044  0.05326446824205391  0.05691800542556739
  0.06057154260908087  0.06375299784198390  0.06640671520984300  0.06906043257770209
  0.07171414994556118  0.07436786731342027  0.07702158468127936  0.07967530204913845
  0.08232901941699752  0.08498273678485663  0.08763645415271575  0.09029017152057486
  0.09294388888843398  0.09559760625629310  0.09825132362415222  0.10090504099201134
  0.10355875835987045  0.10621247572772954  0.10886619309558863  0.11151991046344772
  0.11417362783130680  0.11682734519916589  0.11948106256702498  0.12213477993488407
  0.12478849730274316  0.20959678558186615  0.21494640078476709  0.22029601598766807
  0.22564563119056902  0.23099524639346994  0.23634486159637083  0.24169447679927172
  0.24704409200217262  0.25239370720507354  0.25774332240797443  0.26309293761087532
  0.26844255281377621  0.33820582445548708  0.36740324456530393  0.38263573903499942
  0.39786823350469491  0.41310072797439051  0.50996117537079777  0.52291235460063523
  0.52519512385090927  0.52747789310118343  0.52976066235145747  0.53204343160173162
  0.53432620085200566  0.53660897010227981  0.53889173935255386  0.54117450860282801
  0.54345727785310205  0.54574004710337609  0.54802281635365013  0.55030558560392429
  0.55258835485419833  0.55487112410447237  0.55715389335474641  0.55943666260502056
  0.56171943185529460  0.56400220110556865  0.56628497035584269  0.56856773960611684
  0.57085050885639088  0.57313327810666492  0.57541604735693896  0.57769881660721301
  0.57998158585748716  0.58226435510776120  0.64810220889012116  0.76991263134909582
  0.79559547231355143  0.80037847007390339  0.80516146783425524  0.80994446559460709
  0.81440333611711835  0.81849034045104230  0.82257734478496625  0.82666434911889020
  0.83075135345281415  0.84553827932322401  0.84553827932323400  1.00000000000000000
  0.01003131313976160  0.33455741838867803  0.33578150344402286  0.33700558849936763
  0.33822967355471245  0.33945375861005722  0.34067784366540199  0.34190192872074682
  0.34312601377609159  0.34435009883143641  0.34557418388678118  0.34679826894212601
  0.34802235399747078  0.34924643905281555  0.35047052410816038  0.35169460916350515
  0.35291869421884997  0.35414277927419474  0.35568753549524379  0.35723867399666759
  0.35878981249809144  0.36034095099951524  0.36189208950093910  0.36344322800236289
  0.36499436650378669  0.36654550500521055  0.36809664350663435  0.36964778200805820
  0.37119892050948200  0.37275005901090585  0.37430119751232965  0.43081172869932616
  0.53238167273501724  0.58906611359649264  0.60056943079646052  0.60639407925255306
  0.60963495579327343  0.61287583233399379  0.61611670887471404  0.61935758541543440
  0.62259846195615476  0.62583933849687501  0.62908021503759537  0.63232109157831573
  0.63556196811903598  0.63880284465975634  0.64204372120047670  0.64528459774119695
  0.64853862257560690  0.65179532740963830  0.65505203224366970  0.65830873707770110
  0.66156544191173250  0.66482214674576390  0.71070981761349739  0.81227976164918847
  0.83524871744557805  0.83766493977906997  0.84008116211256190  0.84249738444605382
  0.84491360677954574  0.84732982911303767  0.84974605144652959  0.85216227378002152
  0.85457849611351344  0.85699471844700525  0.85941094078049718  0.86182716311398910
  0.86424338544748092  0.86665960778097284  0.86907583011446476  0.87149205244795658
  0.87390827478144850  0.87632449711494043  0.87874071944843224  0.88115694178192416
  0.88357316411541609  0.88598938644890801  0.88840560878239982  0.89082183111589175
  0.89323805344938367  0.89565427578287549  0.89924600203594696  0.90293181293311342
  0.90661762383027977  0.91030343472744613  0.91398924562461248  0.91752270704162298
  0.92065165853437425  0.92378061002712542  0.92690956151987658  0.93003851301262774
  0.93316746450537891  0.93629641599813018  0.95235177741310728  1.00000000000000000
  0.00284918508492548  0.00523793393890586  0.00762668279288624  0.01001543164686661
  0.01240418050084699  0.01479292935482737  0.01718167820880774  0.01957042706278812
  0.02240113731762072  0.02572761477178248  0.02905409222594425  0.03238056968010601
  0.03570704713426778  0.03903352458842954  0.06597267172502970  0.08588658836446969
  0.08888643495337516  0.09188628154228064  0.09488612813118610  0.09788597472009157
  0.10088582130899705  0.10388566789790252  0.10688551448680797  0.10988536107571339
  0.11288520766461885  0.11588505425352429  0.11888490084242972  0.12188474743133516
  0.12488459402024060  0.12788444060914606  0.13088428719805148  0.13388413378695693
  0.13688398037586236  0.13988382696476781  0.14288367355367323  0.14778427977948352
  0.19690904710769286  0.21117752296627668  0.22544599882486063  0.23971447468344448
  0.28255233433566573  0.39916743957181272  0.51578254480795982  0.58540073121359470
  0.59031448192967761  0.59522823264576041  0.60014198336184321  0.60505573407792601
  0.60996948479400881  0.61488323551009161  0.61979698622617441  0.62471073694225721
  0.62962448765834000  0.63453823837442280  0.63945198909050560  0.64436573980658829
  0.72761891964311487  0.84423402487926180  0.91744539264246927  0.91950076041805040
  0.92155612819363153  0.92361149596921266  0.92566686374479368  0.92772223152037481
  0.92977759929595594  0.93183296707153707  0.93388833484711820  0.93594370262269921
  0.93799907039828034  0.94005443817386147  0.94210980594944260  0.94416517372502373
  0.94622054150060486  0.94827590927618588  0.95033127705176701  0.95238664482734814
  0.95444201260292927  0.95649738037851040  0.95853111546240688  0.96038383905363456
  0.96223656264486213  0.96408928623608980  0.96594200982731748  0.96779473341854516
  0.96964745700977284  0.97150018060100052  0.97335290419222809  0.97520562778345576
  0.97705835137468344  0.97891107496591112  0.98223032079013273  0.98578425663210623
  0.98933819247407973  0.99289212831605311  0.99644606415802661  1.00000000000000000
  0.01232540134085287  0.06394526961269267  0.06539053922538535  0.06683580883807802
  0.06828107845077068  0.06972634806346335  0.07117161767615603  0.07261688728884870
  0.07406215690154137  0.07550742651423405  0.07695269612692672  0.07839796573961939
  0.07984323535231207  0.08128850496500473  0.08273377457769740  0.08439830809663751
  0.08621828669906995  0.08803826530150238  0.08985824390393482  0.09167822250636726
  0.09349820110879969  0.09531817971123213  0.09713815831366457  0.09895813691609701
  0.10077811551852944  0.10259809412096188  0.10446351140619738  0.10661242969886925
  0.10876134799154114  0.11091026628421302  0.11305918457688489  0.11520810286955678
  0.11735702116222865  0.11950593945490054  0.12165485774757243  0.12380377604024431
  0.17398184794257984  0.28446638156050175  0.39495091517842351  0.43903273604355769
  0.44152544978774011  0.44401816353192253  0.44651087727610500  0.44900359102028742
  0.45149630476446984  0.45398901850865225  0.45648173225283467  0.45897444599701709
  0.46146715974119956  0.46395987348538203  0.46645258722956445  0.46894530097374693
  0.47143801471792940  0.47393072846211182  0.47642344220629429  0.47891615595047676
  0.48140886969465918  0.48390158343884160  0.48639429718302402  0.48888701092720643
  0.49137972467138885  0.49387243841557127  0.49636515215975374  0.49885786590393616
  0.55986173217221080  0.59436005428304428  0.60836121580082947  0.62236237731861466
  0.63636353883639973  0.68159079326367378  0.69171707587102582  0.69617244478772278
  0.70062781370441973  0.70508318262111658  0.70953855153781353  0.71399392045451049
  0.71844928937120744  0.72290465828790451  0.72736002720460147  0.73181539612129842
  0.73627076503799527  0.74072613395469222  0.74518150287138918  0.74963687178808602
  0.85147965615727761  0.87891636179657462  0.88389194321338660  0.88886752463019847
  0.89384310604701045  0.89663762503050937  0.89797810882145923  0.89931859261240910
  0.90065907640335885  0.90199956019430871  0.90232897955007296  1.00000000000000000
  0.00000014873306961  0.00000015052326235  0.00000016598552727  0.00000023749984137
  0.00000045755590100  0.00000047206853651  0.00000048658117202  0.00000050109380753
  0.00000051560644304  0.00000053011907856  0.00000054463171407  0.00000055914434958
  0.00000057694393425  0.00000059499358114  0.00000061304322804  0.00000063109287493
  0.00000064914252182  0.00000066719216871  0.00000068524181561  0.00000070489920134
  0.00000072734789804  0.00000074979659474  0.00000077224529144  0.00000079469398814
  0.00000081714268485  0.00000083959138155  0.00000086204007825  0.00000240214623265
  0.00000771180977326  0.00000820394618327  0.00000869608259328  0.00000918821900329
  0.00000971368859821  0.00001032576821781  0.00001093784783741  0.00001154992745702
  0.00001223328593064  0.00001299454125155  0.00001375579657246  0.00001451705189338
  0.00003485096904461  0.00012390653717564  0.00016819875556767  0.00017536925293354
  0.00018253975029940  0.00018971024766527  0.00019688074503113  0.00020449738956464
  0.00021341547652347  0.00022233356348230  0.00023125165044113  0.00024016973739996
  0.00024908782435879  0.00025959012147382  0.00027068171958023  0.00028177331768664
  0.00029286491579305  0.00030395651389946  0.00040558820829493  0.00143316471482328
  0.00509718744275807  0.01809869513819896  0.02504609546102719  0.02572793666926258
  0.02640977787749796  0.02709161908573334  0.02777346029396873  0.02845530150220411
  0.02913714271043950  0.02981898391867488  0.03050082512691027  0.03127513001219646
  0.03205068664226894  0.03282624327234143  0.03360179990241390  0.03437735653248638
  0.03515291316255886  0.03592846979263134  0.03670402642270382  0.03747958305277629
  0.03825355875723901  0.03902515184333331  0.03979674492942761  0.04056833801552191
  0.04133993110161622  0.04211152418771053  0.04288311727380482  0.04365471035989912
  0.04442630344599343  0.04519789653208774  0.04596948961818204  0.04674108270427634
  0.07180977350781027  0.07180977350782028  0.07180977350783029  1.00000000000000000
  0.00918627996091582  0.01265347867275341  0.01275269116738455  0.01285190366201569
  0.01295111615664683  0.01305032865127797  0.01314954114590910  0.01324875364054024
  0.01334796613517138  0.01344717862980252  0.01356095286318605  0.01367731487306363
  0.01379367688294121  0.01391003889281879  0.01402640090269637  0.01414276291257395
  0.01425912492245153  0.01520012493530804  0.01539090770522815  0.01558169047514826
  0.01577247324506837  0.01596325601498848  0.01615403878490859  0.01634482155482870
  0.01653560432474880  0.01672652539875765  0.01692671483569963  0.01712690427264162
  0.01732709370958360  0.01752728314652558  0.01946976229966286  0.01972852090089039
  0.01998727950211792  0.02024603810334545  0.02051618112707283  0.02078769798734971
  0.02105921484762659  0.02130913408965121  0.02147815323158245  0.02164717237351370
  0.02181619151544495  0.02198521065737619  0.02215422979930744  0.02232341948902175
  0.02252738482326183  0.02273135015750192  0.02293531549174200  0.02313928082598208
  0.02334324616022216  0.02355333357681069  0.02376735555287438  0.02398137752893806
  0.02419539950500175  0.02440942148106544  0.02619841700950979  0.03533276459293039
  0.04764685424424690  0.05327876505875130  0.05358144768723654  0.05388413031572178
  0.05418681294420702  0.05448949557269226  0.05479217820117750  0.05509486082966274
  0.05539754345814798  0.05570022608663321  0.05601769006270352  0.05633529665261703
  0.05665290324253054  0.05697050983244406  0.05728811642235757  0.05760572301227108
  0.05792332960218460  0.05824093619209812  0.05856391444488442  0.05889718083173096
  0.05923044721857750  0.05956371360542404  0.05989697999227059  0.06023024637911713
  0.06056351276596367  0.06089677915281021  0.06123004553965675  0.07553430510431806
  0.09957144004889604  0.10336442936338326  0.10707050255496266  0.11720861655575870
  0.11720861655576871  0.11720861655577872  0.11720861655578872  0.11720861655579873
  0.11720861655580873  0.11720861655581874  0.11720861655582875  1.00000000000000000
  0.06458609898885090  0.21058582703695006  0.21283832074056686  0.21509081444418365
  0.21734330814780045  0.21959580185141725  0.22184829555503405  0.22410078925865085
  0.22635328296226767  0.22860577666588447  0.23124758419549105  0.23401847765213718
  0.23678937110878334  0.23956026456542950  0.24233115802207564  0.24510205147872180
  0.24787294493536793  0.27959569442504556  0.31426765382729038  0.31665100881296399
  0.31903436379863753  0.32141771878431113  0.32380107376998474  0.32618442875565834
  0.32856778374133189  0.33095113872700549  0.33333449371267909  0.33571784869835269
  0.33810120368402630  0.34048455866969990  0.34286791365537356  0.34525126864104716
  0.34763462362672076  0.35001797861239436  0.35240133359806797  0.35478468858374157
  0.35716804356941517  0.35955139855508877  0.36193475354076238  0.36431810852643592
  0.36670146351210953  0.36908481849778313  0.37146817348345673  0.37385152846913028
  0.43763707125503931  0.44263297630219978  0.44762888134936019  0.45262478639652065
  0.45762069144368106  0.46261659649084158  0.46761250153800205  0.47260840658516251
  0.47760431163232303  0.48260021667948350  0.48759612172664391  0.49259202677380437
  0.49758793182096478  0.50197338213337594  0.50578895961109116  0.50960453708880638
  0.51342011456652170  0.51723569204423692  0.52105126952195224  0.52486684699966746
  0.52868242447738278  0.53249800195509811  0.53631357943281333  0.54012915691052865
  0.54394473438824398  0.54776031186595919  0.55157588934367441  0.55539146682138973
  0.55920704429910495  0.57994611444769784  0.66845011470376736  0.67403820859013641
  0.67962630247650535  0.68521439636287429  0.69080249024924323  0.69639058413561217
  0.70197867802198111  0.70756677190835016  0.71315486579471910  0.71874295968108814
  0.72433105356745719  0.74631821032720969  0.82014764591668243  0.83606689114262911
  0.85198613636857590  0.86790538159452257  0.94560661116877909  0.96644040047789481
  0.97544743530312750  0.98389429399466577  0.99194714699733244  1.00000000000000000
  0.01956063111623125  0.10589968593582003  0.10763270520497333  0.10936572447412661
  0.11109874374327990  0.11283176301243318  0.11456478228158648  0.11629780155073977
  0.11803082081989305  0.11976384008904635  0.12149685935819964  0.12322987862735292
  0.12496289789650622  0.12710346508855125  0.12925294833234688  0.13140243157614254
  0.13355191481993819  0.13570139806373385  0.13785088130752951  0.14000036455132514
  0.14214984779512080  0.14429933103891646  0.14644975454386749  0.14860252152146572
  0.15075528849906394  0.15290805547666214  0.15506082245426037  0.15721358943185859
  0.15936635640945679  0.16151912338705501  0.16367189036465324  0.16582465734225144
  0.23296818620694543  0.31357084738504426  0.31754238778099259  0.32151392817694091
  0.32548546857288924  0.32945700896883751  0.33342854936478583  0.33740008976073421
  0.34137163015668259  0.34534317055263097  0.34931471094857930  0.35328625134452768
  0.35725779174047601  0.36122933213642433  0.36520087253237266  0.36917241292832098
  0.37314395332426931  0.43300305375448361  0.50094512627906562  0.50340164262247500
  0.50585815896588449  0.50831467530929386  0.51077119165270324  0.51322770799611261
  0.51568422433952210  0.51814074068293148  0.52059725702634085  0.52305377336975034
  0.52551028971315972  0.52796680605656920  0.53042332239997858  0.53287983874338807
  0.53533635508679744  0.53779287143020693  0.54024938777361631  0.54270590411702579
  0.54516242046043517  0.54761893680384455  0.55007545314725392  0.55253196949066341
  0.55498848583407279  0.55744500217748216  0.55990151852089154  0.56235803486430103
  0.66509949863624251  0.77399203226692448  0.85495834361371581  0.85796022435324792
  0.86096210509277993  0.86396398583231204  0.86696586657184405  0.86996774731137616
  0.87296962805090816  0.87575873001848648  0.87810314218584040  0.88044755435319422
  0.88279196652054803  0.88513637868790196  0.88748079085525577  0.88982520302260970
  0.89216961518996352  0.89451402735731744  0.89461577335993447  1.00000000000000000
  0.01114070018132524  0.01225427411159272  0.01336784804186020  0.01448142197212769
  0.01559499590239517  0.01670856983266266  0.01782214376293014  0.01893571769319763
  0.02004929162346511  0.02168538724791970  0.02456469606123091  0.02744400487454212
  0.03032331368785332  0.03320262250116453  0.03608193131447573  0.03896124012778694
  0.04781332193187650  0.10508450616014250  0.10714090255929917  0.10919729895845581
  0.11125369535761247  0.11331009175676912  0.11536648815592578  0.11742288455508243
  0.11947928095423908  0.12153567735339574  0.12359207375255239  0.12564847015170905
  0.12770486655086571  0.12976126295002235  0.13181765934917899  0.13387405574833566
  0.13593045214749233  0.13798684854664897  0.14004324494580561  0.14209964134496228
  0.14415603774411892  0.14621243414327559  0.14826883054243226  0.15032522694158895
  0.15238162334074562  0.15443801973990229  0.15649441613905896  0.15855081253821565
  0.16060720893737232  0.16266360533652899  0.16472000173568568  0.17209787104784469
  0.27118519378156214  0.28293981428598997  0.29469443479041774  0.30644905529484545
  0.31820367579927317  0.32995829630370088  0.40589138454778295  0.43873496529822054
  0.44052620186396590  0.44231743842971133  0.44410867499545675  0.44589991156120218
  0.44769114812694760  0.44948238469269303  0.45127362125843845  0.45306485782418382
  0.45485609438992924  0.45664733095567467  0.45843856752142009  0.46022980408716552
  0.46202104065291094  0.46381227721865642  0.46560351378440185  0.46739475035014727
  0.46918598691589269  0.47097722348163817  0.47276846004738360  0.47455969661312902
  0.47635093317887445  0.47814216974461987  0.47993340631036530  0.48172464287611072
  0.48351587944185614  0.48530711600760157  0.48709835257334699  0.48888958913909242
  0.49068082570483784  0.49247206227058321  0.49426329883632864  0.49605453540207406
  0.49784577196781948  0.49963700853356491  0.58115617820147825  0.68293836810770381
  0.78472055801392926  0.88650274792015460  0.96800330095802778  1.00000000000000000
  0.01781111558278397  0.02255125697773830  0.02426918062214333  0.02598710426654836
  0.02770502791095340  0.02942295155535844  0.03114087519976347  0.03285879884416850
  0.03457672248857354  0.03629464613297857  0.03801256977738361  0.03973049342178864
  0.04144841706619368  0.04353753201460337  0.04568066693763748  0.04782380186067157
  0.04996693678370567  0.05211007170673978  0.05425320662977388  0.05639634155280798
  0.05853947647584209  0.06068261139887619  0.08017670114328453  0.10614606860139664
  0.10863989950094109  0.11113373040048553  0.11362756130002999  0.11612139219957444
  0.11861522309911889  0.12110905399866334  0.12360288489820780  0.12609671579775222
  0.12859054669729669  0.13108437759684113  0.13357820849638558  0.13607203939593004
  0.13856587029547449  0.14105970119501893  0.14355353209456340  0.14604736299410784
  0.14854119389365231  0.15103502479319680  0.15352885569274127  0.15602268659228574
  0.15851651749183021  0.16101034839137471  0.16350417929091918  0.16599801019046365
  0.20961872256352995  0.21305927266673277  0.21649982276993560  0.21994037287313842
  0.22338092297634124  0.22682147307954403  0.23026202318274686  0.23370257328594965
  0.23714312338915242  0.24058367349235521  0.24402422359555800  0.24746477369876077
  0.25078678632553625  0.25377685216457757  0.25676691800361895  0.25975698384266033
  0.26274704968170165  0.26573711552074303  0.26872718135978435  0.27232616349070721
  0.27737604519447218  0.28242592689823715  0.28747580860200211  0.29228387374706721
  0.29591220549590347  0.29954053724473972  0.30316886899357598  0.30679720074241223
  0.31042553249124849  0.31443225536118985  0.31894414468395443  0.32345603400671902
  0.32796792332948360  0.33247981265224819  0.33699170197501283  0.34150359129777752
  0.34601548062054216  0.35052736994330680  0.37665847115018553  0.44439342911483243
  0.45881119414002958  0.47218929475098737  0.53480910762645562  0.65110683071983566
  0.76740455381321571  0.88370227690659575  0.95125139156977334  1.00000000000000000
  0.03116827805837000  0.15890983247689902  0.17241166283340784  0.18653368707866452
  0.21165977595644439  0.21611824760362841  0.22057671925081243  0.22503519089799645
  0.22949366254518047  0.23395213419236444  0.23841060583954843  0.24286907748673239
  0.24732754913391636  0.25178602078110035  0.25624449242828434  0.26070296407546828
  0.26516143572265227  0.26961990736983626  0.33391796178102667  0.33732885376269345
  0.34073974574436017  0.34415063772602694  0.34756152970769372  0.35097242168936044
  0.35438331367102721  0.35779420565269393  0.36120509763436065  0.36461598961602737
  0.36802688159769409  0.37143777357936081  0.37484866556102753  0.37825955754269425
  0.38167044952436091  0.38508134150602763  0.38849223348769435  0.39190312546936107
  0.39531401745102779  0.49105376579703353  0.60337541960134322  0.62672560046224957
  0.62886262970087181  0.63099965893949406  0.63313668817811630  0.63527371741673855
  0.63741074665536079  0.63954777589398304  0.64168480513260528  0.64382183437122753
  0.64592598865053896  0.64750335410752080  0.64908071956450264  0.65065808502148448
  0.65223545047846621  0.65381281593544804  0.65539018139242988  0.65696754684941161
  0.65854491230639345  0.66012227776337529  0.66169964322035713  0.66327700867733885
  0.66485437413432069  0.66643173959130253  0.66800910504828426  0.66958647050526610
  0.67116383596224793  0.67274120141922966  0.67431856687621150  0.67589593233319323
  0.67747329779017507  0.67905066324715679  0.68062802870413863  0.68220539416112047
  0.68378275961810220  0.68536012507508404  0.68693749053206576  0.68909695498139756
  0.69157906244412792  0.69406116990685818  0.69654327736958854  0.69902538483231880
  0.70150749229504916  0.70398959975777942  0.70647170722050967  0.73641168708019134
  0.84873334088450103  0.91863611143906632  0.92361965787500822  0.92860320431095011
  0.93358675074689201  0.93798233709664769  0.94022820801686890  0.94247407893709001
  0.94471994985731123  0.94696582077753233  0.94837856690088906  1.00000000000000000
  0.05833321412404380  0.05870980594997996  0.05908639777591612  0.05946298960185228
  0.05983958142778844  0.06021617325372460  0.06059276507966076  0.06096935690559693
  0.06134594873153309  0.06172254055746925  0.06209913238340541  0.06247572420934158
  0.06467608735404197  0.06700211463636320  0.06932814191868442  0.07165416920100565
  0.07398019648332688  0.07630622376564809  0.07863225104796932  0.08095827833029055
  0.08328430561261177  0.08580906892192047  0.08833811136004095  0.09086715379816143
  0.09339619623628190  0.09592523867440238  0.09845428111252286  0.10098332355064332
  0.10351236598876380  0.18746507944193144  0.29983534045978849  0.35595739471874349
  0.35942445660192957  0.36289151848511558  0.36635858036830160  0.36982564225148767
  0.37329270413467369  0.37675976601785977  0.38022682790104578  0.38369388978423186
  0.38716095166741787  0.39062801355060389  0.39409507543378997  0.39756213731697604
  0.40102919920016211  0.40449626108334819  0.40796332296653426  0.41143038484972033
  0.41489744673290641  0.47169508826746998  0.56523031558589676  0.57945713245721409
  0.59368394932853163  0.60473970202631655  0.60691711986744912  0.60909453770858180
  0.61127195554971436  0.61344937339084693  0.61562679123197961  0.61780420907311218
  0.61998162691424474  0.62215904475537731  0.62433646259650999  0.62651560992031341
  0.62869551528049283  0.63087542064067237  0.63305532600085179  0.63523523136103133
  0.63741513672121075  0.63959504208139029  0.64177494744156971  0.64395485280174913
  0.64613475816192867  0.64831466352210820  0.65049456888228763  0.65267447424246716
  0.65485437960264670  0.65703428496282612  0.65921419032300566  0.66139409568318519
  0.66357400104336473  0.66575390640354415  0.73198575248792486  0.81378221861856437
  0.81830517127313596  0.82282812392770743  0.82735107658227891  0.83187402923685039
  0.83595651684568606  0.83982919825991009  0.84370187967413424  0.84757456108835827
  0.85144724250258241  0.88762973898213282  0.90513438383738198  1.00000000000000000
  0.09134357770284020  0.09979661610373441  0.11133480206000586  0.13445297589657057
  0.14902858937130861  0.15256052173373874  0.15609245409616887  0.15962438645859900
  0.16315631882102916  0.16668825118345929  0.17022018354588936  0.17375211590831946
  0.17728404827074956  0.18081598063317966  0.18434791299560976  0.18787984535803984
  0.19141177772046994  0.19494371008290004  0.19847564244533014  0.20200757480776022
  0.20553950717019032  0.23328285239375823  0.35266948521392066  0.47205611803408309
  0.59144275085424547  0.71082938367440796  0.73308697972554537  0.73771870646596993
  0.74235043320639460  0.74698215994681927  0.75161388668724383  0.75624561342766849
  0.76087734016809316  0.76550906690851783  0.77014079364894239  0.77400111437527930
  0.77772581593199197  0.78145051748870475  0.78517521904541743  0.78889992060213010
  0.79299994108803484  0.79818394948232263  0.80336795787661042  0.80855196627089820
  0.81373597466518599  0.81891998305947378  0.82410399145376156  0.82928799984804935
  0.83389565594585957  0.83645572389904232  0.83901579185222519  0.84157585980540794
  0.84413592775859081  0.84669599571177367  0.84925606366495643  0.85181613161813929
  0.85437619957132205  0.85693626752450491  0.85949633547768767  0.86205640343087053
  0.86461647138405329  0.86717653933723604  0.86973660729041891  0.87229667524360166
  0.87485674319678441  0.87741681114996728  0.87997687910315003  0.88253694705633279
  0.88509701500951565  0.88765708296269841  0.89021715091588116  0.89277721886906403
  0.89533728682224678  0.93850593408799243  0.94070599145227030  0.94290604881654816
  0.94510610618082613  0.94730616354510400  0.94950622090938186  0.95170627827365972
  0.95390633563793759  0.95610639300221545  0.95830645036649331  0.96000993954927483
  0.96170728600095623  0.96340463245263774  0.96510197890431915  0.96679932535600066
  0.96849667180768206  0.97019401825936358  0.97189136471104498  0.97358871116272649
  0.97528605761440790  0.97698340406608941  0.97838455835978189  1.00000000000000000
  0.05697190364201866  0.12760116770168059  0.13020233540336118  0.13280350310504180
  0.13540467080672239  0.13800583850840298  0.14060700621008357  0.14320817391176416
  0.14580934161344475  0.14893113002717823  0.15205776505844185  0.15518440008970549
  0.15831103512096914  0.16143767015223279  0.16456430518349643  0.16811193836065474
  0.17252368668367693  0.17693543500669909  0.18134718332972127  0.18575893165274343
  0.25010231314227255  0.25306045713101133  0.25601860111975006  0.25897674510848884
  0.26193488909722756  0.26489303308596635  0.26785117707470507  0.27080932106344385
  0.27376746505218263  0.27672560904092142  0.27968375302966020  0.28264189701839898
  0.28560004100713776  0.28855818499587660  0.29151632898461538  0.29447447297335411
  0.29743261696209289  0.30039076095083161  0.30334890493957040  0.30630704892830912
  0.30926519291704790  0.31222333690578669  0.39614094352351020  0.39825585617059350
  0.40037076881767686  0.40248568146476016  0.40460059411184346  0.40671550675892681
  0.40883041940601011  0.41094533205309347  0.41306024470017677  0.41517515734726007
  0.41729006999434337  0.41940498264142667  0.42151989528850997  0.42363480793559327
  0.42574972058267657  0.42786463322975987  0.42997954587684317  0.43209445852392647
  0.43420937117100977  0.43632428381809307  0.43843919646517637  0.44055410911225967
  0.44266902175934297  0.44478393440642627  0.44689884705350957  0.44901375970059287
  0.45112867234767612  0.45324358499475942  0.45535849764184272  0.45747341028892602
  0.52331143214953080  0.62518323874777693  0.62775146478219368  0.63031969081661054
  0.63288791685102741  0.63545614288544428  0.63802436891986114  0.64059259495427801
  0.64316082098869487  0.64572904702311174  0.64784914603913746  0.64995027806794381
  0.65205141009675005  0.65415254212555629  0.65625367415436253  0.65835480618316877
  0.66045593821197501  0.66255707024078125  0.66465820226958749  0.67149607611861406
  0.78099738407907104  0.89049869203952803  0.89830190340677885  1.00000000000000000
  0.02036344607671099  0.04576144206270618  0.04985621745874561  0.05395099285478505
  0.05804576825082449  0.06214054364686392  0.06684325967507410  0.07160447890476541
  0.07636569813445673  0.08112691736414805  0.14346000662610103  0.20917528009363795
  0.21117489853390861  0.21317451697417927  0.21517413541444991  0.21717375385472057
  0.21917337229499123  0.22117299073526187  0.22317260917553253  0.22517222761580316
  0.22717184605607382  0.22917146449634448  0.23117108293661512  0.23317070137688573
  0.23517031981715636  0.23716993825742699  0.23916955669769763  0.24116917513796826
  0.24316879357823890  0.24516841201850953  0.24716803045878016  0.24916764889905077
  0.25116726733932143  0.25316688577959207  0.25516650421986270  0.25716612266013328
  0.25916574110040391  0.26116535954067455  0.26316497798094518  0.26516459642121581
  0.26716421486148645  0.26916383330175708  0.28933242919092339  0.40138656561870506
  0.46012181181116324  0.46375846542088411  0.46739511903060504  0.47103177264032597
  0.47466842625004685  0.47830507985976778  0.48194173346948865  0.48557838707920953
  0.48921504068893040  0.49285169429865128  0.49648834790837215  0.50012500151809303
  0.50376165512781390  0.50739830873753478  0.51103496234725565  0.51467161595697652
  0.51830826956669740  0.55508411806461322  0.62587664758955452  0.62820783073376263
  0.63053901387797084  0.63287019702217895  0.63520138016638716  0.63753256331059527
  0.63986374645480348  0.64219492959901159  0.64452611274321980  0.64685729588742791
  0.64918847903163612  0.65151966217584434  0.65385084532005244  0.65618202846426066
  0.65851321160846887  0.66084439475267709  0.66317557789688519  0.66550676104109341
  0.66783794418530162  0.67016912732950973  0.67250031047371794  0.67483149361792605
  0.67716267676213426  0.67949385990634237  0.68182504305055058  0.68415622619475869
  0.68648740933896690  0.75088143889270820  0.80042514487989491  0.81406844302435111
  0.82680451894946072  0.88794586357221150  0.97474730412165322  1.00000000000000000
  0.07419033854470360  0.08450559804067018  0.08567786274800709  0.08685012745534401
  0.08802239216268093  0.08919465687001785  0.09036692157735476  0.09153918628469168
  0.09271145099202861  0.09388371569936553  0.09505598040670245  0.09622824511403937
  0.09740050982137628  0.09857277452871320  0.09974503923605012  0.10091730394338704
  0.10208956865072395  0.10326183335806087  0.10447824796355726  0.10584404031084388
  0.10720983265813050  0.10857562500541712  0.10994141735270374  0.11130720969999036
  0.11267300204727698  0.11403879439456360  0.11540458674185022  0.11677037908913684
  0.11813617143642346  0.11950196378371009  0.12086775613099671  0.12223354847828331
  0.12359934082556993  0.12496513317285655  0.12842763463321627  0.13194506448221169
  0.13546249433120708  0.13897992418020250  0.14249735402919791  0.14601478387819333
  0.14953221372718878  0.15304964357618422  0.15656707342517967  0.16008450327417512
  0.16360193312317056  0.17906451315897851  0.18960675503624660  0.19191569972838399
  0.19422464442052137  0.19653358911265878  0.19884253380479616  0.20115147849693354
  0.20346042318907095  0.20576936788120834  0.20807831257334572  0.21001186277639280
  0.21189880298264085  0.21378574318888893  0.21567268339513698  0.21755962360138506
  0.21944656380763311  0.22133350401388116  0.22322044422012924  0.22510738442637729
  0.22699432463262534  0.22888126483887342  0.23076820504512147  0.23265514525136949
  0.23454208545761754  0.23642902566386556  0.23831596587011361  0.24020290607636166
  0.24208984628260968  0.24397678648885773  0.24586372669510576  0.24775066690135381
  0.24963760710760186  0.25251201778219079  0.25562115536615726  0.25873029295012373
  0.26183943053409020  0.26494856811805673  0.26805770570202320  0.28116650411590832
  0.30141824908836889  0.31236280075914180  0.31627920122762787  0.32010637938048730
  0.32041024248663325  0.32041024248664324  0.32041024248665323  0.32041024248666322
  0.32041024248667321  0.32041024248668321  0.32041024248669320  1.00000000000000000
  0.06377118428548177  0.06535568128069168  0.06694017827590157  0.06852467527111147
  0.07010917226632138  0.07169366926153128  0.07327816625674118  0.07486266325195108
  0.07644716024716099  0.07803165724237089  0.07961615423758078  0.08120065123279069
  0.08278514822800059  0.08470315958141397  0.08679759234364026  0.08889202510586658
  0.09098645786809287  0.09308089063031919  0.09517532339254549  0.09726975615477179
  0.09936418891699809  0.10145862167922440  0.10355305444145070  0.13158375736740913
  0.14443538744056286  0.15728701751371668  0.17013864758687050  0.18299027766002424
  0.19001394296632043  0.19388694972467363  0.19775995648302680  0.20163296324138000
  0.20550596999973320  0.20937897675808639  0.21325198351643962  0.21712499027479285
  0.22099799703314607  0.22487100379149930  0.22874401054985255  0.23261701730820572
  0.23649002406655892  0.24036303082491212  0.24423603758326529  0.24810904434161848
  0.30474899156677815  0.41173070074379359  0.50060078304566147  0.50403555159452507
  0.50747032014338866  0.51090508869225226  0.51433985724111575  0.51777462578997935
  0.52120939433884295  0.52464416288770654  0.52807893143657014  0.53151369998543374
  0.53494846853429745  0.53838323708316105  0.54181800563202465  0.54525277418088824
  0.54868754272975184  0.55212231127861533  0.55555707982747893  0.55899184837634253
  0.56242661692520612  0.64619073656096260  0.64798056393500303  0.64977039130904335
  0.65156021868308378  0.65335004605712410  0.65513987343116442  0.65692970080520485
  0.65871952817924517  0.66050935555328560  0.66229918292732592  0.66408901030136624
  0.66587883767540668  0.66746339463602722  0.66888655614380144  0.67030971765157554
  0.67173287915934976  0.67315604066712398  0.67457920217489820  0.67600236368267241
  0.67742552519044663  0.67884868669822085  0.68027184820599507  0.68169500971376928
  0.68311817122154350  0.68454133272931772  0.68596449423709183  0.68738765574486604
  0.78439489772481930  0.78941703240076699  0.78941703240077699  1.00000000000000000
  0.24980896313985185  0.56411754134883518  0.56573508269767037  0.56735262404650555
  0.56897016539534084  0.57058770674417603  0.57220524809301121  0.57382278944184639
  0.57544033079068158  0.57705787213951676  0.57867541348835194  0.58029295483718712
  0.58191049618602242  0.58357585898591469  0.58559068592920827  0.58760551287250185
  0.58962033981579554  0.59163516675908912  0.59364999370238269  0.59566482064567638
  0.59767964758896996  0.59969447453226354  0.60170930147555723  0.60372412841885081
  0.60596568209866453  0.60827105055562525  0.61057641901258597  0.61288178746954669
  0.61518715592650730  0.61749252438346802  0.61979789284042874  0.62210326129738946
  0.62440862975435019  0.62671399821131091  0.62901936666827152  0.63132473512523224
  0.63363010358219296  0.63593547203915368  0.63824084049611440  0.64054620895307512
  0.64285157741003585  0.64515694586699646  0.64746231432395718  0.64976768278091801
  0.65207305123787873  0.65437841969483945  0.65668378815180017  0.65898915660876090
  0.66129452506572162  0.66359989352268234  0.66590526197964306  0.73857290411843179
  0.77281219025386416  0.77564102588687667  0.77846986151988917  0.78129869715290168
  0.78412753278591418  0.78695636841892669  0.78978520405193919  0.79261403968495170
  0.79544287531796409  0.79827171095097660  0.80110054658398910  0.80392938221700150
  0.80675821785001400  0.80958705348302651  0.81241588911603890  0.81524472474905141
  0.81807356038206380  0.82090239601507631  0.82373123164808881  0.82656006728110121
  0.82938890291411371  0.83221773854712622  0.87581887343247999  0.87958282748783034
  0.88334678154318069  0.88711073559853115  0.89087468965388150  0.89463864370923185
  0.89840259776458220  0.90216655181993266  0.90593050587528312  0.90969445993063347
  0.91345841398598393  0.91722236804133428  0.92098632209668474  0.92475027615203509
  0.92851423020738544  0.93227818426273579  0.93604213831808614  0.94527892938512637
  0.95797552954854404  0.96076428944638481  0.96278036038080839  1.00000000000000000
   1.6187858657986331E-016  -1.0000000000000000     
 F F F F F F F F F F F F F F F F F F F F F F F F F F F F F F F F F F F F F F F F F F F F F F F F F F F F F F F F F F F F F F F F F F F F F F F F F F F F F F F F F F F F F F F F F F F F F F F F F F F F F F F F F F F F F F F F F F F F F F F F F F F F F F F F F F F F F F F F F F F F F F F F F F F F F F F F F F F F F F F F F F F F F F F F F F F F F F F F F F F F F F F F F F F F F F F F F F F F F F F F F F F F F F F F F F F F F F F F F F F F F F F F F F F F F F F F F F F F F F F F F F F F F F F F F F F F F F F F F F F F F F F F F F F F F F F F F F F F F F F F F F F F F F F F F F F F F F F F F F F F F F F F F F F F F F F F F F F F F F F F F F F F F F F F F F F F F F F F F F F F F F F F F F F F F F F F F F F F F F F F F F F F F F F F F F F F F F F F F F F F F F F F F F F F F F F F F F F F F F F F F F F F F F F F F F F F F F F F F F F F F F F F F F F F F F F F F F F F F F F F F F F F F F F F F F F F F F F F F F F F F F F F F F F F F F F F F F F F F F F F F F F F F F F F F F F F F F F F F F F F F F F F F F F F F F F F
  <DiscreteSampler_grid>
  grouped_processes
  1 # 1 for a reference and 2 for a running grid.
  10 # Attribute 'min_bin_probing_points' of the grid.
  1 # Attribute 'grid_mode' of the grid. 1=='default',2=='initialization'
  0.0000000000000000 # Attribute 'small_contrib_threshold' of the grid.
  0.5000000000000000 # Attribute 'damping_power' of the grid.
 # binID   n_entries weight   weight_sqr   abs_weight
    10   10   4.972664234616547E-003   1.245386752168150E-004   4.972664234616547E-003
  </DiscreteSampler_grid>
