  0.00425305711795597  0.00818666481619701  0.01284566050769896  0.01648513905448994
  0.02231411129087491  0.02911647346183615  0.03735605467568122  0.05328885077172341
  0.06794973185328820  0.07873029836841405  0.08880498579995544  0.10106976355383269
  0.11302282321095498  0.12360995022889044  0.13244200935067671  0.13924307589938056
  0.14624426688989633  0.15546165621418653  0.16585265861929371  0.17713131775640450
  0.18559062494300002  0.19102050614749333  0.19663676741014999  0.20223712683161854
  0.20950962253742020  0.21902083337943135  0.23069565745736753  0.24295893176917008
  0.25692806820450070  0.27036810010567819  0.28637139810201756  0.30079299645740104
  0.31659243635157780  0.33045401292660287  0.33964797406442032  0.34801547361023699
  0.35579690537480646  0.36366030348381012  0.37137298525562573  0.37906767040814832
  0.38693698392617687  0.40142785378478557  0.41498915422641836  0.42512378207426849
  0.43492253577016099  0.44506939436819148  0.45504662798397344  0.46695249616358220
  0.47849370747821884  0.48462904992835049  0.49013007595461899  0.49797943482856644
  0.50866156230553239  0.51878626194518618  0.52708549062291499  0.53709695839156457
  0.55519491532505361  0.57616627538941012  0.59367651419695078  0.60634574172474587
  0.61825740328640877  0.63064528681945142  0.64393386033207234  0.65645757680396100
  0.66615689008467882  0.67685140363743690  0.68721437854416345  0.69750967890177740
  0.70773797007290762  0.71721196302555390  0.72647424768864477  0.73455481903576536
  0.74240660255839408  0.75309195877820956  0.76757491409144418  0.78057993851852980
  0.79010260723169889  0.79894026351202074  0.80813330731410637  0.81816642575694254
  0.82691374233335913  0.83703322838485306  0.84771944700526258  0.85783168803429066
  0.86936421961108967  0.88311714449491419  0.89872945439132279  0.91380130855433350
  0.92522526318211740  0.93524600969552341  0.94471331776840095  0.95519170910777884
  0.97152365610515867  0.98450797503942056  0.99225348408455127  1.00000000000000000
  0.00829785253968790  0.00974438650433842  0.01151311512222318  0.01277760336588373
  0.01420484983690551  0.01567971489202763  0.01759222530667063  0.02006236482415304
  0.02328501316913816  0.02756723872355041  0.03289819380545667  0.03787180022589747
  0.04357715759065346  0.05044730731588980  0.05695904685156826  0.06351382864178688
  0.07070854558468048  0.07806481252976485  0.08684148004304676  0.09665980517985612
  0.10873576017326585  0.12343270954701503  0.13889849902101559  0.15236230316158147
  0.16499907598421348  0.17740737936510959  0.19023804654878507  0.20694468287628542
  0.22599870597111807  0.24152177992400847  0.26016578577524119  0.27776936360317811
  0.29457644839207336  0.31541022053697026  0.33722556263031167  0.35680657209548700
  0.37308005047631482  0.38778806990219228  0.40263282066855222  0.41860708718419404
  0.43495268898190920  0.45465642804104761  0.47314561147707407  0.49394378978499748
  0.51655730369197350  0.53734471485159085  0.55937004212171249  0.58290837767518566
  0.59728531407015983  0.61074818014716969  0.62485231939804142  0.64022808280524213
  0.66221265798359596  0.68624560629665310  0.70632291017304072  0.72129880117691492
  0.72873497167275592  0.73475603598054884  0.74020208247997932  0.74563634637939114
  0.75074427676791189  0.76319113627491686  0.78352096131028626  0.80739864386543148
  0.82786753261925583  0.84571330266138123  0.85898261048504532  0.87208265589460454
  0.88674315253375491  0.90313442727130822  0.91581673798924856  0.92415067696296127
  0.93104110484119962  0.93798183018547654  0.94429335405300685  0.94968916108199231
  0.95461669669243421  0.95899414466920307  0.96329821925218506  0.96736000449388937
  0.97024629979852295  0.97243426965198354  0.97467938950928434  0.97660870785796994
  0.97795945010549423  0.97970123975173917  0.98171023028276938  0.98353594178503889
  0.98502210602310092  0.98616815249447198  0.98712327083683449  0.98793391612831338
  0.98868803797480731  0.98943437769676901  0.99021794703180610  1.00000000000000000
  0.00276612892740528  0.01198072543565603  0.02302208448413052  0.03730054187758787
  0.04919450789403435  0.06211125479778900  0.07321898364540048  0.08360453532847359
  0.09252459387454504  0.10284554763010764  0.11525704659776059  0.12788622801268551
  0.13824517307710138  0.14693255917494433  0.15542618911247344  0.16548114653256740
  0.17577835571232456  0.18740434058354574  0.20135952755312139  0.21718624712858295
  0.23145816403777628  0.24185439543236290  0.25053246705181176  0.25618067877705730
  0.26223776386687431  0.27060866996655530  0.27995262837987922  0.28824082584317029
  0.29812360981246078  0.31052154533966125  0.31661484181706862  0.32243870797625673
  0.32800576530537595  0.33345292084701789  0.33807929423835892  0.34435998849925742
  0.35654683358016603  0.37163649719351022  0.38763223821306092  0.40195624891126175
  0.41314284288026587  0.42405481924146332  0.43546487143321461  0.44630302493777169
  0.45697187148419094  0.46933812429204919  0.48340738410869472  0.49852896156809989
  0.51373525086515504  0.52946130767318611  0.54602628342152126  0.56104354520578681
  0.57452368576475699  0.58760200985529665  0.60003970114470784  0.61146424746599781
  0.62206955959335719  0.62837156368860025  0.63684949011668435  0.64592816555375354
  0.65586461678251762  0.66564462189111961  0.67126591037681893  0.67728255032244722
  0.68373764132246384  0.69112414750337348  0.70231673167904729  0.71643071908769462
  0.72929339295148521  0.73932189381881119  0.74699695261038646  0.75399392270182630
  0.76085824394885104  0.77076113650197986  0.78820767493357147  0.80420740371434518
  0.81506381455549481  0.82503735040318826  0.83542421104249465  0.84485631025337837
  0.85401196810729785  0.86699729953913673  0.88141949642144546  0.89186771447278701
  0.89980497214828192  0.90607108665652014  0.91284643574939839  0.92023088857376478
  0.92826330397699897  0.93631294260133968  0.94269302191398630  0.94967780990380546
  0.95798425949074462  0.96794321727208765  0.98201274897991730  1.00000000000000000
  0.00818489468451219  0.00958959470414686  0.01111041110283810  0.01272797494355190
  0.01435292557991614  0.01577289285581847  0.01751022091116460  0.01942769594079630
  0.02197469182114236  0.02538312671676663  0.02970177294637130  0.03485406504731021
  0.04035824151985359  0.04634802704170987  0.05331155054796157  0.06265496150467396
  0.07655995898561442  0.09365962458337081  0.11494501288723523  0.14046180877562747
  0.16089301879312845  0.18400242721422017  0.20430860795101524  0.22017779265366952
  0.23665973244525879  0.25445425260698207  0.26828531791616883  0.28126488092399410
  0.29558773939433036  0.30791258142333761  0.32102375767740449  0.33779649471140932
  0.35395051053267518  0.36134698278909239  0.36826093916472113  0.38134212331069806
  0.39803114211337104  0.42032012799208229  0.44403774831969556  0.46478580775904116
  0.48379865058230587  0.50635208168862511  0.52957367458171256  0.54277193163896942
  0.55570822820469890  0.56857552850454973  0.58108019822503620  0.59553243399465117
  0.60941183547504141  0.62676730636898548  0.64145901780422343  0.65856715569745217
  0.68170340626269488  0.70851661005647837  0.72722178558903605  0.74158163580548409
  0.75851761076442470  0.77289502083265260  0.78849960420063736  0.80576273437418178
  0.82203069845738208  0.84010238991970521  0.85846191981584641  0.87451762676724754
  0.88940079140569139  0.90248068363903422  0.91416041889387656  0.92570334428223655
  0.93551397909011336  0.94367905119288897  0.94919351423911591  0.95358623662599606
  0.95802673502581115  0.96219535659890598  0.96607326693887119  0.97104465512544924
  0.97444873562087153  0.97646869467400055  0.97802280598723534  0.97953129983138687
  0.98100903739652978  0.98255964893338288  0.98414886422774839  0.98521385698070640
  0.98589825007541687  0.98650424228251254  0.98710308341697628  0.98761265257918329
  0.98808737755827913  0.98857865559271874  0.98895708047381425  0.98927726089659929
  0.98959748770577161  0.98988536325630783  0.99008216011034611  1.00000000000000000
  0.00000000083143484  0.00000000084598239  0.00000000085667547  0.00000000086841880
  0.00000000088381420  0.00000000090062230  0.00000000091617930  0.00000000093019910
  0.00000000094596991  0.00000000096303704  0.00000000099240066  0.00000000101141078
  0.00000000102123104  0.00000000102683094  0.00000000103212367  0.00000000103727036
  0.00000000104254136  0.00000000104882244  0.00000000106100356  0.00000000107791945
  0.00000000109370071  0.00000000110790603  0.00000000112242686  0.00000000113589706
  0.00000000114954477  0.00000000116543236  0.00000000118026027  0.00000000119546547
  0.00000000121228524  0.00000000123116645  0.00000000124395074  0.00000000125453806
  0.00000000126540266  0.00000000128444638  0.00000000131098149  0.00000000134613685
  0.00000000137847885  0.00000000141369135  0.00000000144465242  0.00000000146651690
  0.00000000148645363  0.00000000150694802  0.00000000152961643  0.00000000155766257
  0.00000000158322277  0.00000000160968796  0.00000000165090765  0.00000000169153804
  0.00000000173080206  0.00000000175521446  0.00000000178371113  0.00000000181836321
  0.00000000185641996  0.00000000189352181  0.00000000192953672  0.00000000197699506
  0.00000000203679632  0.00000000209975387  0.00000000215821722  0.00000000222099780
  0.00000000229009917  0.00000000234649991  0.00000000239479484  0.00000000243968784
  0.00000000248743055  0.00000000254002502  0.00000000260951502  0.00000000270298548
  0.00000000282515820  0.00000000296318016  0.00000000311895305  0.00000000330101830
  0.00000000359763512  0.00000000390455538  0.00000000425529581  0.00000000462453428
  0.00000000500250428  0.00000000540746214  0.00000000583340164  0.00000000637054964
  0.00000000687951238  0.00000000768240026  0.00000000860709093  0.00000000987594833
  0.00000001173881990  0.00000001492045436  0.00000002057559766  0.00000003045786184
  0.00000005337900951  0.00000011258501695  0.00000059486041690  0.00001052847255594
  0.00029721143491593  0.00367419616683871  0.37311535960899211  1.00000000000000000
  0.00010019944338071  0.00035508951899780  0.00054979356835531  0.00071035099751698
  0.00084572250994042  0.00091860892578174  0.00100338842684025  0.00110079468347633
  0.00115453820468639  0.00120152748362104  0.00124552588080558  0.00129621385510151
  0.00134434582959524  0.00143395247367554  0.00153430751103460  0.00165921653438610
  0.00179085767764886  0.00190217389089720  0.00199995510579019  0.00209943212242319
  0.00221528000264434  0.00238024457758137  0.00259073387572515  0.00279754121323208
  0.00299293964597084  0.00318555011639237  0.00335266568845189  0.00349837569001665
  0.00365371175844545  0.00381336457108128  0.00392836224109532  0.00401187394131922
  0.00410346955102939  0.00422756954496230  0.00443604552511394  0.00468775493025395
  0.00498775731261472  0.00528632538773236  0.00550493013259777  0.00573653318939878
  0.00589740795309739  0.00606725927414242  0.00624538801388442  0.00643897629179533
  0.00664351237882878  0.00688335415339281  0.00717161285843647  0.00755860918443650
  0.00796074236030292  0.00838348365821261  0.00867890038975962  0.00890675832825305
  0.00912168283286255  0.00936652599677353  0.00967461636456809  0.01001400546707812
  0.01042999901870965  0.01081723946141656  0.01137406379439903  0.01194913609288089
  0.01248465056735680  0.01294917541738317  0.01335739835104213  0.01379389744014492
  0.01424677380219665  0.01463917468557324  0.01503439460711672  0.01553459523865692
  0.01608101497826606  0.01672966933743619  0.01744760213374128  0.01801382306284169
  0.01844795624029081  0.01935694199394681  0.02066186147529599  0.02169140550725750
  0.02337632260454177  0.02481208831458518  0.02593768216408037  0.02705893478655232
  0.02839385232641488  0.02910404809318182  0.02962387584866908  0.02987129678965323
  0.03011871773063738  0.03045634895703204  0.03092860366850394  0.03140085837997583
  0.03191061233258010  0.03254037035747000  0.03317012838235991  0.03399583503883227
  0.03785301687680936  0.06324712912021013  0.24385846407110187  1.00000000000000000
 -0.00350403984467886  0.01274404334617905  0.02644485296982515  0.03944221510053120
  0.04921529662129295  0.05950059516980309  0.07142591947239259  0.07942830502624905
  0.08774415831844798  0.09646594909292393  0.10361737783132449  0.11117970957557577
  0.12285886481395865  0.13489267332566873  0.14615539900311475  0.15882437785064554
  0.17115299167378370  0.18383395591993842  0.19998476618225577  0.21505526435477879
  0.22436300567179901  0.23229493738595539  0.24050916740401793  0.25054930922796748
  0.26311463331296198  0.27465156511019850  0.28743894751308824  0.30042315449266599
  0.31588610072830492  0.33448204756816186  0.35481236829398882  0.37153572599297968
  0.38486892473087697  0.39649078231552526  0.40875100227538053  0.41936057038443419
  0.42514131450979176  0.43233663314701687  0.44088298720279262  0.45091525662116966
  0.45805572976691483  0.46499343727468262  0.47425318567234725  0.48515496074483544
  0.49782859649202993  0.51218410499804390  0.52655692240926588  0.54011781183791774
  0.55171748734260873  0.56041831297780131  0.56864023761003668  0.57443785857548002
  0.57768951683273484  0.58154625462975718  0.58630474226692419  0.59126942143215822
  0.59634035322121759  0.60335686728748528  0.61609926812008087  0.62654726860083543
  0.64016124873173808  0.65379518242565582  0.66251509366101713  0.67166012797170704
  0.68106043631271262  0.68986839108747400  0.69785812830547755  0.70786287974350826
  0.71874817368053567  0.72804090823589418  0.73885690869284271  0.75132517044289715
  0.76330660773772752  0.77685123949610646  0.79180994536695648  0.80385442361107917
  0.81388720083764754  0.82056336436569477  0.82621774335010911  0.83436212285271782
  0.84404252557672066  0.85427597121626875  0.86456509603764120  0.87401209588946915
  0.88334058782242564  0.89333027119250885  0.90045306167160943  0.90911417251543725
  0.91792604198226024  0.92679132248931428  0.93644492738147767  0.94877604654852699
  0.96163119736053504  0.97570670473829124  0.98895533155096405  1.00000000000000000
 -0.00346105880130547  0.01209268814605994  0.02966910013379200  0.04299641841566691
  0.05459033214528951  0.06699531980892802  0.08088560159568722  0.09443638760889800
  0.10724836614148510  0.11825460454275102  0.12938521314630280  0.14087711580928022
  0.15139580578714784  0.16101065273278556  0.17057790051610403  0.17896885741816007
  0.18685376619700395  0.19547957965047902  0.20689549623081771  0.22233954601177530
  0.23499225091303783  0.24349922580024738  0.25069352000795059  0.25688530648414443
  0.26303059419951658  0.26993543954787702  0.27706293239770913  0.28445012968729971
  0.29304204721134253  0.30074692314052232  0.30994668524345481  0.31992134908882652
  0.33176206831047272  0.34205722611700851  0.34870765187046288  0.35514289744508853
  0.36520957219212535  0.37785665957824288  0.39495620702829060  0.40701477373473804
  0.41656717483694111  0.42705917552369244  0.43894075541312944  0.45191742476857005
  0.46203029044261540  0.46773079698196746  0.47291806350895849  0.47958869126700260
  0.48902864355313364  0.49870047846400012  0.50803609629202051  0.51746934804925659
  0.53178012010273201  0.54662889972314677  0.55956762141929828  0.57145960798330220
  0.58079058340803069  0.59043684664224261  0.60042540048824644  0.61254065472432317
  0.62554705145207079  0.63744858675936933  0.64781460376803712  0.65902849012596798
  0.67035653070307166  0.68065300580990273  0.69427161437947749  0.70982919943910694
  0.72548205852390502  0.73450267404849301  0.74181039881625088  0.74858666486030268
  0.75672986201204517  0.76579910652296113  0.77336771402004179  0.78082764929279080
  0.78939028392215893  0.79893283527103098  0.81002151023511071  0.82209962278692861
  0.83532851359152493  0.84799894509687801  0.85960519761493870  0.87223607075388898
  0.88305426661918962  0.88942351179240309  0.89632054423879137  0.90609725400961127
  0.91861855042027796  0.92826713654993243  0.93917488689597539  0.95041911534333068
  0.96085409467575889  0.97468690495368615  0.98873950801751731  1.00000000000000000
 -0.00345893839740015  0.01048881039901048  0.02321959874040005  0.03536837508757139
  0.04675726062924839  0.05777138238242400  0.06894770689231482  0.08084437129588344
  0.09805107210855843  0.11194315787831249  0.12574256974545517  0.13808285954936997
  0.14663810189999216  0.15402001964080128  0.16276161164821701  0.17332204576080421
  0.18515986780003144  0.19577066604815166  0.20639773212471038  0.21661316942458259
  0.22682310189075452  0.23634405814434770  0.25067870995458419  0.26113277118465245
  0.27423435153852455  0.28829337043863340  0.30029245027677404  0.31108453530908697
  0.32019595730913630  0.32800662322820079  0.33631223746955419  0.34485600156888285
  0.35591760831660235  0.36426579546149096  0.37201726506644567  0.38111516988136990
  0.39061123837545852  0.40151458927138972  0.41684122763168485  0.43196271220701377
  0.44551296157740050  0.45799296173447740  0.47226658088302476  0.48524262168175475
  0.49727020804982291  0.50833775223105349  0.51948591367811237  0.53184253134564108
  0.54560011695117261  0.56048676282227894  0.57598442812337414  0.59088975977519576
  0.60596534706761662  0.62130000220102677  0.63288271457874590  0.64488667654372267
  0.65699786808024929  0.66989654608797933  0.67681224708476984  0.68188546031264097
  0.68571603096537381  0.68983239871652136  0.69542943403773494  0.70600459716783104
  0.71860969210546566  0.73050933955353470  0.73879343188323621  0.74433537102807712
  0.74959151414551628  0.75506168529676831  0.76144726492607739  0.76806369647167383
  0.77450790382765011  0.78330340433340029  0.79834439231951282  0.81785695283643500
  0.83868571347893539  0.85598911419893242  0.86503771417610043  0.86945750527933241
  0.87278960262852578  0.87831513211997148  0.88391318072168146  0.88863169041712786
  0.89386118469536802  0.90241650254432582  0.91313242315723397  0.92488427459118161
  0.93572524501320653  0.94498942248124962  0.95244858468776372  0.96050671344847960
  0.96841486033162028  0.97695234483223781  0.98581193494860242  1.00000000000000000
 -0.00693190957185212  0.02109566458600042  0.03638425814924141  0.04630881442725032
  0.05546567617716373  0.06317567465641782  0.07211193614276605  0.08014010063217621
  0.09010292025559660  0.10189827332216234  0.11433089861010300  0.12700941812368180
  0.14381298377541119  0.15901014339488573  0.17089853113148964  0.18025163001043476
  0.18755989025862999  0.19322989581238645  0.19864271329030139  0.20374287961754597
  0.21142028372667093  0.21918783612393228  0.22588138700239194  0.23272334969263087
  0.24039240600126274  0.24791724323499664  0.25582775049368450  0.26598473232842229
  0.27564035505292261  0.28358549396584193  0.29061723864521416  0.29815949679375459
  0.30745446565404289  0.31793512013634767  0.33374255293777921  0.34652295107827674
  0.35926413467867035  0.37291679304784975  0.38798329778837454  0.40279526640914687
  0.41506861341338219  0.42496128690929075  0.43427823023236128  0.44085229443837221
  0.44630724481782069  0.45516044053419452  0.46099904855044038  0.46739781500803984
  0.47771393135833995  0.49297890481717954  0.50638796492801974  0.51798132271378317
  0.52929820303582120  0.53834735622548902  0.54545927241137915  0.55662724847163425
  0.56543912477096669  0.57209235028147454  0.57833928163698411  0.58765481272041986
  0.60018823293245049  0.60662069295691945  0.61142169514591782  0.61624438743256360
  0.62128370758451179  0.62640227917887159  0.63160706749824369  0.63763455417921755
  0.64744584389522308  0.65640877541569764  0.66554192295296544  0.67564258072423644
  0.68605975570346700  0.69540595656975746  0.70358475286460664  0.71313436308179179
  0.72515415222709623  0.73887509263325890  0.75302369512936462  0.76738801219505770
  0.78272622323655916  0.79771294340400589  0.81349701495844795  0.83039117505365312
  0.84727671854019504  0.86474157102860905  0.87945274874617707  0.89254303382167910
  0.90446385532337781  0.91467219183642667  0.92608694820799331  0.94163938641443423
  0.95923457835553883  0.97525017865609442  0.98683742240580241  1.00000000000000000
 -0.00149627259094521  0.00188035984518336  0.00757394706900928  0.01445601168420674
  0.02149002549424427  0.02807134116328760  0.03433541020842380  0.04085302328662489
  0.04978476082583252  0.06043123635080777  0.06837280660585648  0.07657902213180186
  0.08504611783928734  0.09540121559471498  0.10632761449754474  0.12163751996996361
  0.13460513707003799  0.14431832035141912  0.14947156727439198  0.15467950210130746
  0.16161164260366448  0.16958584206233762  0.17820521793999297  0.18640812092754086
  0.19601997226521392  0.20697231384269074  0.21963489725200314  0.23228350753071003
  0.24417403552241096  0.25468978622915045  0.26425460068891782  0.27529050683145334
  0.28998640977091683  0.30418379110080668  0.31734148235111581  0.33114117831031864
  0.34537437184053865  0.35690768035508352  0.36783358334242472  0.37711651372968769
  0.38476608285964570  0.39208519084664645  0.39803077377071694  0.40294124294255673
  0.40844985423247643  0.41431472805827391  0.41956329552728722  0.42456608746370406
  0.43376351209804653  0.44546915709013979  0.45824472821514911  0.47088722468655347
  0.48305479690040887  0.49639246281983490  0.51102532333529604  0.52548015898113709
  0.53905227320231264  0.55360845261539382  0.56926076986262597  0.58547018242879156
  0.60159045125348398  0.61645072928840738  0.62860417941156277  0.63879359508174727
  0.64610531853732844  0.65435332830958715  0.66672627924806738  0.67860018338608907
  0.68860469416669634  0.69827977972889022  0.70778952623328661  0.71581774031857792
  0.72444543278735707  0.73554042044795154  0.74683124664796940  0.76012429915655266
  0.77338088176857056  0.78599423910213762  0.79689441590170418  0.80594747975028469
  0.81649271955964742  0.82824176921645298  0.83645687865224272  0.84435566640997595
  0.85476231698101046  0.86615296363517591  0.88073671341199411  0.89526046033661288
  0.90881789878159924  0.92161985462993445  0.93435361679356532  0.95115097809880012
  0.96681558864618433  0.97805131388396138  0.98819567104127015  1.00000000000000000
 -0.00320531044324895  0.01372180892252596  0.02311703251552115  0.03088273701996609
  0.03919048488879010  0.04686446169546919  0.05665145865364181  0.06978113094696048
  0.08518151992140835  0.10004524684026873  0.11220844972220907  0.12260263821822287
  0.13116224180635297  0.13780624758933530  0.14462732646787377  0.15142802966662236
  0.15740525094626820  0.16743515357725272  0.17690514879037114  0.18586604693922079
  0.19364822747086327  0.19932071647593036  0.20420789378081328  0.20980372733167579
  0.21588865171976712  0.22309967277569864  0.23030154670419314  0.24525412191110224
  0.26214547380700559  0.27499246733144628  0.28456788488003476  0.29112269064718033
  0.29771684913791718  0.30455353884816094  0.31338665487766920  0.32346207457050996
  0.33592495765287411  0.35030057476766913  0.36538840242812876  0.38009704649801612
  0.39441726435712210  0.40930349296819002  0.42281448336403443  0.43169419558832106
  0.43958209785933250  0.44705409573345495  0.45496233545916087  0.46360462121282903
  0.47438411188195101  0.48482441382427766  0.49431679368135822  0.50217193261288795
  0.51171744887830228  0.52355377974583817  0.53537910739079531  0.54633648494671483
  0.55777073921438580  0.57088356472846125  0.58607180820370286  0.60207206089480747
  0.61707954241626939  0.63039824685597023  0.64292141378026091  0.65593556562025734
  0.67017237832877163  0.68615393622786092  0.70112029038125434  0.71414864010272983
  0.72558455682968614  0.73615981786180207  0.74613553725641302  0.75503767107597086
  0.76303989195154531  0.76931173142065967  0.77495709508540311  0.77971927012310815
  0.78709635450971049  0.79419508140915496  0.80287463219488098  0.81302529229932741
  0.82388666786245557  0.83694533880464017  0.85363861310974454  0.87054140671146185
  0.88487186057952849  0.89706762487492853  0.90723402744162007  0.91552724467301394
  0.92423733865370217  0.93463849795129639  0.94551004583809717  0.95340307554890513
  0.96122653645855305  0.97328094938272769  0.98604289841363335  1.00000000000000000
 -0.00608519088239642  0.01920273567236612  0.03438095366375894  0.04468979426112746
  0.05526074438965257  0.06425189964513681  0.07222288156066908  0.08238965455780956
  0.09292187793531367  0.10339778998637852  0.11628707672093334  0.12892030977028504
  0.14020125764443389  0.14983997332024712  0.15845792741723758  0.16623119791966351
  0.17518285310274961  0.18681330348949596  0.20091945599119435  0.21583242573488359
  0.22728873427870611  0.23512092397898629  0.24148662277075927  0.24786091885864600
  0.25372424347114492  0.25978540108482406  0.26557176520093773  0.27106676060429896
  0.28042691489649313  0.29208087107497038  0.30309777247037739  0.31421960051033021
  0.32441985856623723  0.33424467198996810  0.34064297450500086  0.34739621104217305
  0.35485792497718155  0.36801533883989401  0.38363660727993004  0.39710091249519847
  0.40794916636958573  0.41633462035253488  0.42410553165892229  0.43170807099148301
  0.43970667456950951  0.44796456604150503  0.45465459860679924  0.46018104964776846
  0.46818454965795731  0.47650374515084193  0.48166430546741135  0.48642242517770756
  0.49121004048096828  0.49469202555721792  0.50097644016128684  0.51138283803831963
  0.52237093046285754  0.53606269351964186  0.55143140228275744  0.56643825736081010
  0.58015093639741599  0.59472621230550482  0.61093090946234974  0.62689548995094768
  0.64077138851443238  0.65347884688394742  0.66561028676696332  0.67798649961563473
  0.69034768806374391  0.70186502994352817  0.71174291467969397  0.72114511159051831
  0.73127344858360810  0.74336738955011972  0.75306239244320916  0.75957821570751405
  0.76760682448778272  0.78188557422916682  0.80005710992339285  0.81782166202068451
  0.83236942833692074  0.84966107058329499  0.86480194024389834  0.88178195156473416
  0.89311253561795523  0.90317063782787399  0.91275939187302602  0.91993919445064809
  0.92600857065413755  0.93314724109339298  0.93934811177683031  0.94698244117809904
  0.96064030905525588  0.97266144309545732  0.98595177728690542  1.00000000000000000
 -0.00201345770554678  0.00783112323116497  0.01189835599039348  0.01769603800074469
  0.02387286666181001  0.03099864406212295  0.03876756572165161  0.04822676922957489
  0.05901464339784304  0.07023956271531290  0.08090961390886570  0.09339657390676706
  0.10282089717857811  0.11152857654211579  0.12091929319501091  0.13085635419980715
  0.14249718319143373  0.15714786900128877  0.17328233817147143  0.19205557317843680
  0.21178247331261962  0.22776483456921956  0.23958657584434959  0.24720617793165872
  0.25478590035166276  0.26264587050101401  0.27184275347847120  0.28246156027389774
  0.28958561612109002  0.29778809858546490  0.30608170346120944  0.31403008789082759
  0.32199670047722123  0.32996066912751515  0.33792128921187126  0.34840878214349846
  0.36110343761222558  0.37345914024101218  0.38613287968801990  0.40000326525941138
  0.41464716891240194  0.43111034516483754  0.44674548965793454  0.46000490021923862
  0.47093390473711971  0.48010982692962018  0.48861977888707853  0.49872906839271247
  0.51177307362482649  0.52721362670789873  0.54143373253325733  0.55532457035797955
  0.56777855465783789  0.57829772220484488  0.59238093815894410  0.60626633421293086
  0.62030572645753490  0.63262333575677998  0.64228310292535185  0.64998918866475341
  0.65898526879819730  0.66773004963644167  0.67815743977465170  0.68977663535306910
  0.70206256772410780  0.71530915105939807  0.73063135650233424  0.74716586753223779
  0.76146735476454042  0.77152164039303028  0.77892479637540413  0.78618324835416098
  0.79335905854950828  0.79992210736516345  0.80830150256067101  0.81868139847743204
  0.82906101397152099  0.83840843606172755  0.84765752553173546  0.85526773967633773
  0.86446101780995577  0.87457547003596015  0.87982373976245309  0.88528157193377832
  0.89156363321848708  0.89893546234865818  0.90652206499458299  0.91338565237231106
  0.92395365700035137  0.93870395375466409  0.94972716961345882  0.95759856126533049
  0.96468299629801324  0.97210216856911980  0.98528091710692467  1.00000000000000000
 -0.00376411830653459  0.01580755800246339  0.02756527632573748  0.03775735340618103
  0.04595868272145677  0.05427314701809547  0.06268248646454626  0.07158345702731679
  0.08127611581735318  0.09387236062918908  0.10555040930314895  0.11556121035116777
  0.12696864926934576  0.13793489840753137  0.14657755640896375  0.15450561457853990
  0.16202371454623982  0.17035068691269978  0.18109650285363713  0.19276432811983868
  0.20408765297064532  0.21653519868838808  0.22867187265276984  0.24012134084891001
  0.25132761624414074  0.26187127213318745  0.27379697086644189  0.28335449584382660
  0.29142202151713570  0.29962128601122268  0.30987666385822504  0.31965737014086049
  0.32963439162362718  0.33928464411989079  0.34865524153550270  0.35739145432092312
  0.36826280738033579  0.38022323925086610  0.39181412058816412  0.40402311249140183
  0.41833709081789899  0.43456494079519115  0.45055259409397191  0.46149416385191433
  0.47185704950833834  0.48284742091130856  0.49275848345315615  0.50124262743913139
  0.51178277133511774  0.51894972452788102  0.52825437806121012  0.54004382589199373
  0.55309100120154642  0.56732029805122952  0.58030661780801951  0.59282051172054950
  0.60621324649888297  0.62014880503558023  0.63034737722825718  0.63695724952944199
  0.64442540890132016  0.65270174328017128  0.66075154336259545  0.66786609115823714
  0.67416755524022676  0.68023302444113609  0.68442692373652736  0.69000348981149573
  0.69589567942231834  0.70081600035389791  0.71006617879212286  0.72065919744774432
  0.72783398990546910  0.73410385136063683  0.74149055159194166  0.75096296643623994
  0.76521080068963443  0.77798077899595330  0.78872357953633088  0.79948612679052056
  0.80765635389716284  0.81483536037323434  0.82226033320272407  0.83331632840787273
  0.85059096929153044  0.86925713822208728  0.88512045930003580  0.89802796609115787
  0.90818584613366149  0.91777720279494912  0.92841254078867785  0.93944833815070417
  0.95068979805092202  0.96406995497156178  0.98019349545225010  1.00000000000000000
  0.00687631198521686  0.00750259751819625  0.00784273121768636  0.00817067462983071
  0.00847847393772898  0.00876306628204679  0.00908527253770161  0.00941609187245135
  0.00970724779055003  0.00996473912772797  0.01019970102820000  0.01042341165180368
  0.01064126074543295  0.01083589141549156  0.01104044704967750  0.01128694151308755
  0.01151765777449105  0.01172294840860033  0.01192417491187212  0.01211858799663936
  0.01226131264027164  0.01239630426243083  0.01252958823628322  0.01266170994610656
  0.01278384266378256  0.01288485975988478  0.01301053215248587  0.01317617880028300
  0.01335348329793548  0.01352572309902355  0.01370270073639829  0.01384855538641375
  0.01401226913118056  0.01420363978977870  0.01439684520703870  0.01457522954416945
  0.01475216589923171  0.01495197231661894  0.01523002400670985  0.01553553783155477
  0.01583501094684731  0.01613800904141788  0.01643707374658306  0.01673465659334491
  0.01701568437844852  0.01730128531712085  0.01762366630835867  0.01796270746895240
  0.01827521236711293  0.01858120484766746  0.01891871461506911  0.01929313520677220
  0.01964015893470998  0.02002878024478699  0.02046380381428686  0.02094038836790178
  0.02139168741712433  0.02181384952758640  0.02223926840680030  0.02263720188545311
  0.02293726074581035  0.02321117660090435  0.02352746147328892  0.02393189414983369
  0.02441651605525017  0.02532868525633784  0.02626382717695016  0.02722779345134615
  0.02815193787748272  0.02920997043293977  0.03034047094956873  0.03147496710560500
  0.03272153083001341  0.03386702266534458  0.03449522217481511  0.03477228122511256
  0.03506854394115303  0.03537839959506559  0.03597507613377725  0.03690935573179334
  0.03835354031144178  0.04000638276238418  0.04192714618208887  0.04388645929743049
  0.04593935647300482  0.04870724627652524  0.05235822542210345  0.05727437375627348
  0.06404456126440816  0.07196685356616646  0.08433701589402350  0.10759647661129879
  0.13065068039756816  0.15659080673321002  0.67883440158715502  1.00000000000000000
 -0.00104953757289679  0.00360443018790871  0.01069469307506234  0.01893657562361258
  0.02615076862867849  0.03093257133054152  0.03596997137750314  0.04279244274978195
  0.05187248325276470  0.06280362002359761  0.07318963135648768  0.08712701903549494
  0.10059262730562184  0.11181970269096549  0.12118280043861418  0.13038397486212602
  0.13949279417358854  0.14828914485568398  0.16049261572568560  0.17664504681548437
  0.19473371934897343  0.21505160084246397  0.23461423589474351  0.24789969526329214
  0.26072792509849657  0.27276097555480006  0.28280474468685574  0.29162311791738671
  0.30316841487927998  0.31324945409669214  0.32224561026449416  0.33102510480276853
  0.34040856264540670  0.34902662174656551  0.35887817317721998  0.36723164399405867
  0.37778142629068395  0.38251271567151335  0.38792925587707350  0.39322351850617071
  0.39872154537499971  0.40428096599466851  0.40951048931559431  0.41605789740088306
  0.42533838321230688  0.43318808827772171  0.44338649832305188  0.45495029683697996
  0.46571981162344595  0.47338636928650779  0.48282201442928185  0.49662628834684691
  0.51029952264850120  0.52480585227225796  0.54250583507333106  0.56176200399539178
  0.57947634014819760  0.59395292469412253  0.60558187713097256  0.61480746711881684
  0.62296884061437485  0.63031160837609301  0.63696857755936165  0.64410307783945797
  0.65350405904711339  0.66296243904626007  0.67106578290507013  0.67870893947388755
  0.68541832387523138  0.69166516866011296  0.69786923976468784  0.70482402570462876
  0.71773745746957629  0.72987977542138582  0.74084106331076083  0.75085045844830522
  0.76226219261915573  0.77244325877493791  0.78169907327603627  0.79269717524899042
  0.80406563736633052  0.81451707204320400  0.82406482735598996  0.83369132443867355
  0.84389169003437914  0.85465175099274537  0.86592975149381224  0.87706365552283827
  0.89231478280284893  0.91250874104083490  0.93356469874573433  0.95474093075804722
  0.97208764365377909  0.98313296721588661  0.99170808808455746  1.00000000000000000
  0.03428035687602864  0.49634861515620915  0.56202954566834962  0.59961239689807178
  0.62571927218873102  0.64569288782472822  0.66418878283993066  0.68033147479093692
  0.69432610509551673  0.70660486970737479  0.72017288489969000  0.73273012368175927
  0.74116208110257642  0.74962147032878712  0.75635382467677781  0.76337802459611614
  0.77106220581472840  0.77798702842295953  0.78383350807393015  0.78866997459717281
  0.79361870649059785  0.79898868559682446  0.80427338167656715  0.80981124972212404
  0.81374241005619719  0.81699283541367251  0.82010963837559880  0.82311407276068549
  0.82697719788173540  0.83155336391549117  0.83613010163314394  0.84015173719869829
  0.84396940663205811  0.84785267337476700  0.85183014999133100  0.85514473145336178
  0.85714443321091338  0.85911788786471155  0.86108654070245727  0.86307869347188015
  0.86528525147042601  0.86725166848498891  0.86906532059768149  0.87155010314063597
  0.87486748421538940  0.87802158896312765  0.88031450958689927  0.88199873190394351
  0.88357646474848694  0.88519354540948691  0.88676061621834978  0.88840649778839687
  0.89025246720474605  0.89232679886071076  0.89519513777470394  0.89894331609003220
  0.90170169819384838  0.90396665598325421  0.90648331231759882  0.90947398472927954
  0.91216707377358497  0.91428586867658757  0.91653678207858369  0.91947631186001466
  0.92288068464186090  0.92575676496496451  0.92813762142036904  0.93050759154070206
  0.93244995628417460  0.93398123981283820  0.93542918091745464  0.93715331771756261
  0.93953485148336136  0.94120258490978304  0.94268625779176574  0.94452016305200637
  0.94675885195187226  0.94870685342645122  0.95068396391387000  0.95274252202123355
  0.95463021317328500  0.95653421462588462  0.95759070104279376  0.95870375705908228
  0.96014224308498408  0.96190329076681569  0.96372028664723597  0.96536505082349955
  0.96861710664277256  0.97239399939095550  0.97580507306244846  0.97882966318245701
  0.98193975114031562  0.98516487597457203  0.98999584602262891  1.00000000000000000
   2.5137106601727069E-011  -1.0000000000000000     
 F F F F F F F F F F F F F F F F F F F F F F F F F F F F F F F F F F F F F F F F F F F F F F F F F F F F F F F F F F F F F F F F F F F F F F F F F F F F F F F F F F F F F F F F F F F F F F F F F F F F F F F F F F F F F F F F F F F F F F F F F F F F F F F F F F F F F F F F F F F F F F F F F F F F F F F F F F F F F F F F F F F F F F F F F F F F F F F F F F F F F F F F F F F F F F F F F F F F F F F F F F F F F F F F F F F F F F F F F F F F F F F F F F F F F F F F F F F F F F F F F F F F F F F F F F F F F F F F F F F F F F F F F F F F F F F F F F F F F F F F F F F F F F F F F F F F F F F F F F F F F F F F F F F F F F F F F F F F F F F F F F F F F F F F F F F F F F F F F F F F F F F F F F F F F F F F F F F F F F F F F F F F F F F F F F F F F F F F F F F F F F F F F F F F F F F F F F F F F F F F F F F F F F F F F F F F F F F F F F F F F F F F F F F F F F F F F F F F F F F F F F F F F F F F F F F F F F F F F F F F F F F F F F F F F F F F F F F F F F F F F F F F F F F F F F F F F F F F F F F F F F F F F F F F F F F F
  <DiscreteSampler_grid>
  grouped_processes
  1 # 1 for a reference and 2 for a running grid.
  10 # Attribute 'min_bin_probing_points' of the grid.
  1 # Attribute 'grid_mode' of the grid. 1=='default',2=='initialization'
  0.0000000000000000 # Attribute 'small_contrib_threshold' of the grid.
  0.5000000000000000 # Attribute 'damping_power' of the grid.
 # binID   n_entries weight   weight_sqr   abs_weight
    10   10   4.221551812528665E-006   1.071794951480049E-010   4.221551812528665E-006
  </DiscreteSampler_grid>
