  0.00349002653915789  0.01311813418780341  0.02152465163515170  0.03105786839814340
  0.04109927088942167  0.05050605102630536  0.06053241216410878  0.06965303771725324
  0.07740865859085352  0.08367916626196013  0.08914300771512906  0.09491719128719549
  0.10001450029725202  0.11078400863607032  0.12262201754576828  0.13449131948847989
  0.14508353182653702  0.15884202313128237  0.17320716183082657  0.18670259693718336
  0.19984038701708876  0.21284365702922625  0.22607810096485936  0.24067571706431734
  0.25501117658929373  0.26659967630823311  0.27623782328824631  0.28504188578439743
  0.29280689266078097  0.29982243364533973  0.30661031374500680  0.31316919232970253
  0.31956606096260326  0.32710380382897708  0.33809438771098238  0.35412093414172957
  0.36808031095745330  0.37927085968976038  0.39076919817597972  0.40064933285317528
  0.41084517720378050  0.42157070566679861  0.43028008430709358  0.44104752001179703
  0.45289937777599804  0.46754572561870872  0.48176940764065057  0.49604602703331424
  0.50723623992902789  0.51790565531806043  0.52815281222919663  0.53916808406603534
  0.55105993314679935  0.56294623222501261  0.57499024447361291  0.58680133908281640
  0.59899499908892129  0.61094919518835444  0.62116787155134146  0.63015670864182705
  0.63875172361983068  0.64900350830697895  0.66042666294893959  0.66881649043556890
  0.68010458030952403  0.68984658283006317  0.70475981349338646  0.71807633217663214
  0.73007752229625600  0.74158826435975111  0.75234565195582459  0.76281049230807640
  0.77444337408016894  0.78677132940527705  0.79787737603441211  0.80922862622397040
  0.82063984910735377  0.83196733393135325  0.84210685382054951  0.85155400466290521
  0.86094606611018742  0.87499206274902108  0.88801460608758720  0.89727592297021508
  0.90692427407168585  0.91603517526928002  0.92543685191957548  0.93549885088630225
  0.94495070877543597  0.95310513546931397  0.96216229906914774  0.97019739127535454
  0.97713228027870669  0.98587728355183935  0.99254323447637438  1.00000000000000000
  0.00848605097546987  0.00885659561862159  0.00942135307297487  0.01009876043898612
  0.01088704425211108  0.01185226968034647  0.01289222910923711  0.01399575180430317
  0.01517661321381156  0.01646577913113433  0.01799535523482393  0.01975465809413969
  0.02190288569377454  0.02428206966513077  0.02688916354662808  0.02985573363888303
  0.03314444419257453  0.03703073500484698  0.04115720857792932  0.04795872745756451
  0.05667267751879732  0.06581731348146086  0.07688119975364996  0.08892333561510364
  0.10364885319018513  0.11857325669255597  0.13579058087899457  0.15446199041029762
  0.17433050397894728  0.19378698906944294  0.21062540785177625  0.22750263300719636
  0.24394690938008348  0.26407578753337746  0.28636931715178360  0.31378606268078685
  0.34274794750899518  0.37031749250808887  0.39368474977322249  0.41513879179924151
  0.43613688776851367  0.45826257407098159  0.48369645060615873  0.51060092682281977
  0.53653749193572531  0.55897927471945386  0.57478950623463299  0.58737877071305600
  0.59786328143378786  0.60664017483522359  0.61529826390616971  0.62727877984386349
  0.63907401309574241  0.64784330835201054  0.65973723335874346  0.67203948209624609
  0.68405848179405160  0.70136910487754789  0.71713877509954416  0.73001588650878602
  0.74230246604836903  0.75868359710724065  0.77748301923167462  0.79876420679379989
  0.81939084622778069  0.84000311520644710  0.85982122467431155  0.87541281770387946
  0.88712643470394836  0.89622579988369133  0.90537758305832838  0.91531893503905926
  0.92556497434913287  0.93423040654592204  0.94134000323718103  0.94712733610249222
  0.95213539165468886  0.95678137202684199  0.96070196121186968  0.96400258376776882
  0.96694855171288308  0.96979231516469377  0.97298293011844994  0.97610895223052074
  0.97862336197861444  0.98038362311994753  0.98162095023979878  0.98271108362172044
  0.98377983616504516  0.98492733289793166  0.98614497827107184  0.98735849702256773
  0.98853213813939866  0.98957742125444059  0.99023320824644157  1.00000000000000000
  0.00175064723281309  0.01620519304173346  0.03040647337517026  0.04193768869071773
  0.05148903069814455  0.05935883913308657  0.06634244828231173  0.07360904000640908
  0.08031929124914995  0.08870052558160788  0.09864251980332978  0.10612031233534609
  0.11404317411794106  0.12302039166404748  0.13256322664523063  0.14063760692520341
  0.14788203405740477  0.15721253724271758  0.16939185653333988  0.18261643477044490
  0.19514498013296946  0.20690583235436374  0.21700903745669675  0.22412823145599051
  0.23033268533946272  0.23778114680840975  0.24718405444235209  0.25967848626038431
  0.27305366567173150  0.28694559697254052  0.29915975101606901  0.30880414761404112
  0.31919955966233809  0.32932915248132411  0.34060251727644858  0.35120856494919972
  0.36039235904267652  0.36842081345656880  0.37619376751935807  0.38399392131724824
  0.39227332932601577  0.40146053102293244  0.41136871846839190  0.42294546626480956
  0.43728654850660414  0.45480051754168915  0.46972151439597631  0.48315453595644836
  0.49520635043546402  0.50707017021824508  0.51959731823970179  0.53438215497544606
  0.54847967057581437  0.56177591561289286  0.57439690890772044  0.58836500095485156
  0.60476262536400327  0.61993811875028226  0.63311142642312512  0.64330301311394544
  0.65231548296727360  0.66088741520186134  0.66944375567989056  0.67865754082553165
  0.68942221163612205  0.70054452695720681  0.71243560728600652  0.72486415932448889
  0.73690797064098068  0.74914151935860107  0.75473178497411242  0.76301050680129889
  0.76965466948459538  0.77642143747545722  0.78413665453606063  0.79320002920078903
  0.80240694491414544  0.81009845929566660  0.81693908807776316  0.82449113289056331
  0.83362842719467256  0.84510774126999577  0.85837365947976108  0.87145021082289231
  0.88377012780796482  0.89468399112292729  0.90377826120877891  0.91176690931596049
  0.91965561413038766  0.92889972314945191  0.93856283742329805  0.94868973697552506
  0.96089420031554751  0.97315127249473843  0.98361354939349666  1.00000000000000000
  0.00850422498568516  0.00897948629052640  0.00958325359897591  0.01022824341854622
  0.01095035206319594  0.01191134824263230  0.01289187517653840  0.01380701848691521
  0.01502870148903695  0.01658408433427613  0.01893726623453978  0.02163650858168411
  0.02502895269054226  0.02946225902889633  0.03546613747998031  0.04309429234014080
  0.05150061144481236  0.05966991176886135  0.06828519503732351  0.07858668334423330
  0.09217715319606078  0.10945625363342548  0.12791085403293184  0.14474512213834145
  0.16017256605808800  0.17428883459071084  0.18983679561816189  0.20618869600116260
  0.22223550813842397  0.23622686772582835  0.25049421568163283  0.26710370652134224
  0.28570051901623855  0.30562997676535059  0.32457838811738732  0.33968816991533818
  0.35330543245976120  0.36844944285130382  0.38763937101717627  0.40342821202470175
  0.41824414020931705  0.43389490789016255  0.45300673290063193  0.47470575200151949
  0.49576167183613767  0.51548304045486781  0.53500974058753104  0.55379822819412794
  0.57252439819484424  0.58989792839118493  0.60332481713409347  0.61343813335336739
  0.62500983736401972  0.63833878125449817  0.65350619576616276  0.66905058325248634
  0.68674189316880074  0.70874658226153175  0.72801157041189124  0.74600776406767688
  0.76391534162337149  0.78096404678252718  0.79805091485373481  0.81329675912891486
  0.82464777124887945  0.83911047551895190  0.84870458171407037  0.85785686847728448
  0.86614062850568940  0.87544017183707978  0.88776157307761427  0.89934297479387393
  0.91123842900578744  0.92203726465660729  0.93072878224365418  0.93788349688312900
  0.94432292547845786  0.95073437133650263  0.95677222886039526  0.96227709459604194
  0.96754394040828751  0.97182920070186862  0.97523513630601977  0.97797786986827051
  0.98017969624749424  0.98204989074326154  0.98373470035022859  0.98495615338421516
  0.98608683535811981  0.98710429765133756  0.98799497190906216  0.98877048161859338
  0.98941946158158434  0.98999274738407084  0.99008689837156216  1.00000000000000000
  0.00000000877866470  0.00000000932080977  0.00000000996547125  0.00000001051633153
  0.00000001102927782  0.00000001153165676  0.00000001202490054  0.00000001247146310
  0.00000001266952539  0.00000001286796297  0.00000001316394415  0.00000001352346260
  0.00000001391982941  0.00000001428387192  0.00000001463736942  0.00000001496840456
  0.00000001527409879  0.00000001555500547  0.00000001584090951  0.00000001615873112
  0.00000001647101841  0.00000001674458350  0.00000001699452929  0.00000001724723654
  0.00000001750383729  0.00000001774127706  0.00000001800799225  0.00000001831429743
  0.00000001861831525  0.00000001892096965  0.00000001923263194  0.00000001952805797
  0.00000001981438264  0.00000002015305277  0.00000002057014462  0.00000002107271725
  0.00000002164145508  0.00000002224188385  0.00000002281720921  0.00000002340508882
  0.00000002397633560  0.00000002460453861  0.00000002528484393  0.00000002606005839
  0.00000002697476090  0.00000002802651186  0.00000002911270892  0.00000003014158643
  0.00000003126187128  0.00000003213262289  0.00000003295662130  0.00000003373856468
  0.00000003462452591  0.00000003565247902  0.00000003669210953  0.00000003781553763
  0.00000003903988123  0.00000004042005775  0.00000004202458277  0.00000004371850772
  0.00000004534497664  0.00000004691091481  0.00000004836907516  0.00000004963282752
  0.00000005088672067  0.00000005309806002  0.00000005558022774  0.00000005890308410
  0.00000006334120857  0.00000006821444523  0.00000007317662833  0.00000007858427224
  0.00000008484630229  0.00000009289310930  0.00000010084357440  0.00000010898075173
  0.00000011883340082  0.00000013148621419  0.00000014444047816  0.00000016091399716
  0.00000018048601099  0.00000020724805911  0.00000024345683295  0.00000029205966643
  0.00000036059388688  0.00000048804940177  0.00000071309237843  0.00000107767231757
  0.00000210623922143  0.00000641605513753  0.00003130587908198  0.00017802789710309
  0.00082380600787821  0.00338555393320392  0.05905585224201727  1.00000000000000000
  0.00034893033364290  0.00282134924978040  0.00519525506164191  0.00726497653118322
  0.00858561334730218  0.00945551783842205  0.01043609850948301  0.01141799381211952
  0.01220333140688439  0.01291796045805853  0.01363644640774320  0.01430843904017461
  0.01504130272433692  0.01594594851403301  0.01703471884754074  0.01815797489025516
  0.01916528232879192  0.02024741727674803  0.02148793360074764  0.02259647989866297
  0.02323720425212797  0.02394658298390556  0.02478408888219205  0.02599635741876029
  0.02712911697305593  0.02820355749714528  0.02928636212171709  0.03038853941382179
  0.03172429339346901  0.03297446124307412  0.03392560717461978  0.03493061040592412
  0.03587012111697477  0.03702624932673453  0.03835154851926814  0.03971081939158161
  0.04109644061387535  0.04275233363784883  0.04458524383788982  0.04602658123615185
  0.04739392604448578  0.04902743077867907  0.05101914614857257  0.05304436322762410
  0.05490199286076815  0.05670118416926198  0.05843522823543582  0.06009185163279823
  0.06177340438098907  0.06376094221146208  0.06565609042726846  0.06745729001660700
  0.06913757262735079  0.07074150486762580  0.07242329603690870  0.07442849820597425
  0.07627604155914643  0.07762435626728550  0.07893018658899247  0.08013880776541368
  0.08195686304185304  0.08409532873897085  0.08630680044214885  0.08872201384845385
  0.09092880231705834  0.09282750832379785  0.09465632260011572  0.09665088493770532
  0.09866536016983266  0.10088198881796255  0.10356532898261672  0.10607395746272277
  0.10910939880323139  0.11162901179411130  0.11453674153676956  0.11807419263281994
  0.12242539010734078  0.12658239199379029  0.13067003137254357  0.13467616545617353
  0.13877807367389086  0.14150270028543516  0.14385678910474220  0.14606012205473665
  0.14815785971342582  0.15055054843007507  0.15241596626110757  0.15653651465421534
  0.16500773992369619  0.17284356017316888  0.17967254644450825  0.18583898921568637
  0.23999219987217785  0.33542356441836679  0.43151002964197666  1.00000000000000000
 -0.00446649714977081  0.01218784260609813  0.02799456276666637  0.04114145640151622
  0.05157953997439516  0.06238778418515539  0.07218187253990872  0.08239500318336494
  0.09407387762592775  0.10710428780996914  0.12206658662690935  0.13683304899517293
  0.14752059259352043  0.15533458920667020  0.16259991361715284  0.17339572498759237
  0.18340372470194710  0.19168238855274505  0.19914222616777763  0.20777266278760884
  0.21709766482746723  0.22814348156379724  0.24076199991659950  0.25287184366867155
  0.26368126575185918  0.27311503276306648  0.28177956445405433  0.29043835424789893
  0.29978894345836610  0.30932639362631242  0.31855457301689588  0.32759953276868470
  0.33747762829986694  0.34869024200318971  0.35778576691050579  0.36599496298380069
  0.37492285059210578  0.38408440653403170  0.39337499666044157  0.40352883124371219
  0.41376881175898839  0.42545327137721362  0.43861835821196399  0.45240177021887945
  0.46664091730749663  0.47764608887577259  0.48773114587728816  0.49692959795638808
  0.50613317700535221  0.51507737404972742  0.52416228125622355  0.53672941969792021
  0.55177856957284577  0.56679306067969670  0.57986255346795978  0.59083797810722571
  0.60152021749015361  0.61355371191608232  0.62657706138481883  0.64216519677946027
  0.66262350654272917  0.68043510849853583  0.69402216260660898  0.70651372375546406
  0.71929920376487377  0.73183939883983773  0.74438197342552859  0.75586264280875770
  0.76755382642333103  0.78078117899120714  0.79335463408672036  0.80457390349039692
  0.81581287376257094  0.82687266555485461  0.83669212344144517  0.84544950429721966
  0.85456239196521677  0.86494567005108913  0.87066487888027755  0.87573967417966725
  0.88046473065745734  0.88685998159897028  0.89497641775109749  0.90190439708857506
  0.90934506616554611  0.91545376168426951  0.92268731511883573  0.92919401454299932
  0.93626934158012864  0.94298023384377205  0.94989469824773987  0.95898617830884103
  0.96993056765403984  0.98021979290158279  0.99044740575397550  1.00000000000000000
 -0.00117599977539987  0.00585500486754158  0.01384806472959118  0.01972935535658009
  0.02515864950455950  0.03154670591300521  0.03960369982596443  0.04737642195148789
  0.05653554759038332  0.06745626223444283  0.07909718379840802  0.09162696952027020
  0.10309456337062008  0.11281470089492218  0.12328994229208544  0.13464339073484449
  0.14368252441386437  0.15019978281681096  0.15703044994846271  0.16524489477754961
  0.17491458919694047  0.18462269273389470  0.19342723685813309  0.20273635767455725
  0.21411902414436998  0.22495151310396827  0.23628002669019510  0.24995890094913123
  0.26104478017214500  0.26996086013988585  0.27894311980643871  0.28770526907688126
  0.29704319873045415  0.30788036863682422  0.32181050638866510  0.33386833073232980
  0.34713099766779254  0.36069284365406779  0.37279403308867615  0.38144814114716502
  0.39096434170313960  0.39922719038389232  0.40868905893440610  0.41689128624260685
  0.42417893606909668  0.43061819816445512  0.43823479351471289  0.44612174637181462
  0.45384091220922318  0.46130937155642032  0.47353897578482540  0.48617973988001195
  0.49763374160380835  0.50956662086002902  0.52275221361171453  0.53559688773170033
  0.54813009303167748  0.56042201632001043  0.57106701961661310  0.58141044175472323
  0.59256569663800873  0.60546989081470082  0.61882441748654715  0.63191366814688488
  0.64509294075647738  0.65732755606256987  0.66928215454090911  0.68235181865819217
  0.69878686891266406  0.71445493376024727  0.72792412468217382  0.74078562291604888
  0.75384013020830343  0.76744583897447349  0.78120264512125115  0.79337666763347336
  0.80455781819801675  0.81466041883427298  0.82556370969641590  0.83535868001758229
  0.84414079080182747  0.85504071043414875  0.86809646786181427  0.88154198375152715
  0.89490447459932498  0.90762773945860831  0.91871827020296071  0.92890181475683176
  0.93823051533107127  0.94747298394995016  0.95791077048318163  0.96900790250918167
  0.97742486453908783  0.98537713196908683  0.99191528065548462  1.00000000000000000
 -0.00200957951795503  0.00841568536232443  0.02015691275177963  0.03119612211410054
  0.04207477647450263  0.05295041352316876  0.06289951396150321  0.07499083283674580
  0.08641314538778173  0.09835719320001123  0.10895891468712482  0.12033227637461651
  0.13265068002726182  0.14507854405855250  0.15824856513228663  0.17173972260799325
  0.18547267498974271  0.19691390753671262  0.20738364088452854  0.21582808101876577
  0.22434804167079406  0.23309134477938351  0.24280652301030062  0.25487496525755754
  0.26736363877827096  0.27909862050915762  0.28876685628383164  0.29665511507450393
  0.30325796945926731  0.30936362837733716  0.31641693459689185  0.32453763059231472
  0.33339626162740715  0.34266761519913003  0.35284241841854613  0.36445477104881518
  0.37672129021563133  0.38857452273699894  0.39976299659820613  0.41053247025802331
  0.42084580351111089  0.43268301952746624  0.44619840564238400  0.45822347835826305
  0.46697020668871964  0.47530075760435603  0.48487221038250011  0.49630453111869582
  0.50752695514231660  0.51861429684481242  0.53492064829088759  0.54742185145494471
  0.55825526673759029  0.56823904859302288  0.57846545058958343  0.58965928927854716
  0.59986634502184166  0.61457571426149471  0.62617638583690571  0.63694491873258741
  0.64672555829711487  0.65489728592659668  0.66257586762606968  0.67225692759459288
  0.68407107636326336  0.69335510091080566  0.70074284080715810  0.70779145607687799
  0.71633951578980737  0.72480696405839173  0.73373243988573444  0.74048688739609325
  0.74583506178218673  0.75064283725796510  0.75764125839716912  0.76671012886754464
  0.77698596690970245  0.78930701423513006  0.80148737457271602  0.81293328828442102
  0.82424854328548658  0.83623595398151873  0.84642432148601698  0.85931910613275009
  0.87393024117206208  0.88995989943331288  0.90640102655075894  0.92278672854788657
  0.93856959538194185  0.94988448407643156  0.95693407850126810  0.96468262385524872
  0.97346890968309718  0.98040203875865606  0.98706163121813351  1.00000000000000000
 -0.00124249823359778  0.00688440823101587  0.01669006841950180  0.02598674385358376
  0.03451965975478384  0.04542166846173459  0.05883535415988111  0.07226573660898876
  0.08575742245812526  0.09850995220908704  0.11031250409534914  0.12107227597157275
  0.13255059219091603  0.14640408816807748  0.16112182467325942  0.17378953977029982
  0.18367790561208422  0.19145843074104171  0.20369435462865271  0.21468831713184763
  0.22628693167560990  0.23844300364609261  0.25194162974170581  0.26677481003722159
  0.27937072528768220  0.29322687559849892  0.30348385635499475  0.31101292944062370
  0.31962750332072715  0.32777016526540126  0.33533476244802973  0.34186280929305790
  0.35096045123247543  0.36119177279751080  0.37207921925088117  0.38196620113446139
  0.39209776162518900  0.40720116959634473  0.42339001822868505  0.43778338171692865
  0.45085277439082899  0.46247306754334677  0.47123354852249472  0.47852607879516712
  0.48760605595406975  0.49569614697838249  0.50321858506784722  0.51108111090301600
  0.52303819318866185  0.53655390275658077  0.55082976205000378  0.56556976747438426
  0.58022715972776773  0.59073970086195537  0.60156677612008747  0.61088425910271871
  0.61904575412672092  0.62720070061043587  0.63565917566493257  0.64325333645089278
  0.65174813723197211  0.66078289426683567  0.66886388596618718  0.67705532584483896
  0.68585712958343681  0.69534044991285926  0.70563689741208446  0.71658519360195205
  0.72805370205164166  0.73996042364645631  0.75119693387179498  0.76034817230595553
  0.76895495632680111  0.77840523416909735  0.78815801349852510  0.79793993854090273
  0.80728790288245389  0.81650827118690605  0.82548778602282702  0.83416429531195968
  0.84223801308499191  0.84961677145513448  0.85838142732949174  0.86841047464623822
  0.87905917052029625  0.89091993092723243  0.90137750791325499  0.91073919698418559
  0.91952818331049468  0.92979011576085857  0.93948642378788105  0.94908534265523747
  0.95927264447113947  0.97410845062744478  0.98786458627793139  1.00000000000000000
 -0.00427303791259682  0.01428469842328022  0.02611057830627614  0.03700431088901283
  0.04790052959653378  0.05775419701770219  0.06821986678736393  0.08028219962023690
  0.09062859422524627  0.10067420205988198  0.11211390986363771  0.12515346218781875
  0.13854969288488689  0.15234821559986231  0.16701762579249332  0.18145462305472379
  0.19486112848290504  0.20732640236431901  0.22162031486295561  0.23752441741398725
  0.25265347840385199  0.26498164314370909  0.27539733164219177  0.28508699439942858
  0.29551327824156032  0.30729308912664638  0.31940220871408792  0.33276615764011924
  0.34597347943185947  0.35894658194926204  0.36778405921229518  0.37397068198896199
  0.38017651047402296  0.38601610864733577  0.39320719349500283  0.40294353078206879
  0.41449860348890066  0.42644910313744511  0.43632245892796073  0.44470649997616690
  0.45389300547562267  0.46529128775087031  0.47815556591540004  0.49208320036656683
  0.50579275134375845  0.51900069393212922  0.52860985981049247  0.53559851387087165
  0.54331525404644443  0.55265863647246027  0.56219979164582234  0.57251600439430494
  0.58420256958692363  0.59625336429835485  0.60823487368136275  0.61953322124607713
  0.63043157852807608  0.64158628962521602  0.65256275632801564  0.66243230543989207
  0.67123573250055835  0.67770061666777737  0.68249387827527075  0.68772514881571323
  0.69360889995821062  0.70006276385129829  0.70775231484348089  0.71523985112634036
  0.72314574968284540  0.73152899929078186  0.74187174202887085  0.75234661009308934
  0.76207421111875584  0.77249548259026268  0.78356701824469221  0.79545906644548214
  0.80714186341255134  0.81824141516063209  0.82979302771937002  0.84208218694270243
  0.85457195631397531  0.86637104129544906  0.87792798863407706  0.88760254088177459
  0.89612390612541548  0.90526221449807887  0.91408766259547380  0.92422281589012423
  0.93696499565828917  0.95055959310262916  0.96316375955217493  0.97254921091611690
  0.97926052537750607  0.98756861938636353  0.99448381987131174  1.00000000000000000
 -0.00302714221847983  0.00898221286741977  0.01994593940347488  0.03129370050587963
  0.04367895939636796  0.05707484372162677  0.07043289608016888  0.07978177742934882
  0.08665578102734965  0.09276187213213699  0.09904695168587188  0.10563117861688574
  0.11473482505563355  0.12568485011727212  0.13632523733830385  0.14536429297473830
  0.15487759281710684  0.16571023139369370  0.17830576435777393  0.19165029123267083
  0.20482318876976904  0.21773440393518845  0.23038047551507179  0.24364765947575087
  0.25689038682695653  0.26893224138863980  0.28062671279966861  0.29079594444310242
  0.29944209305854291  0.30830128093597819  0.32048492848657567  0.33481717406908479
  0.34840758432198321  0.36216370947933990  0.37529634578891868  0.38776849729510521
  0.39945892254581444  0.40988394333618650  0.42008174083852473  0.43073733318965657
  0.44140747189652824  0.45060653629492303  0.46217070692738543  0.47457200632355317
  0.48663807813231968  0.49811826450406466  0.50586538265296566  0.51166708230470526
  0.51768848862993200  0.52305189465244650  0.52752191378036883  0.53328436738342577
  0.54191894081844871  0.54967796830517790  0.55450003669081749  0.55885184155324574
  0.56501896354045356  0.57398831224133029  0.58420319276337251  0.59487050464009572
  0.60675966057728026  0.62083269293281163  0.63221391362334722  0.64454235898625467
  0.65644103420415978  0.66866898609876413  0.68184851570829041  0.69490315578218931
  0.70723577586840258  0.71986468449792995  0.73201806764653865  0.74417440712991423
  0.75787270391932948  0.77219261608825829  0.78777083364876421  0.79874049015720894
  0.80993877326634534  0.81978003554937251  0.82904353129931019  0.83861012676686497
  0.84723461175285331  0.85739332826820591  0.86868325888132825  0.88000275132899308
  0.89078220904592120  0.90089313736211329  0.91024001847729641  0.91949063797370090
  0.92922395256497170  0.94007374283038647  0.95145238076200433  0.96312200860357600
  0.97335993880500760  0.98217764697990628  0.99025015637037372  1.00000000000000000
 -0.00376240481748017  0.01278950873597378  0.02613263151162884  0.03741399715175945
  0.04929355220466881  0.06143193833782661  0.07290391802405551  0.08397885055051169
  0.09435161345577478  0.10363548528158337  0.11292117356037082  0.12289436103600002
  0.13269374728921535  0.14280588636122796  0.15371249104142226  0.16514992750503596
  0.17932403097240049  0.19386285442907839  0.20684879223121938  0.21884496085705196
  0.23063488917290256  0.24262393220144565  0.25556909758815588  0.26921224518252673
  0.28167780334429804  0.29085955961088428  0.29904951667554958  0.30826148914443513
  0.31831238712348958  0.32869238558608865  0.33954354845819334  0.34970824228406527
  0.35768135741768053  0.36445020884487883  0.37168623559615466  0.37996967001145643
  0.38896093675322535  0.39611892174945429  0.40099993595447048  0.40602353387256673
  0.41409214982137432  0.42241803327993616  0.43107428184772872  0.43907882710671053
  0.44671474805939471  0.45390935695132761  0.46242313633810450  0.47208628692205418
  0.48213288941971411  0.49319097683409513  0.50411002198431942  0.51474715649430991
  0.52658369287713980  0.53889734223574071  0.55230904975180606  0.56588223880778488
  0.57888192754720558  0.59084720249406131  0.60220375339169874  0.61336931558146113
  0.62596260006453253  0.63960171813934052  0.65352069955781211  0.66666815166473448
  0.67914361178011950  0.69086072383077524  0.70207121325788890  0.71422608858257541
  0.72757161419460503  0.74111634640460744  0.75448310471636570  0.76828591822129799
  0.78097662369323617  0.79296778874933926  0.80600579474587941  0.81730107136867436
  0.82600926137977326  0.83433392069238665  0.84133155180734764  0.84776957314881984
  0.85427521802655437  0.86116445419226761  0.87095823046624321  0.88116030598679274
  0.88961384217788553  0.89805849978847330  0.90525182831819584  0.91152252041619164
  0.91972889012983750  0.93063844765742731  0.94296518153670483  0.95459404996915842
  0.96618808158210479  0.97827838438768411  0.98913350351629825  1.00000000000000000
 -0.00405942596932199  0.01395456523427065  0.02995707152081694  0.04266085079116323
  0.05398587520124210  0.06432928345157826  0.07650708853688581  0.08986197002841065
  0.10281675876586879  0.11352302374827662  0.11818338449660164  0.12531263367680395
  0.13287110659534634  0.14086329191639430  0.15190507706016335  0.16546879814808521
  0.17584905947949617  0.18603332926806693  0.19716291042237363  0.20558669083734002
  0.21223582428745627  0.22090420603561636  0.22922602253908178  0.23469296349438187
  0.24024234347981635  0.24867517731138308  0.25735139241848282  0.26559341140033066
  0.27561314446306384  0.28623217418766900  0.29509597249931757  0.30317753709727807
  0.31277683913993615  0.32216062797229533  0.33128870078559375  0.34402510627281990
  0.35908022279635232  0.37041344417741501  0.38254823738451843  0.39381342187286805
  0.40519287797006542  0.41583085667052622  0.42685917053572942  0.44177850422570381
  0.45843368133907114  0.47043500729688204  0.48225276974326425  0.49220366298681745
  0.50107996173992875  0.50759942215571219  0.51249477960308032  0.51821516059063144
  0.52617006310572234  0.53567348348058996  0.54748991679040671  0.55934021036962289
  0.57064169754909000  0.58129627676377260  0.59112170766150718  0.60108988745599734
  0.61203472605257370  0.62248337558530697  0.63365559693506679  0.64571474318880029
  0.65493873744585573  0.66461565756744900  0.67461845915145890  0.68469700198157646
  0.69300755926136159  0.70335294293418371  0.71308871299886278  0.72277712202802769
  0.73343025860878297  0.74565694246686187  0.75864222455404118  0.77243635496877749
  0.78616958792080716  0.79736282974857020  0.80668507026268510  0.81617124814793951
  0.82738478914982383  0.84178576686492745  0.85125697207908568  0.86058423685827135
  0.87048474083533545  0.88035365779877406  0.89085953327284417  0.90094865949641989
  0.91237088454519188  0.92552677938879069  0.93924976391445647  0.95216661838928607
  0.96327319526355315  0.97373116446762709  0.98572444047996810  1.00000000000000000
 -0.00222973093542774  0.00962513698678884  0.01960459016640164  0.02972044915791339
  0.03933114825170209  0.04740254872295985  0.05494018336107732  0.06233882924105524
  0.06957152714057815  0.07749078281586541  0.08477488055972572  0.09097661395631428
  0.09818409992821428  0.10528475543556767  0.11647997742442585  0.12692614937123878
  0.13650290821404595  0.14487831043900481  0.15124581837433959  0.15797735899862800
  0.16555291241344688  0.17401659647247003  0.18224849146135721  0.18970639474519227
  0.19882804716044070  0.21217604346304150  0.22758843781682012  0.24313688240444217
  0.25774018646226204  0.27000573812963224  0.28051256861610535  0.29002521597042036
  0.29900169783790875  0.30875367510424762  0.31974799890842898  0.33202024783566908
  0.34434117333872261  0.35748158605460006  0.37086682644084268  0.38340682206818227
  0.39465485945339246  0.40406298792289175  0.41424612355342433  0.42597431938521590
  0.43770878393222090  0.44751997667982096  0.45458336819198264  0.46050183741349920
  0.46697464979281594  0.47408176839649302  0.48446832228084513  0.49607491185692826
  0.50715208871437389  0.51766632343392072  0.52808786498085358  0.53895057310238048
  0.55129338688229357  0.56331595126157286  0.57351513648435526  0.58254568366747239
  0.59278974318998023  0.60279437297933003  0.61157573676994914  0.62076666173504436
  0.63360258949184955  0.64844765060996179  0.66300099363555243  0.67650826525826613
  0.69107184853948034  0.70617072827751814  0.72076620549661408  0.73299467670684582
  0.74346078995787956  0.75299134688831637  0.76171488179700053  0.77065845560757884
  0.77981415723211833  0.79038021579177131  0.80272052217951928  0.81679077164215486
  0.83121119882619965  0.84411721374596915  0.85601165227634202  0.86706382440148022
  0.87835436957807644  0.89061174797512099  0.90446393060237251  0.91794378874721527
  0.92905078461964408  0.93873547914530764  0.94749701433730260  0.95600882456932601
  0.96513687686672489  0.97505109499031495  0.98622001843162044  1.00000000000000000
  0.07266191404764094  0.07629389074796837  0.07829473121825960  0.07963799460881472
  0.08026954199003825  0.08065163690859330  0.08104589976380078  0.08149728189036318
  0.08194289938308023  0.08237843197021470  0.08287812763170690  0.08337352102343293
  0.08387978000600836  0.08460077758337065  0.08566445794109433  0.08681644926033408
  0.08796771682081665  0.08911477388360757  0.09037365912205321  0.09174449544719895
  0.09309174360442890  0.09434395844688541  0.09551996526562824  0.09668670868632735
  0.09790669291259819  0.09914775557795710  0.10028984414394582  0.10142631755181464
  0.10259655361283915  0.10395270155324506  0.10537801077120619  0.10643341930146809
  0.10741144341479865  0.10840078923607196  0.10941614031135706  0.11054467311839851
  0.11169652986679379  0.11282243878663492  0.11397557089299926  0.11518560829881014
  0.11654327679215735  0.11793022493522382  0.11917832990105547  0.12040950403504844
  0.12163193640224888  0.12292403066603755  0.12428402518380223  0.12570664440859006
  0.12718721943884564  0.12866019727461869  0.13008565471506331  0.13142098674645733
  0.13270514787944448  0.13401874710439737  0.13544765224246477  0.13695167279933074
  0.13858762025465893  0.14058532996535977  0.14253947893699875  0.14437881530571545
  0.14607243538057993  0.14790751715949174  0.14966199271584837  0.15095730709023172
  0.15217999729875026  0.15334026573765946  0.15502463541179018  0.15715431587357243
  0.15903879598557552  0.16091327312849224  0.16296322882976147  0.16520439319065122
  0.16778106306924639  0.17128245963650468  0.17542651791653407  0.17995484459692165
  0.18374589123046858  0.18812480057058514  0.19197053509988332  0.19622835156013005
  0.20137723938836813  0.20815267719147659  0.21517334749508726  0.22169126735110967
  0.22774906326828745  0.23436997599995851  0.24254315536015236  0.25304339863517850
  0.26071505613406099  0.26725367519521176  0.27481659949899184  0.28328672305504893
  0.29347181506825315  0.31530842830885741  0.34787685983455274  1.00000000000000000
 -0.00374714375679625  0.01470525779937716  0.02784171353918857  0.03831368698107097
  0.04803378616616465  0.05773466545865132  0.06537925718299885  0.07564487666457116
  0.08557258152787003  0.09520849384875901  0.10559282999277701  0.11770613739313412
  0.13095902178650026  0.14365793166278651  0.15596771841359597  0.16809480953901318
  0.17972438338303959  0.19360337252956253  0.20724234159154087  0.21753195704780612
  0.22620181866259362  0.23480285713557655  0.24291587868567302  0.25312276479338908
  0.26346710741261598  0.27436355446411070  0.28805947877766624  0.30370169634543553
  0.31887999356293012  0.33255149665831313  0.34578994841609573  0.35637906954045251
  0.36721653410422217  0.37765325125968929  0.38749460459134405  0.39807565924557425
  0.40971482801362086  0.42195938131211974  0.43356477046057779  0.44437913374318372
  0.45554682978822963  0.46522001193683055  0.47073687200670905  0.47528466767224170
  0.48008074559078118  0.48524791420129487  0.49564593940126478  0.50561724562174559
  0.51423357346375953  0.52249293273283881  0.53202580009351907  0.54174735095274651
  0.54846663495826831  0.55594096518359404  0.56489278933929099  0.57572189511677241
  0.58524519601543346  0.59398931828252444  0.60314652346846820  0.61604866363182587
  0.63302082711177421  0.65082711166631779  0.66669680562478506  0.68176972705920180
  0.69661165647706780  0.70969495976636321  0.71942232076591695  0.72633479732910511
  0.73331370173938426  0.74010930215789428  0.74609133705328001  0.75162932698521256
  0.75758806597359252  0.76435197620025996  0.76942270644824418  0.77716670297540291
  0.78607050372572262  0.79546923700626881  0.80713009421524873  0.81911903799278518
  0.82998579824254004  0.84007297716607787  0.85023000306346919  0.86151015841204337
  0.87570452506158847  0.89024982919891571  0.90413588873732176  0.91508757696508125
  0.92379581344885453  0.93333742273759779  0.94121151712452755  0.94855265578056247
  0.95886807276579411  0.97227233670597601  0.98624568788931244  1.00000000000000000
  0.16032795825766299  0.39381875779425995  0.43902446831754705  0.47043179095331622
  0.48943003859686951  0.50453040278718486  0.51898050928126238  0.53311777693177842
  0.54590945544765523  0.55657158681811358  0.56637755528908029  0.57527554997169161
  0.58269764199763108  0.58829613787697721  0.59396763259200325  0.59963659328195706
  0.60462348134234867  0.61065051828543737  0.61586872732375597  0.61972880708572176
  0.62285898181305754  0.62574911379155451  0.62885957905540113  0.63296032796342516
  0.63908769805531318  0.64611611968926441  0.65360361778519305  0.65991628716090067
  0.66551087092222150  0.67020838056308207  0.67506621501916231  0.67995992718402731
  0.68464074282235243  0.68939196346818699  0.69303920254449236  0.69656700584968168
  0.70038747795738299  0.70453419947325746  0.70884470133339739  0.71247687034345430
  0.71568139873088454  0.71885556034482534  0.72219712629528077  0.72601809405929063
  0.72991053588450761  0.73329174199481129  0.73669702110959467  0.74015787294419921
  0.74349554686212571  0.74673554696160627  0.74985168908115130  0.75283214670795584
  0.75556592114645438  0.75843373599634356  0.76182486882747114  0.76491553440598081
  0.76789880581309289  0.77103111385261558  0.77459903916146133  0.77842357743591462
  0.78176423434605524  0.78457026608686475  0.78745499876654235  0.79040436409130088
  0.79331056381671194  0.79762774388263402  0.80202717853676675  0.80565052721923192
  0.80901593534701388  0.81299515036473857  0.81712621968613264  0.82117673912405220
  0.82498027255066708  0.82865207885969738  0.83251056525465983  0.83662635888214110
  0.84112799353764756  0.84504610334618879  0.84881723069402237  0.85261676905801265
  0.85658020303950633  0.86081620413412752  0.86564591757577014  0.87072056845754087
  0.87560319633134898  0.88087655776749507  0.88647875846883262  0.89241165106028331
  0.89813423166396500  0.90354910511114950  0.90902290145545250  0.91499297926560774
  0.92226432593693330  0.93095536680914193  0.94755605836022261  1.00000000000000000
   2.8377092675903995E-013  -1.0000000000000000     
 F F F F F F F F F F F F F F F F F F F F F F F F F F F F F F F F F F F F F F F F F F F F F F F F F F F F F F F F F F F F F F F F F F F F F F F F F F F F F F F F F F F F F F F F F F F F F F F F F F F F F F F F F F F F F F F F F F F F F F F F F F F F F F F F F F F F F F F F F F F F F F F F F F F F F F F F F F F F F F F F F F F F F F F F F F F F F F F F F F F F F F F F F F F F F F F F F F F F F F F F F F F F F F F F F F F F F F F F F F F F F F F F F F F F F F F F F F F F F F F F F F F F F F F F F F F F F F F F F F F F F F F F F F F F F F F F F F F F F F F F F F F F F F F F F F F F F F F F F F F F F F F F F F F F F F F F F F F F F F F F F F F F F F F F F F F F F F F F F F F F F F F F F F F F F F F F F F F F F F F F F F F F F F F F F F F F F F F F F F F F F F F F F F F F F F F F F F F F F F F F F F F F F F F F F F F F F F F F F F F F F F F F F F F F F F F F F F F F F F F F F F F F F F F F F F F F F F F F F F F F F F F F F F F F F F F F F F F F F F F F F F F F F F F F F F F F F F F F F F F F F F F F F F F F F F F F
  <DiscreteSampler_grid>
  grouped_processes
  1 # 1 for a reference and 2 for a running grid.
  10 # Attribute 'min_bin_probing_points' of the grid.
  1 # Attribute 'grid_mode' of the grid. 1=='default',2=='initialization'
  0.0000000000000000 # Attribute 'small_contrib_threshold' of the grid.
  0.5000000000000000 # Attribute 'damping_power' of the grid.
 # binID   n_entries weight   weight_sqr   abs_weight
    10   10   8.574456672312932E-004   5.718213374366316E-006   8.574456672312932E-004
  </DiscreteSampler_grid>
