  0.02038439203474878  0.04807445445860406  0.05448224225054138  0.06089003004247870
  0.06788839483175763  0.07508493538679879  0.08228147594183996  0.08762856490585244
  0.09265906157788589  0.09768955824991934  0.10272005492195280  0.10775055159398621
  0.11278104826601960  0.11781154493805300  0.12284204161008640  0.12787253828211981
  0.13290303495415320  0.13793353162618660  0.14296402829822000  0.19216936657619399
  0.29521215790959582  0.34097106971350372  0.41685467373923940  0.41827745013099271
  0.41970022652274608  0.42112300291449944  0.42254577930625281  0.42396855569800612
  0.42539133208975949  0.42681410848151285  0.42823688487326622  0.42965966126501959
  0.43108243765677290  0.43250521404852627  0.43392799044027963  0.43535076683203300
  0.43677354322378636  0.43819631961553973  0.43961909600729304  0.44104187239904641
  0.44246464879079977  0.44388742518255314  0.44531020157430645  0.44673297796605982
  0.44815575435781319  0.44957853074956655  0.45100130714131992  0.45242408353307323
  0.45384685992482660  0.45526963631657996  0.45669241270833333  0.45811518910008669
  0.45953796549184006  0.46096074188359343  0.46238351827534679  0.46380629466710016
  0.46522907105885353  0.46665184745060689  0.46807462384236026  0.46949740023411363
  0.47092017662586699  0.47234295301762036  0.47376572940937373  0.47518850580112715
  0.47661128219288051  0.47803405858463388  0.50116297349650207  0.54403821869610447
  0.54783599364039259  0.55163376858468072  0.55543154352896884  0.55922931847325696
  0.56302709341754520  0.56682486836183332  0.57062264330612145  0.57442041825040957
  0.57821819319469769  0.58201596813898593  0.58581374308327405  0.58961151802756229
  0.59340929297185041  0.59720706791613865  0.60100484286042677  0.62222721631743727
  0.72921469661854621  0.73487865068680258  0.74054260475505895  0.74620655882331544
  0.75163600970537658  0.75658988298164587  0.76154375625791526  0.76649762953418454
  0.78429190911026481  0.89214595455512713  0.95646064019673538  1.00000000000000000
  0.02587952887501784  0.06576983695867225  0.06903967391734452  0.07230951087601677
  0.07557934783468902  0.07884918479336127  0.08211902175203353  0.08574319177209934
  0.08957668576589180  0.09341017975968427  0.09724367375347673  0.10107716774726920
  0.10517952643295428  0.11039836720790849  0.11561720798286271  0.12083604875781694
  0.14516423097569831  0.16769171379948200  0.16899841433234231  0.17030511486520261
  0.17161181539806292  0.17291851593092322  0.17422521646378353  0.17553191699664383
  0.17683861752950414  0.17814531806236444  0.17945201859522475  0.18075871912808505
  0.18206541966094536  0.18337212019380567  0.18467882072666597  0.18598552125952628
  0.18729222179238658  0.18859892232524689  0.18990562285810719  0.19121232339096750
  0.19251902392382780  0.19382572445668811  0.19513242498954841  0.19643912552240872
  0.19774582605526903  0.19905252658812933  0.20035922712098964  0.20166592765384994
  0.20297262818671025  0.20427932871957055  0.20558602925243089  0.20689272978529119
  0.20819943031815150  0.20950613085101180  0.21081283138387213  0.21211953191673244
  0.21342623244959277  0.21473293298245308  0.21603963351531341  0.21734633404817372
  0.21865303458103405  0.21995973511389436  0.22126643564675469  0.22257313617961499
  0.22387983671247533  0.22518653724533563  0.22649323777819597  0.22779993831105627
  0.22910663884391660  0.32434215459808147  0.42410038286974200  0.49810926342829281
  0.54039160119662499  0.60644441719017528  0.61307872031552302  0.61971302344087087
  0.62634732656621861  0.63298162969156635  0.63961593281691420  0.64625023594226194
  0.65288453906760979  0.65951884219295764  0.66615314531830550  0.75870321280769493
  0.79400756655251248  0.79750370868678311  0.80099985082105374  0.80449599295532437
  0.80799213508959500  0.81148827722386563  0.81460294247193155  0.81756226001145627
  0.82052157755098099  0.82348089509050570  0.82644021263003042  0.82939953016955514
  0.83235884770907986  0.90024177172832853  0.94285523555894546  1.00000000000000000
  0.00564258675850109  0.02373592148547803  0.02663850963762281  0.02954109778976758
  0.03244368594191235  0.03534627409405712  0.03824886224620189  0.04115145039834667
  0.04450066476503058  0.04794626507524841  0.05139186538546624  0.05483746569568406
  0.05828306600590188  0.06172866631611972  0.13266231700195003  0.17626509755145134
  0.19091695517872029  0.19551993676251583  0.20012291834631135  0.20472589993010687
  0.20932888151390239  0.21393186309769796  0.21853484468149353  0.22313782626528911
  0.22774080784908468  0.23234378943288023  0.23694677101667574  0.24154975260047126
  0.24615273418426678  0.26709037880136144  0.27724543151694109  0.28389668819870018
  0.29054794488045926  0.29719920156221824  0.30385045824397722  0.31050171492573625
  0.31715297160749523  0.32380422828925420  0.33045548497101324  0.39238913055319191
  0.49648474719549340  0.50502483953588817  0.51022529566925867  0.51542575180262917
  0.52062620793599967  0.52582666406937018  0.53102712020274068  0.53622757633611129
  0.54142803246948179  0.54662848860285229  0.55182894473622279  0.55702940086959329
  0.56222985700296380  0.66118826368384864  0.76528388032614991  0.79260118185984318
  0.79385295630838071  0.79510473075691812  0.79635650520545564  0.79760827965399306
  0.79886005410253058  0.80011182855106799  0.80136360299960552  0.80261537744814304
  0.80386715189668045  0.80511892634521798  0.80637070079375539  0.80762247524229291
  0.80887424969083033  0.81012602413936785  0.81137779858790526  0.81260029054415894
  0.81356917376287974  0.81453805698160064  0.81550694020032144  0.81647582341904223
  0.81744470663776303  0.81841358985648383  0.81938247307520473  0.82035135629392553
  0.82132023951264632  0.82228912273136712  0.82325800595008791  0.82422688916880882
  0.82519577238752961  0.82616465560625041  0.82713353882497120  0.82810242204369200
  0.82907130526241279  0.83004018848113370  0.83100907169985450  0.83197795491857529
  0.83294683813729609  0.89590438335769762  0.94889115561397164  1.00000000000000000
  0.00764958395982051  0.10968388334487571  0.11520110002308467  0.12071831670129364
  0.12639119096040019  0.13260348930589980  0.13881578765139937  0.14502808599689895
  0.16984925075623658  0.17471216108774676  0.17957507141925694  0.18443798175076712
  0.18930089208227732  0.19416380241378750  0.19902671274529768  0.20388962307680786
  0.20875253340831806  0.21361544373982830  0.21847835407133853  0.22334126440284877
  0.22820417473435900  0.30655676206025395  0.39607462932022058  0.39930340194888420
  0.40253217457754781  0.40576094720621142  0.40898971983487503  0.41221849246353864
  0.41544726509220231  0.41867603772086587  0.42190481034952948  0.42513358297819304
  0.42836235560685665  0.43159112823552020  0.43481990086418382  0.43804867349284737
  0.44127744612151099  0.44450621875017454  0.44773499137883815  0.45096376400750171
  0.45419253663616532  0.45742130926482893  0.52756613169586142  0.58834075905827043
  0.63416390584545257  0.66952270160928673  0.67382953899984754  0.67813637639040847
  0.68244321378096928  0.68675005117153021  0.68843934158491593  0.68957673776413331
  0.69071413394335079  0.69185153012256828  0.69298892630178566  0.69412632248100314
  0.69526371866022052  0.69640111483943801  0.69753851101865538  0.69867590719787287
  0.69981330337709025  0.70095069955630773  0.70208809573552511  0.70322549191474260
  0.70436288809396008  0.70550028427317746  0.70663768045239495  0.70777507663161232
  0.70878088234427616  0.70965984251680581  0.71053880268933534  0.71141776286186487
  0.71229672303439451  0.71317568320692404  0.71405464337945368  0.71493360355198321
  0.71581256372451274  0.71669152389704238  0.71757048406957191  0.71844944424210155
  0.71932840441463108  0.72020736458716061  0.72108632475969026  0.72196528493221979
  0.72284424510474932  0.72372320527727896  0.72460216544980849  0.72548112562233813
  0.72636008579486766  0.72723904596739719  0.72811800613992683  0.72899696631245636
  0.80702526963619914  0.90351263481809518  0.97673532702140220  1.00000000000000000
  0.00000000244312950  0.00000000273033673  0.00000000276501737  0.00000000279969801
  0.00000000283437865  0.00000000286905929  0.00000000290373993  0.00000000293842058
  0.00000000297310122  0.00000000300778186  0.00000000304246250  0.00000000307714314
  0.00000000311182378  0.00000000314650442  0.00000000318118506  0.00000000321586570
  0.00000000325054634  0.00000000328522698  0.00000000331990763  0.00000000335458827
  0.00000000338926891  0.00000000342394955  0.00000000347124763  0.00000000352846105
  0.00000000358567448  0.00000000364288790  0.00000000370010132  0.00000000375731474
  0.00000000381452816  0.00000000387174158  0.00000000392895500  0.00000000398616843
  0.00000000404338185  0.00000000410059527  0.00000000415780869  0.00000000421502211
  0.00000000427223553  0.00000000432944896  0.00000000438666238  0.00000001471030216
  0.00000005055473120  0.00000016973118707  0.00000018174228193  0.00000019375337680
  0.00000020576447166  0.00000021819566279  0.00000023351982931  0.00000024884399583
  0.00000026416816235  0.00000028048254504  0.00000030003364194  0.00000031958473884
  0.00000033913583575  0.00000045208122934  0.00000047271747504  0.00000049335372073
  0.00000051398996643  0.00000053462621212  0.00000055526245782  0.00000057670419504
  0.00000060303262463  0.00000062936105422  0.00000065568948382  0.00000068201791341
  0.00000070834634300  0.00000073568133586  0.00000076927204877  0.00000080286276169
  0.00000083645347460  0.00000087004418751  0.00000090363490043  0.00000110959008863
  0.00000253063274933  0.00000270224846267  0.00000287386417601  0.00000304547988935
  0.00000323482699821  0.00000345378020763  0.00000367273341706  0.00000389168662648
  0.00000413496102026  0.00000441430902975  0.00000469365703923  0.00000497300504871
  0.00000642485455608  0.00001504943250801  0.00005173695852291  0.00017781183985969
  0.00061094681999595  0.00209861534271473  0.00720696734093796  0.02474377436553967
  0.05155435247028334  0.05155435247029334  0.05155435247030334  1.00000000000000000
  0.00115254981296782  0.00134214819781838  0.00134808751374121  0.00135402682966405
  0.00135996614558689  0.00136590546150972  0.00137184477743256  0.00137778409335539
  0.00138372340927823  0.00138966272520107  0.00139560204112390  0.00140154135704674
  0.00140748067296958  0.00141341998889241  0.00141935930481525  0.00142529862073809
  0.00143123793666092  0.00143717725258376  0.00144311656850660  0.00144905588442943
  0.00145499520035227  0.00146093451627510  0.00146687383219794  0.00147334589756998
  0.00148034017279338  0.00148733444801678  0.00149432872324018  0.00150132299846358
  0.00150831727368698  0.00151531154891038  0.00152230582413378  0.00152930009935718
  0.00153629437458058  0.00154328864980399  0.00155028292502739  0.00155727720025079
  0.00156427147547419  0.00157126575069759  0.00157826002592099  0.00158525430114439
  0.00159224857636779  0.00161956401267811  0.00165256174883906  0.00168555948500001
  0.00171862077473198  0.00175418505777518  0.00178974934081839  0.00182531362386160
  0.00192936948127414  0.00224476526460798  0.00234025144416873  0.00236888121175080
  0.00239751097933286  0.00242614074691493  0.00245477051449699  0.00248340028207906
  0.00251311477374964  0.00254397134987303  0.00257482792599642  0.00260568450211981
  0.00263654107824319  0.00266739765436658  0.00269871084671449  0.00273196743139787
  0.00276522401608124  0.00279848060076462  0.00283173718544800  0.00286499377013138
  0.00289825035481476  0.00294461766185854  0.00299254947006290  0.00304048127826727
  0.00308841308647163  0.00313572053033261  0.00318027035873650  0.00322482018714040
  0.00326937001554429  0.00331391984394819  0.00335846967235208  0.00438443649745733
  0.00629663618929892  0.00904136566198226  0.01298040654360706  0.01865002335140440
  0.02679216009972887  0.03848310197171757  0.04016735794252090  0.04016735794253090
  0.04016735794254090  0.04016735794255090  0.04016735794256090  0.04016735794257090
  0.04016735794258090  0.04016735794259089  0.04016735794260089  1.00000000000000000
  0.02376651366551716  0.04261406886740392  0.04356147106814109  0.04450887326887827
  0.04545627546961545  0.04640367767035262  0.04735107987108980  0.04829848207182698
  0.04924588427256416  0.05019328647330133  0.05114068867403851  0.05208809087477569
  0.05303549307551286  0.05398289527625004  0.05493029747698722  0.05587769967772439
  0.05682510187846157  0.05777250407919875  0.05871990627993592  0.05966730848067311
  0.06061471068141028  0.06156211288214746  0.06251228501048131  0.06373548465121825
  0.06495868429195520  0.06618188393269214  0.06740508357342909  0.06862828321416603
  0.06985148285490297  0.07107468249563992  0.07229788213637686  0.07352108177711382
  0.07474428141785076  0.07596748105858771  0.07719068069932465  0.07841388034006160
  0.07963707998079855  0.08086027962153550  0.08208347926227244  0.08330667890300938
  0.12471025292716127  0.12945116240289067  0.13393302571780943  0.13841488903272817
  0.14289675234764693  0.14737861566256572  0.15186047897748450  0.15634234229240332
  0.16082420560732211  0.16530606892224092  0.16978793223715968  0.17426979555207844
  0.17875165886699720  0.18323352218191596  0.19234731734536561  0.21115874779040128
  0.21451629321800442  0.21787383864560755  0.22123138407321069  0.22458892950081383
  0.22794647492841699  0.23130402035602010  0.23466156578362321  0.23801911121122632
  0.24137665663882940  0.24473420206643251  0.24809174749403562  0.25144929292163870
  0.25480683834924184  0.25816438377684492  0.26152192920444806  0.26487947463205114
  0.26823702005965422  0.29370189400167451  0.39456761664889417  0.49543333929611411
  0.59629906194333393  0.69716478459055364  0.79803050723777358  0.89889622988499329
  0.92199703921094311  0.92846734463268865  0.93493765005443419  0.94140795547617973
  0.94787826089792526  0.95434856631967080  0.96005000616304648  0.96451881560945640
  0.96898762505586644  0.97345643450227648  0.97792524394868641  0.98235286862292681
  0.98676465146719505  0.99117643431146318  0.99558821715573143  1.00000000000000000
  0.12606709798177082  0.13063768505817216  0.13520827213457348  0.13977885921097483
  0.14434944628737617  0.14955440329217476  0.15506432459859287  0.16057424590501096
  0.16608416721142907  0.26095326144985664  0.31320446456603779  0.31458281162410184
  0.31596115868216584  0.31733950574022990  0.31871785279829395  0.32009619985635795
  0.32147454691442201  0.32285289397248601  0.32423124103055007  0.32560958808861412
  0.32698793514667812  0.32836628220474218  0.32974462926280618  0.33112297632087023
  0.33250132337893423  0.33387967043699829  0.33525801749506234  0.33663636455312640
  0.33801471161119045  0.33939305866925451  0.34077140572731851  0.34214975278538257
  0.34352809984344662  0.34490644690151068  0.34628479395957473  0.34766314101763879
  0.34904148807570279  0.35041983513376684  0.35179818219183090  0.35317652924989495
  0.35455487630795901  0.35593322336602301  0.35731157042408707  0.35868991748215107
  0.36006826454021512  0.36144661159827918  0.36282495865634318  0.36420330571440723
  0.36558165277247123  0.36695999983053529  0.36833834688859934  0.36971669394666334
  0.37109504100472740  0.37247338806279140  0.37385173512085546  0.39259948664959221
  0.40057534383047882  0.40546740420043448  0.41035946457039013  0.41525152494034578
  0.42014358531030138  0.42503564568025698  0.42992770605021258  0.43481976642016817
  0.43971182679012377  0.44460388716007937  0.44949594753003497  0.45438800789999056
  0.47873718691754957  0.58416995342221811  0.64036876063606962  0.70844653181368089
  0.71545182603851831  0.72245712026335562  0.72946241448819304  0.73646770871303024
  0.74347300293786756  0.75047829716270487  0.75748359138754218  0.76448888561237949
  0.77118145110834346  0.77487166876783276  0.77856188642732205  0.78225210408681134
  0.78594232174630063  0.78963253940578992  0.79306831586323578  0.79619156965537274
  0.79931482344750981  0.80243807723964677  0.80556133103178384  0.80868458482392080
  0.81180783861605776  0.89456723349532818  0.92307883898417165  1.00000000000000000
  0.21378391583760581  0.44015863872784849  0.44281727745569704  0.44547591618354554
  0.44813455491139403  0.45079319363924253  0.45345183236709102  0.45611047109493957
  0.45884811756999111  0.46198877646551040  0.46512943536102969  0.46827009425654903
  0.47141075315206832  0.47455141204758766  0.47769207094310695  0.52122100719870856
  0.52717897962729288  0.53313695205587719  0.53909492448446161  0.54505289691304581
  0.55101086934163013  0.55696884177021444  0.56292681419879864  0.56888478662738295
  0.57484275905596716  0.58080073148455147  0.58400853133482888  0.58518294764483825
  0.58635736395484761  0.58753178026485708  0.58870619657486645  0.58988061288487581
  0.59105502919488517  0.59222944550489454  0.59340386181490390  0.59457827812491326
  0.59575269443492262  0.59692711074493210  0.59810152705494146  0.59927594336495082
  0.60045035967496019  0.60162477598496955  0.60279919229497891  0.60397360860498828
  0.60511387507365710  0.60624742340225102  0.60738097173084504  0.60851452005943896
  0.60964806838803287  0.61078161671662690  0.61191516504522081  0.61304871337381484
  0.61418226170240875  0.61531581003100277  0.61644935835959669  0.61758290668819071
  0.61871645501678463  0.61985000334537865  0.62098355167397257  0.62211710000256659
  0.62325064833116051  0.62438419665975442  0.62550560239329012  0.62661256578404223
  0.62771952917479434  0.62882649256554646  0.62993345595629857  0.63104041934705069
  0.63214738273780280  0.63325434612855491  0.63436130951930703  0.63546827291005914
  0.63657523630081125  0.63768219969156326  0.63878916308231537  0.63989612647306748
  0.64100308986381960  0.64211005325457171  0.64321701664532382  0.64432398003607594
  0.64543094342682805  0.64802512814693858  0.65146868183288897  0.65491223551883937
  0.65835578920478965  0.66179934289074005  0.66524289657669045  0.66941595851551927
  0.67410325971884621  0.67879056092217327  0.68347786212550021  0.70020441829827773
  0.78973045287700838  0.87925648745573870  0.96276312064310987  1.00000000000000000
  0.00705712636311846  0.00982026307372661  0.01258339978433475  0.01534653649494289
  0.01810967320555103  0.02090224003493391  0.02572531800090973  0.03054839596688556
  0.03537147393286140  0.04019455189883723  0.11365036410188670  0.17003701666511520
  0.17693931576445779  0.18384161486380038  0.19074391396314297  0.19764621306248556
  0.20454851216182815  0.21145081126117077  0.21835311036051344  0.22525540945985612
  0.27406368455355090  0.29279740830593015  0.29415958614121979  0.29552176397650942
  0.29688394181179906  0.29824611964708869  0.29960829748237833  0.30097047531766796
  0.30233265315295760  0.30369483098824723  0.30505700882353687  0.30641918665882650
  0.30778136449411614  0.30914354232940577  0.31050572016469541  0.31186789799998504
  0.31323007583527462  0.31459225367056426  0.31595443150585389  0.31731660934114353
  0.31867878717643316  0.32004096501172280  0.32140314284701244  0.32276532068230207
  0.32412749851759171  0.32548967635288134  0.32685185418817098  0.32821403202346061
  0.32957620985875025  0.33093838769403988  0.33230056552932952  0.33366274336461915
  0.33502492119990879  0.33638709903519842  0.33774927687048806  0.33911145470577775
  0.34047363254106738  0.34183581037635702  0.34319798821164665  0.34456016604693629
  0.34592234388222598  0.34728452171751562  0.34864669955280525  0.35000887738809489
  0.35137105522338452  0.35273323305867421  0.35409541089396385  0.45235389220578487
  0.55596081489635185  0.65956773758691878  0.74358838539380623  0.75310887574803442
  0.75674894430559925  0.76038901286316396  0.76402908142072878  0.76766914997829361
  0.77130921853585832  0.77494928709342314  0.77858935565098797  0.78222942420855279
  0.78586949276611762  0.78950956132368244  0.79299028108773373  0.79623921348814253
  0.79948814588855133  0.80273707828896013  0.80598601068936893  0.80923494308977773
  0.81248387549018664  0.81618641873853448  0.81989122449452800  0.82359603025052153
  0.82730083600651505  0.82875073353449502  0.82875073353450501  1.00000000000000000
  0.03082877000172937  0.03306266284063394  0.03529655567953852  0.03753044851844309
  0.03976434135734766  0.04240533370529977  0.04738200620999306  0.05235867871468634
  0.05733535121937963  0.06231202372407292  0.17072718727694719  0.28320274251178923
  0.31486734485202006  0.31806852152762816  0.32126969820323620  0.32447087487884430
  0.32767205155445239  0.33087322823006043  0.33407440490566853  0.33727558158127668
  0.34047675825688478  0.34367793493249288  0.34687911160810103  0.35008028828370913
  0.35328146495931723  0.35648264163492532  0.35968381831053342  0.36288499498614152
  0.36608617166174962  0.36928734833735766  0.37248852501296575  0.39923314556795408
  0.51170870080279618  0.54487083021527483  0.54923826359451156  0.55360569697374828
  0.55797313035298512  0.56234056373222185  0.56670799711145858  0.57107543049069531
  0.57544286386993215  0.57981029724916888  0.58417773062840561  0.58854516400764245
  0.59291259738687929  0.59728003076611602  0.60164746414535286  0.65176459750983318
  0.76424015274467527  0.81344016312259337  0.81508688434629673  0.81673360557000008
  0.81838032679370343  0.82002704801740678  0.82167376924111013  0.82332049046481348
  0.82496721168851683  0.82661393291222018  0.82826065413592354  0.82990737535962689
  0.83155409658333024  0.83320081780703370  0.83484753903073705  0.83649426025444040
  0.83814098147814375  0.83978770270184711  0.84143442392555057  0.84308114514925392
  0.84472786637295727  0.84637458759666062  0.84802130882036408  0.84966803004406743
  0.85131475126777079  0.85296147249147414  0.85460819371517749  0.85625491493888095
  0.85790163616258430  0.85954835738628765  0.86119507860999100  0.86284179983369436
  0.86448852105739771  0.86613524228110106  0.86778196350480441  0.86942868472850776
  0.87107540595221111  0.87272212717591446  0.87436884839961782  0.89862518278588766
  0.90509533347404525  0.91156548416220295  0.91787237627707696  0.92357091840423178
  0.92926946053138648  0.93496800265854130  0.95667714277903237  1.00000000000000000
  0.08674531777699787  0.08769837376552667  0.08865142975405545  0.08960448574258424
  0.09055754173111302  0.09151059771964182  0.09246365370817061  0.09341670969669939
  0.09436976568522819  0.09532282167375697  0.09627587766228576  0.09722893365081456
  0.09818198963934334  0.09913504562787213  0.10008810161640092  0.10104115760492971
  0.10199421359345849  0.10294726958198729  0.10390032557051608  0.10521466952886532
  0.10666913835559305  0.10812360718232078  0.10957807600904849  0.11103254483577622
  0.11248701366250395  0.11394148248923168  0.11539595131595939  0.11685042014268712
  0.11830488896941485  0.11975935779614258  0.12121382662287031  0.12266829544959804
  0.12412276427632575  0.12559133528296992  0.12708133772855781  0.12857134017414568
  0.13006134261973357  0.13155134506532146  0.13304134751090932  0.13453134995649721
  0.13602135240208510  0.13751135484767299  0.13900135729326085  0.14049135973884874
  0.14198136218443663  0.14347136463002449  0.14496136707561239  0.14743749525296496
  0.15130491471851329  0.15517233418406165  0.15903975364960998  0.16290717311515834
  0.16677459258070670  0.17064201204625501  0.17450943151180331  0.17837685097735162
  0.18224427044289992  0.18611168990844823  0.18997910937399654  0.19384652883954484
  0.19771394830509317  0.20158136777064148  0.20544878723618978  0.23471811271778478
  0.25614634973241024  0.26335358495668887  0.27056082018096750  0.27776805540524618
  0.28497529062952487  0.29218252585380355  0.29938976107808218  0.30659699630236081
  0.33128724832489992  0.43510632885531897  0.53892540938573796  0.60884122638887073
  0.66349304926155039  0.76731212979196917  0.87113121032238827  0.91952058714577012
  0.92460420032502588  0.92968781350428153  0.93477142668353719  0.93985503986279284
  0.94493865304204860  0.95002226622130426  0.95510587940055991  0.95995692781469832
  0.96440359709637558  0.96885026637805283  0.97329693565973008  0.97774360494140733
  0.98301617195914970  0.98867744797276624  0.99433872398638268  1.00000000000000000
  0.01999026139577226  0.17050503604290088  0.17434340541913501  0.17818177479536915
  0.18202014417160328  0.18585851354783742  0.19003549130525244  0.19446547347369320
  0.19889545564213393  0.20332543781057469  0.20775541997901542  0.27109886737285199
  0.27235102074709161  0.27360317412133117  0.27485532749557079  0.27610748086981041
  0.27735963424404997  0.27861178761828959  0.27986394099252915  0.28111609436676877
  0.28236824774100838  0.28362040111524794  0.28487255448948756  0.28612470786372712
  0.28737686123796674  0.28862901461220636  0.28988116798644592  0.29113332136068554
  0.29233405128251705  0.29349662573813962  0.29465920019376218  0.29582177464938475
  0.29698434910500726  0.29814692356062983  0.29930949801625240  0.30047207247187491
  0.30163464692749747  0.30279722138312004  0.30395979583874261  0.30512237029436517
  0.30628494474998769  0.30744751920561025  0.30861009366123282  0.30977266811685539
  0.31093524257247790  0.31209781702810047  0.31326039146483753  0.31442296589158575
  0.31558554031833397  0.31674811474508219  0.31791068917183041  0.31907326359857868
  0.32023583802532690  0.32139841245207512  0.32256098687882334  0.32372356130557156
  0.32488613573231978  0.32604871015906800  0.32721128458581622  0.32837385901256444
  0.32953643343931266  0.33069900786606093  0.33186158229280915  0.33302415671955737
  0.33578800105777845  0.33913196782125637  0.34247593458473435  0.34581990134821228
  0.34916386811169026  0.35250783487516818  0.37448641295528584  0.46884870398478967
  0.56390818439002610  0.65896766479526259  0.75402714520049907  0.77493954736387038
  0.77992763873792759  0.78491573011198490  0.78990382148604210  0.79489191286009930
  0.79988000423415651  0.80486809560821371  0.80985618698227091  0.81484427835632811
  0.81983236973038531  0.82482046110444251  0.82980855247849972  0.86122005937696222
  0.95627953978219860  0.96453484567773828  0.97087330261651217  0.97721175955528594
  0.98306957980218723  0.98871305320145808  0.99435652660072904  1.00000000000000000
 -0.00388741890589395  0.00320205530047220  0.00640411060094440  0.00960616590141660
  0.01280822120188880  0.01601027650236100  0.01921233180283320  0.02233545636491020
  0.02537765588182295  0.02841985539873570  0.03146205491564846  0.03450425443256121
  0.03754645394947396  0.04058865346638671  0.04443288606857789  0.04871730209210239
  0.05300171811562688  0.05728613413915137  0.06157055016267587  0.06585496618620036
  0.07013938220972485  0.07442379823324935  0.07870821425677384  0.08299263028029834
  0.11997939091691048  0.18030120543865180  0.27861268286590551  0.37692416029315934
  0.43803315705597223  0.43942217446868298  0.44081119188139367  0.44220020929410436
  0.44358922670681505  0.44497824411952580  0.44636726153223649  0.44775627894494718
  0.44914529635765787  0.45053431377036862  0.45192333118307931  0.45331234859579000
  0.45470136600850070  0.45609038342121144  0.45747940083392213  0.45886841824663283
  0.46025743565934357  0.46164645307205426  0.46303547048476501  0.46442448789747570
  0.46581350531018645  0.46720252272289714  0.46859154013560789  0.46998055754831858
  0.47136957496102933  0.47275859237374002  0.47414760978645076  0.47553662719916145
  0.47692564461187220  0.47831466202458295  0.47970367943729364  0.48109269685000433
  0.48248171426271502  0.48387073167542577  0.48525974908813646  0.48664876650084715
  0.48803778391355790  0.48942680132626859  0.49081581873897928  0.49220483615168997
  0.49359385356440072  0.49498287097711141  0.49637188838982210  0.49776090580253279
  0.49914992321524354  0.52131680253963897  0.52406238516149917  0.52680796778335948
  0.52955355040521968  0.53229913302707987  0.53504471564894018  0.53779029827080038
  0.54053588089266069  0.54300754968818943  0.54528740620805594  0.54756726272792233
  0.54984711924778884  0.55212697576765524  0.55440683228752174  0.55668668880738825
  0.55896654532725465  0.56124640184712116  0.60675409029097194  0.70506556771822559
  0.80337704514547947  0.86227316061655690  0.86227316061656689  1.00000000000000000
  0.14467179377873735  0.27499871864676168  0.27916410396019009  0.28332948927361851
  0.28749487458704692  0.29166025990047534  0.29646495625372160  0.30127063744406413
  0.30607631863440660  0.31088199982474912  0.31568768183473345  0.32049336426075081
  0.32529904668676818  0.33010472911278560  0.36702308153287649  0.46968268985031975
  0.57234229816776294  0.58657482444160214  0.59020496938765732  0.59383511433371250
  0.59746525927976768  0.60109540422582275  0.60472554917187793  0.60835569411793311
  0.61198583906398818  0.61561598401004336  0.61924612895609843  0.62287627390215361
  0.62552518164663662  0.62679075629247039  0.62805633093830415  0.62932190558413792
  0.63058748022997169  0.63185305487580534  0.63311862952163911  0.63438420416747288
  0.63564977881330664  0.63691535345914041  0.63818092810497407  0.63944650275080783
  0.64071207739664160  0.64197765204247537  0.64324322668830913  0.64450880133414279
  0.64577437597997656  0.64713267645390227  0.64849550766797748  0.64985833888205269
  0.65122117009612790  0.65258400131020311  0.65394683252427832  0.65530966373835353
  0.65667249495242874  0.65803532616650384  0.65939815738057905  0.66076098859465426
  0.66212381980872947  0.66348665102280469  0.66484948223687990  0.66621231345095511
  0.66757514466503032  0.66893797587910542  0.67030080709318063  0.67166363830725584
  0.67302646952133105  0.67438930073540626  0.67575213194948136  0.67711496316355657
  0.67847779437763178  0.67984062559170699  0.68120345680578209  0.68256628801985730
  0.68392911923393251  0.68529195044800773  0.68665478166208282  0.72649084096229144
  0.77473607248707232  0.78160633118189937  0.78847658987672642  0.79534684857155347
  0.80221710726638040  0.80908736596120734  0.81595762465603439  0.82282788335086132
  0.82969814204568837  0.88167368959268377  0.93996784478712236  0.94537741427164612
  0.95078698375616977  0.95619655324069353  0.96058919604032533  0.96431789489619490
  0.96804659375206448  0.97177529260793394  0.97474730412165322  1.00000000000000000
  0.00358095370890011  0.00384141804620996  0.00410188238351981  0.00436234672082966
  0.00462281105813950  0.00488327539544935  0.00514373973275920  0.00540420407006905
  0.00566466840737890  0.00592513274468874  0.00618559708199859  0.00644606141930844
  0.00670652575661829  0.00696699009392814  0.00722745443123799  0.00748791876854784
  0.00774838310585769  0.00800884744316754  0.00826931178047739  0.00852977611778724
  0.00879024045509708  0.00905070479240693  0.00931116912971679  0.00957163346702663
  0.00983209780433648  0.01009256214164633  0.01035302647895618  0.01061349081626603
  0.01087395515357588  0.01113441949088573  0.01139488382819558  0.01165534816550543
  0.01191581250281528  0.01217627684012513  0.01243674117743498  0.01269720551474483
  0.01295766985205468  0.01321813418936453  0.01347859852667438  0.01373906286398423
  0.01399952720129408  0.01425999153860393  0.01452045587591378  0.01478092021322363
  0.01504138455053348  0.01530184888784333  0.01556231322515318  0.01582277756246303
  0.01608324189977288  0.01634370623708273  0.01660417057439258  0.01686463491170243
  0.01712509924901228  0.01738556358632213  0.01764602792363197  0.01790649226094182
  0.01816695659825168  0.01842742093556152  0.01868788527287137  0.01894834961018122
  0.01920881394749107  0.01946927828480092  0.01972974262211077  0.01999020695942062
  0.02025067129673047  0.02051113563404032  0.02077159997135017  0.03003133722369452
  0.03003133722370452  0.03003133722371452  0.03003133722372452  0.03003133722373452
  0.03003133722374452  0.03003133722375452  0.03003133722376452  0.03003133722377451
  0.03003133722378451  0.03003133722379451  0.03003133722380451  0.03003133722381451
  0.03003133722382451  0.03003133722383451  0.03003133722384451  0.03003133722385451
  0.03003133722386451  0.03003133722387450  0.03003133722388450  0.03003133722389450
  0.03003133722390450  0.03003133722391450  0.03003133722392450  0.03003133722393450
  0.03003133722394450  0.03003133722395450  0.03003133722396449  1.00000000000000000
  0.02326219876607258  0.23327797022451546  0.23738927378236419  0.24150057734021291
  0.24561188089806166  0.24972318445591038  0.25442712102308551  0.25917384036291069
  0.26392055970273592  0.26866727904256110  0.32646396615783230  0.42878759037696812
  0.53111121459610389  0.54776291585735426  0.55456037402535829  0.56135783219336244
  0.56360008347032731  0.56492234473244518  0.56624460599456294  0.56756686725668071
  0.56888912851879847  0.57021138978091623  0.57153365104303400  0.57285591230515176
  0.57417817356726952  0.57550043482938729  0.57682269609150505  0.57814495735362292
  0.57946721861574069  0.58078947987785845  0.58211174113997621  0.58343400240209398
  0.58475626366421174  0.58607852492632961  0.58740078618844738  0.58872304745056514
  0.59004530871268290  0.59136756997480067  0.59268983123691854  0.59401209249903630
  0.59533435376115407  0.59665661502327183  0.59797887628538970  0.59930113754750747
  0.60062339880962523  0.60194566007174299  0.60326792133386087  0.60459495908076599
  0.60593213303061588  0.60726930698046588  0.60860648093031589  0.60994365488016578
  0.61128082883001578  0.61261800277986567  0.61395517672971567  0.61529235067956556
  0.61662952462941556  0.61796669857926556  0.61930387252911545  0.62064104647896545
  0.62197822042881534  0.62331539437866534  0.62465256832851523  0.70073735412404559
  0.75341407239418057  0.75999782323382103  0.76658157407346139  0.77316532491310186
  0.77974907575274233  0.78633282659238279  0.79291657743202326  0.79950032827166373
  0.80608407911130409  0.81510838680737463  0.87648475838760609  0.88006521228630763
  0.88364566618500917  0.88722612008371071  0.89080657398241214  0.89438702788111368
  0.89796748177981522  0.90154793567851688  0.90512838957721842  0.90870884347591996
  0.91228929737462150  0.91586975127332304  0.91945020517202458  0.92303065907072612
  0.92661111296942766  0.93019156686812920  0.93377202076683075  0.93735247466553229
  0.96707338672296894  0.97864663261308160  0.98934392239871183  1.00000000000000000
  0.22034596999486289  0.28398023614208867  0.35673818690345266  0.37794903989741296
  0.38172255152102408  0.38549606314463525  0.38926957476824636  0.39304308639185753
  0.39681659801546865  0.40059010963907987  0.40436362126269104  0.40813713288630221
  0.41191064450991338  0.41568415613352455  0.41945766775713572  0.42323117938074684
  0.42700469100435801  0.43077820262796912  0.43455171425158029  0.45577851728120755
  0.50155416347607273  0.50485441826123600  0.50815467304639939  0.51145492783156277
  0.51475518261672615  0.51805543740188953  0.52135569218705291  0.52465594697221629
  0.52795620175737978  0.53125645654254317  0.53455671132770655  0.53785696611286993
  0.54115722089803331  0.54445747568319669  0.54775773046836007  0.55105798525352345
  0.55435824003868683  0.55765849482385021  0.56095874960901360  0.58360081046711243
  0.58454351141682759  0.58548621236654275  0.58642891331625790  0.58737161426597306
  0.58831431521568811  0.58925701616540327  0.59019971711511843  0.59114241806483359
  0.59208511901454874  0.59302781996426390  0.59397052091397895  0.59491322186369411
  0.59585592281340927  0.59679862376312443  0.59774132471283958  0.59868402566255474
  0.59962672661226990  0.60056942756198495  0.60151212851170011  0.60245482946141526
  0.60339753041113042  0.60430032681541757  0.60502628983319950  0.60575225285098144
  0.60647821586876349  0.60720417888654543  0.60793014190432737  0.60865610492210931
  0.60938206793989125  0.61010803095767330  0.61083399397545524  0.61155995699323717
  0.61228592001101911  0.61301188302880116  0.61373784604658310  0.61446380906436504
  0.61518977208214698  0.61591573509992892  0.61664169811771097  0.61736766113549291
  0.61809362415327485  0.61881958717105678  0.61954555018883872  0.62027151320662077
  0.62099747622440271  0.62172343924218465  0.62244940225996659  0.62317536527774853
  0.62390132829553058  0.62462729131331252  0.66567118411300286  0.74925338808475084
  0.83283559205649871  0.84526414076487222  0.84526414076488221  1.00000000000000000
   5.6195416796504355E-015  -1.0000000000000000     
 F F F F F F F F F F F F F F F F F F F F F F F F F F F F F F F F F F F F F F F F F F F F F F F F F F F F F F F F F F F F F F F F F F F F F F F F F F F F F F F F F F F F F F F F F F F F F F F F F F F F F F F F F F F F F F F F F F F F F F F F F F F F F F F F F F F F F F F F F F F F F F F F F F F F F F F F F F F F F F F F F F F F F F F F F F F F F F F F F F F F F F F F F F F F F F F F F F F F F F F F F F F F F F F F F F F F F F F F F F F F F F F F F F F F F F F F F F F F F F F F F F F F F F F F F F F F F F F F F F F F F F F F F F F F F F F F F F F F F F F F F F F F F F F F F F F F F F F F F F F F F F F F F F F F F F F F F F F F F F F F F F F F F F F F F F F F F F F F F F F F F F F F F F F F F F F F F F F F F F F F F F F F F F F F F F F F F F F F F F F F F F F F F F F F F F F F F F F F F F F F F F F F F F F F F F F F F F F F F F F F F F F F F F F F F F F F F F F F F F F F F F F F F F F F F F F F F F F F F F F F F F F F F F F F F F F F F F F F F F F F F F F F F F F F F F F F F F F F F F F F F F F F F F F F F F F F
  <DiscreteSampler_grid>
  grouped_processes
  1 # 1 for a reference and 2 for a running grid.
  10 # Attribute 'min_bin_probing_points' of the grid.
  1 # Attribute 'grid_mode' of the grid. 1=='default',2=='initialization'
  0.0000000000000000 # Attribute 'small_contrib_threshold' of the grid.
  0.5000000000000000 # Attribute 'damping_power' of the grid.
 # binID   n_entries weight   weight_sqr   abs_weight
    10   10   1.134129221662957E+000   1.286228311886283E+001   1.134129221662957E+000
  </DiscreteSampler_grid>
